subNo index block mean periodicity testLevel pressedKey answer isCorrect rt s1 s2 s3 s4 s5 s6 t1 t2 t3 t4 t5 seqDuration startInterval trialDuration 
17.0000 50.0000 1.0000 2.0000 0.0000 -9.0000 8 1.0000 1.0000 2.7830 -8.0000 4.0000 12.0000 0.0000 8.0000 -4.0000 0.2945 0.2360 0.2104 0.3128 0.2035 1.2571 1.8443 3.3496 
17.0000 47.0000 1.0000 2.0000 1.0000 3.0000 2 -1.0000 1.0000 1.6460 12.0000 0.0000 -4.0000 4.0000 -8.0000 8.0000 0.2500 0.2500 0.2500 0.2500 0.2500 1.2500 1.8616 3.3592 
17.0000 12.0000 1.0000 -4.0000 0.0000 3.0000 2 -1.0000 1.0000 3.1440 -14.0000 -6.0000 6.0000 -10.0000 2.0000 -2.0000 0.3419 0.1897 0.2178 0.1667 0.3356 1.2517 1.7778 3.2775 
17.0000 66.0000 1.0000 4.0000 0.0000 -3.0000 2 -1.0000 0.0000 2.9480 14.0000 6.0000 -2.0000 10.0000 -6.0000 2.0000 0.2418 0.3411 0.2840 0.1618 0.2135 1.2422 1.7833 3.2681 
17.0000 48.0000 1.0000 2.0000 1.0000 6.0000 2 -1.0000 1.0000 2.3720 -8.0000 0.0000 8.0000 -4.0000 12.0000 4.0000 0.2500 0.2500 0.2500 0.2500 0.2500 1.2500 1.9115 3.4093 
17.0000 11.0000 1.0000 -4.0000 0.0000 0.0000 8 1.0000 0.0000 2.6570 2.0000 -6.0000 -14.0000 -2.0000 -10.0000 6.0000 0.1565 0.3787 0.3070 0.2593 0.1579 1.2594 1.7760 3.2853 
17.0000 45.0000 1.0000 2.0000 1.0000 -3.0000 2 -1.0000 0.0000 1.5870 0.0000 8.0000 12.0000 -8.0000 4.0000 -4.0000 0.2500 0.2500 0.2500 0.2500 0.2500 1.2500 1.8966 3.4093 
17.0000 39.0000 1.0000 0.0000 0.0000 0.0000 2 -1.0000 0.0000 3.5090 10.0000 -2.0000 -10.0000 2.0000 -6.0000 6.0000 0.1732 0.3908 0.2107 0.2874 0.1823 1.2444 1.7518 3.2536 
17.0000 51.0000 1.0000 2.0000 0.0000 -6.0000 8 1.0000 1.0000 3.7620 12.0000 0.0000 -8.0000 4.0000 -4.0000 8.0000 0.3234 0.2333 0.3106 0.1719 0.2183 1.2575 1.7804 3.2999 
17.0000 9.0000 1.0000 -4.0000 0.0000 -6.0000 8 1.0000 1.0000 1.5800 -10.0000 -2.0000 2.0000 -6.0000 6.0000 -14.0000 0.3226 0.2027 0.3036 0.1620 0.2572 1.2480 1.9632 3.4571 
17.0000 3.0000 1.0000 -4.0000 1.0000 -3.0000 8 1.0000 1.0000 2.9140 6.0000 -2.0000 -14.0000 2.0000 -10.0000 -6.0000 0.2500 0.2500 0.2500 0.2500 0.2500 1.2500 1.9291 3.4259 
17.0000 22.0000 1.0000 -2.0000 0.0000 -9.0000 8 1.0000 1.0000 2.8990 -8.0000 0.0000 8.0000 -4.0000 4.0000 -12.0000 0.2915 0.2113 0.2521 0.1601 0.3347 1.2498 1.9190 3.4257 
17.0000 37.0000 1.0000 0.0000 0.0000 -6.0000 8 1.0000 1.0000 1.9320 -2.0000 6.0000 10.0000 -10.0000 2.0000 -6.0000 0.2594 0.1849 0.2546 0.2001 0.3465 1.2455 1.8612 3.3549 
17.0000 32.0000 1.0000 0.0000 1.0000 0.0000 2 -1.0000 0.0000 4.2170 2.0000 -6.0000 -10.0000 10.0000 -2.0000 6.0000 0.2500 0.2500 0.2500 0.2500 0.2500 1.2500 1.8143 3.3092 
17.0000 19.0000 1.0000 -2.0000 1.0000 3.0000 NR 0.0000 0.0000 0.0000 -12.0000 -4.0000 4.0000 -8.0000 8.0000 0.0000 0.2500 0.2500 0.2500 0.2500 0.2500 1.2500 1.8949 3.3926 
17.0000 55.0000 1.0000 2.0000 0.0000 6.0000 2 -1.0000 1.0000 2.3490 -4.0000 8.0000 12.0000 -8.0000 4.0000 0.0000 0.1676 0.3061 0.1803 0.2614 0.3272 1.2426 1.7915 3.2852 
17.0000 38.0000 1.0000 0.0000 0.0000 -3.0000 8 1.0000 1.0000 4.1860 6.0000 -2.0000 -6.0000 2.0000 -10.0000 10.0000 0.2761 0.1899 0.2308 0.3576 0.1981 1.2524 1.7570 3.2617 
17.0000 18.0000 1.0000 -2.0000 1.0000 0.0000 8 1.0000 0.0000 2.9470 -12.0000 0.0000 8.0000 -4.0000 4.0000 -8.0000 0.2500 0.2500 0.2500 0.2500 0.2500 1.2500 1.8402 3.3426 
17.0000 25.0000 1.0000 -2.0000 0.0000 0.0000 2 -1.0000 0.0000 3.4690 8.0000 -4.0000 -8.0000 0.0000 -12.0000 4.0000 0.2867 0.3684 0.1972 0.1567 0.2459 1.2549 1.7587 3.2641 
17.0000 8.0000 1.0000 -4.0000 0.0000 -9.0000 8 1.0000 1.0000 1.8170 6.0000 -6.0000 -14.0000 -2.0000 -10.0000 2.0000 0.2664 0.1595 0.3702 0.2545 0.2084 1.2590 1.8675 3.3681 
17.0000 13.0000 1.0000 -4.0000 0.0000 6.0000 2 -1.0000 1.0000 2.4680 6.0000 -6.0000 -10.0000 -2.0000 -14.0000 2.0000 0.2020 0.2418 0.3054 0.3361 0.1617 1.2470 1.9838 3.4731 
17.0000 69.0000 1.0000 4.0000 0.0000 6.0000 2 -1.0000 1.0000 2.6950 2.0000 10.0000 14.0000 -6.0000 6.0000 -2.0000 0.2054 0.2356 0.3126 0.2064 0.2987 1.2587 1.8633 3.3679 
17.0000 46.0000 1.0000 2.0000 1.0000 0.0000 2 -1.0000 0.0000 1.9880 -4.0000 4.0000 12.0000 0.0000 8.0000 -8.0000 0.2500 0.2500 0.2500 0.2500 0.2500 1.2500 1.8374 3.3260 
17.0000 26.0000 1.0000 -2.0000 0.0000 3.0000 2 -1.0000 1.0000 3.7270 4.0000 -8.0000 -12.0000 8.0000 -4.0000 0.0000 0.2528 0.1753 0.2367 0.3350 0.2566 1.2563 1.9483 3.4657 
17.0000 2.0000 1.0000 -4.0000 1.0000 -6.0000 8 1.0000 1.0000 2.4100 2.0000 -6.0000 -10.0000 -2.0000 -14.0000 6.0000 0.2500 0.2500 0.2500 0.2500 0.2500 1.2500 1.9791 3.4925 
17.0000 29.0000 1.0000 0.0000 1.0000 -9.0000 8 1.0000 1.0000 1.6140 10.0000 2.0000 -10.0000 6.0000 -6.0000 -2.0000 0.2500 0.2500 0.2500 0.2500 0.2500 1.2500 1.7779 3.2759 
17.0000 67.0000 1.0000 4.0000 0.0000 0.0000 2 -1.0000 0.0000 1.6380 14.0000 6.0000 -2.0000 10.0000 -6.0000 2.0000 0.1803 0.3098 0.1973 0.3110 0.2602 1.2585 1.7765 3.2844 
17.0000 49.0000 1.0000 2.0000 1.0000 9.0000 2 -1.0000 1.0000 1.5530 12.0000 4.0000 -8.0000 8.0000 -4.0000 0.0000 0.2500 0.2500 0.2500 0.2500 0.2500 1.2500 1.7626 3.2591 
17.0000 68.0000 1.0000 4.0000 0.0000 3.0000 2 -1.0000 1.0000 2.7640 14.0000 6.0000 -6.0000 10.0000 -2.0000 2.0000 0.3132 0.2658 0.1664 0.3123 0.1873 1.2450 1.9869 3.4876 
17.0000 28.0000 1.0000 -2.0000 0.0000 9.0000 2 -1.0000 1.0000 2.7760 -12.0000 0.0000 4.0000 -4.0000 8.0000 -8.0000 0.2758 0.1840 0.3816 0.1618 0.2426 1.2458 1.7570 3.2550 
17.0000 40.0000 1.0000 0.0000 0.0000 3.0000 2 -1.0000 1.0000 3.3780 6.0000 -2.0000 -6.0000 2.0000 -10.0000 10.0000 0.3580 0.2079 0.3147 0.1746 0.2015 1.2566 1.8492 3.3491 
17.0000 1.0000 1.0000 -4.0000 1.0000 -9.0000 NR 0.0000 0.0000 1.7240 2.0000 -6.0000 -10.0000 -2.0000 -14.0000 6.0000 0.2500 0.2500 0.2500 0.2500 0.2500 1.2500 1.7820 3.2758 
17.0000 70.0000 1.0000 4.0000 0.0000 9.0000 2 -1.0000 1.0000 1.3990 -6.0000 2.0000 14.0000 -2.0000 10.0000 6.0000 0.2629 0.1685 0.2256 0.1844 0.3997 1.2413 1.9017 3.3838 
17.0000 61.0000 1.0000 4.0000 1.0000 3.0000 8 1.0000 0.0000 3.5650 10.0000 2.0000 -6.0000 6.0000 -2.0000 14.0000 0.2500 0.2500 0.2500 0.2500 0.2500 1.2500 1.8733 3.3759 
17.0000 4.0000 1.0000 -4.0000 1.0000 0.0000 8 1.0000 0.0000 1.9780 -10.0000 -2.0000 6.0000 -6.0000 2.0000 -14.0000 0.2500 0.2500 0.2500 0.2500 0.2500 1.2500 1.9345 3.4427 
17.0000 20.0000 1.0000 -2.0000 1.0000 6.0000 2 -1.0000 1.0000 1.4700 -12.0000 -4.0000 8.0000 -8.0000 4.0000 0.0000 0.2500 0.2500 0.2500 0.2500 0.2500 1.2500 1.9366 3.4426 
17.0000 59.0000 1.0000 4.0000 1.0000 -3.0000 2 -1.0000 0.0000 4.1420 -6.0000 2.0000 14.0000 -2.0000 10.0000 6.0000 0.2500 0.2500 0.2500 0.2500 0.2500 1.2500 1.7898 3.2925 
17.0000 62.0000 1.0000 4.0000 1.0000 6.0000 2 -1.0000 1.0000 1.3040 -6.0000 6.0000 14.0000 2.0000 10.0000 -2.0000 0.2500 0.2500 0.2500 0.2500 0.2500 1.2500 1.8372 3.3426 
17.0000 44.0000 1.0000 2.0000 1.0000 -6.0000 8 1.0000 1.0000 1.3330 -8.0000 4.0000 8.0000 0.0000 12.0000 -4.0000 0.2500 0.2500 0.2500 0.2500 0.2500 1.2500 1.9942 3.4927 
17.0000 65.0000 1.0000 4.0000 0.0000 -6.0000 2 -1.0000 0.0000 1.4580 -2.0000 6.0000 10.0000 2.0000 14.0000 -6.0000 0.2162 0.1820 0.3918 0.2473 0.2082 1.2455 1.9977 3.4881 
17.0000 56.0000 1.0000 2.0000 0.0000 9.0000 2 -1.0000 1.0000 1.8590 -4.0000 4.0000 12.0000 0.0000 8.0000 -8.0000 0.2233 0.3027 0.2270 0.3063 0.1811 1.2403 1.9985 3.4829 
17.0000 30.0000 1.0000 0.0000 1.0000 -6.0000 8 1.0000 1.0000 1.1830 -10.0000 2.0000 6.0000 -2.0000 10.0000 -6.0000 0.2500 0.2500 0.2500 0.2500 0.2500 1.2500 1.8925 3.3927 
17.0000 52.0000 1.0000 2.0000 0.0000 -3.0000 2 -1.0000 0.0000 1.4110 -8.0000 4.0000 12.0000 0.0000 8.0000 -4.0000 0.1938 0.3455 0.1623 0.2145 0.3305 1.2467 1.8233 3.3059 
17.0000 10.0000 1.0000 -4.0000 0.0000 -3.0000 8 1.0000 1.0000 1.8100 6.0000 -2.0000 -10.0000 2.0000 -14.0000 -6.0000 0.1949 0.2504 0.2048 0.3518 0.2403 1.2422 1.8357 3.3347 
17.0000 24.0000 1.0000 -2.0000 0.0000 -3.0000 2 -1.0000 0.0000 1.2720 4.0000 -4.0000 -8.0000 0.0000 -12.0000 8.0000 0.2581 0.1835 0.2509 0.3338 0.2267 1.2530 1.8287 3.3456 
17.0000 6.0000 1.0000 -4.0000 1.0000 6.0000 2 -1.0000 1.0000 1.9080 2.0000 -6.0000 -10.0000 -2.0000 -14.0000 6.0000 0.2500 0.2500 0.2500 0.2500 0.2500 1.2500 1.9148 3.4258 
17.0000 31.0000 1.0000 0.0000 1.0000 -3.0000 8 1.0000 1.0000 1.8590 6.0000 -6.0000 -10.0000 10.0000 -2.0000 2.0000 0.2500 0.2500 0.2500 0.2500 0.2500 1.2500 1.9085 3.4092 
17.0000 14.0000 1.0000 -4.0000 0.0000 9.0000 2 -1.0000 1.0000 4.0040 2.0000 -6.0000 -10.0000 -2.0000 -14.0000 6.0000 0.3216 0.2424 0.3073 0.1749 0.2048 1.2511 1.7905 3.2936 
17.0000 54.0000 1.0000 2.0000 0.0000 3.0000 2 -1.0000 1.0000 2.2090 -4.0000 8.0000 12.0000 -8.0000 4.0000 0.0000 0.3624 0.2395 0.1853 0.2594 0.1982 1.2448 1.8679 3.3540 
17.0000 16.0000 1.0000 -2.0000 1.0000 -6.0000 8 1.0000 1.0000 1.3210 4.0000 -4.0000 -8.0000 0.0000 -12.0000 8.0000 0.2500 0.2500 0.2500 0.2500 0.2500 1.2500 1.8111 3.3092 
17.0000 60.0000 1.0000 4.0000 1.0000 0.0000 2 -1.0000 0.0000 1.4980 -2.0000 6.0000 10.0000 2.0000 14.0000 -6.0000 0.2500 0.2500 0.2500 0.2500 0.2500 1.2500 1.7568 3.2592 
17.0000 15.0000 1.0000 -2.0000 1.0000 -9.0000 8 1.0000 1.0000 2.0040 -4.0000 4.0000 8.0000 -12.0000 0.0000 -8.0000 0.2500 0.2500 0.2500 0.2500 0.2500 1.2500 1.8617 3.3592 
17.0000 64.0000 1.0000 4.0000 0.0000 -9.0000 8 1.0000 1.0000 2.4740 14.0000 6.0000 -2.0000 10.0000 -6.0000 2.0000 0.1882 0.1523 0.3527 0.3836 0.1714 1.2481 1.9121 3.4074 
17.0000 23.0000 1.0000 -2.0000 0.0000 -6.0000 8 1.0000 1.0000 1.7700 -12.0000 -4.0000 4.0000 -8.0000 8.0000 0.0000 0.1734 0.3331 0.2094 0.3262 0.2084 1.2505 1.9007 3.4098 
17.0000 33.0000 1.0000 0.0000 1.0000 3.0000 2 -1.0000 1.0000 1.2500 10.0000 2.0000 -10.0000 6.0000 -6.0000 -2.0000 0.2500 0.2500 0.2500 0.2500 0.2500 1.2500 1.8715 3.3759 
17.0000 53.0000 1.0000 2.0000 0.0000 0.0000 8 1.0000 0.0000 1.4520 -8.0000 0.0000 8.0000 -4.0000 12.0000 4.0000 0.1781 0.3645 0.3102 0.1756 0.2247 1.2531 1.9414 3.4458 
17.0000 21.0000 1.0000 -2.0000 1.0000 9.0000 2 -1.0000 1.0000 1.9220 -12.0000 -4.0000 4.0000 -8.0000 8.0000 0.0000 0.2500 0.2500 0.2500 0.2500 0.2500 1.2500 1.8605 3.3593 
17.0000 41.0000 1.0000 0.0000 0.0000 6.0000 2 -1.0000 1.0000 1.6690 10.0000 2.0000 -10.0000 6.0000 -6.0000 -2.0000 0.1555 0.1934 0.1667 0.3426 0.3919 1.2501 1.8472 3.3426 
17.0000 7.0000 1.0000 -4.0000 1.0000 9.0000 2 -1.0000 1.0000 1.8540 -14.0000 -2.0000 6.0000 -6.0000 2.0000 -10.0000 0.2500 0.2500 0.2500 0.2500 0.2500 1.2500 1.9469 3.4426 
17.0000 27.0000 1.0000 -2.0000 0.0000 6.0000 2 -1.0000 1.0000 1.4990 8.0000 -4.0000 -12.0000 0.0000 -8.0000 4.0000 0.3981 0.1998 0.2311 0.1727 0.2521 1.2538 1.9010 3.3963 
17.0000 42.0000 1.0000 0.0000 0.0000 9.0000 2 -1.0000 1.0000 1.2410 10.0000 2.0000 -10.0000 6.0000 -6.0000 -2.0000 0.2693 0.2396 0.2652 0.2083 0.2675 1.2499 1.9602 3.4593 
17.0000 58.0000 1.0000 4.0000 1.0000 -6.0000 2 -1.0000 0.0000 2.5770 -2.0000 10.0000 14.0000 -6.0000 6.0000 2.0000 0.2500 0.2500 0.2500 0.2500 0.2500 1.2500 1.8391 3.3425 
17.0000 36.0000 1.0000 0.0000 0.0000 -9.0000 8 1.0000 1.0000 1.9760 10.0000 -2.0000 -10.0000 2.0000 -6.0000 6.0000 0.2813 0.1516 0.3319 0.2244 0.2563 1.2455 1.9032 3.3881 
17.0000 17.0000 1.0000 -2.0000 1.0000 -3.0000 8 1.0000 1.0000 1.1440 -12.0000 -4.0000 4.0000 -8.0000 8.0000 0.0000 0.2500 0.2500 0.2500 0.2500 0.2500 1.2500 1.8226 3.3260 
17.0000 35.0000 1.0000 0.0000 1.0000 9.0000 2 -1.0000 1.0000 2.1010 -2.0000 6.0000 10.0000 -10.0000 2.0000 -6.0000 0.2500 0.2500 0.2500 0.2500 0.2500 1.2500 1.9442 3.4593 
17.0000 63.0000 1.0000 4.0000 1.0000 9.0000 8 1.0000 0.0000 4.2420 10.0000 2.0000 -6.0000 6.0000 -2.0000 14.0000 0.2500 0.2500 0.2500 0.2500 0.2500 1.2500 1.8591 3.3593 
17.0000 43.0000 1.0000 2.0000 1.0000 -9.0000 8 1.0000 1.0000 1.7360 -4.0000 4.0000 12.0000 0.0000 8.0000 -8.0000 0.2500 0.2500 0.2500 0.2500 0.2500 1.2500 1.7699 3.2758 
17.0000 34.0000 1.0000 0.0000 1.0000 6.0000 2 -1.0000 1.0000 1.7940 6.0000 -2.0000 -10.0000 2.0000 -6.0000 10.0000 0.2500 0.2500 0.2500 0.2500 0.2500 1.2500 1.8933 3.3925 
17.0000 57.0000 1.0000 4.0000 1.0000 -9.0000 8 1.0000 1.0000 1.7310 -6.0000 2.0000 14.0000 -2.0000 10.0000 6.0000 0.2500 0.2500 0.2500 0.2500 0.2500 1.2500 1.9756 3.4759 
17.0000 5.0000 1.0000 -4.0000 1.0000 3.0000 2 -1.0000 1.0000 3.8960 -10.0000 -2.0000 6.0000 -6.0000 2.0000 -14.0000 0.2500 0.2500 0.2500 0.2500 0.2500 1.2500 1.7778 3.2759 
17.0000 10.0000 2.0000 -4.0000 0.0000 -3.0000 8 1.0000 1.0000 2.6550 -14.0000 -2.0000 6.0000 -6.0000 2.0000 -10.0000 0.2122 0.3307 0.1804 0.1511 0.3816 1.2560 1.9773 3.4818 
17.0000 11.0000 2.0000 -4.0000 0.0000 0.0000 8 1.0000 0.0000 3.0970 -10.0000 2.0000 6.0000 -14.0000 -2.0000 -6.0000 0.1617 0.1881 0.3379 0.3853 0.1758 1.2489 1.9178 3.4082 
17.0000 66.0000 2.0000 4.0000 0.0000 -3.0000 2 -1.0000 0.0000 3.2980 -2.0000 6.0000 14.0000 2.0000 10.0000 -6.0000 0.2633 0.2317 0.2569 0.1643 0.3325 1.2487 1.9058 3.4080 
17.0000 16.0000 2.0000 -2.0000 1.0000 -6.0000 8 1.0000 1.0000 1.5050 -12.0000 0.0000 4.0000 -4.0000 8.0000 -8.0000 0.2500 0.2500 0.2500 0.2500 0.2500 1.2500 1.7540 3.2592 
17.0000 3.0000 2.0000 -4.0000 1.0000 -3.0000 8 1.0000 1.0000 1.8330 -10.0000 -2.0000 6.0000 -6.0000 2.0000 -14.0000 0.2500 0.2500 0.2500 0.2500 0.2500 1.2500 1.9348 3.4426 
17.0000 29.0000 2.0000 0.0000 1.0000 -9.0000 8 1.0000 1.0000 1.6450 6.0000 -2.0000 -10.0000 2.0000 -6.0000 10.0000 0.2500 0.2500 0.2500 0.2500 0.2500 1.2500 1.8888 3.3926 
17.0000 50.0000 2.0000 2.0000 0.0000 -9.0000 2 -1.0000 0.0000 1.0550 -8.0000 0.0000 12.0000 -4.0000 8.0000 4.0000 0.1858 0.2898 0.2208 0.3616 0.1850 1.2430 1.7886 3.2855 
17.0000 24.0000 2.0000 -2.0000 0.0000 -3.0000 8 1.0000 1.0000 1.6640 4.0000 -4.0000 -8.0000 0.0000 -12.0000 8.0000 0.2264 0.3835 0.3086 0.1546 0.1810 1.2540 1.9200 3.4300 
17.0000 2.0000 2.0000 -4.0000 1.0000 -6.0000 8 1.0000 1.0000 1.6200 -6.0000 2.0000 6.0000 -14.0000 -2.0000 -10.0000 0.2500 0.2500 0.2500 0.2500 0.2500 1.2500 1.8798 3.3760 
17.0000 39.0000 2.0000 0.0000 0.0000 0.0000 2 -1.0000 0.0000 1.0930 6.0000 -2.0000 -6.0000 2.0000 -10.0000 10.0000 0.2064 0.1736 0.3217 0.2040 0.3427 1.2485 1.8202 3.3244 
17.0000 7.0000 2.0000 -4.0000 1.0000 9.0000 2 -1.0000 1.0000 1.7660 2.0000 -6.0000 -10.0000 -2.0000 -14.0000 6.0000 0.2500 0.2500 0.2500 0.2500 0.2500 1.2500 1.9080 3.4092 
17.0000 15.0000 2.0000 -2.0000 1.0000 -9.0000 8 1.0000 1.0000 1.1250 0.0000 -8.0000 -12.0000 8.0000 -4.0000 4.0000 0.2500 0.2500 0.2500 0.2500 0.2500 1.2500 1.9284 3.4261 
17.0000 37.0000 2.0000 0.0000 0.0000 -6.0000 8 1.0000 1.0000 1.7560 10.0000 2.0000 -6.0000 6.0000 -10.0000 -2.0000 0.2238 0.3031 0.2235 0.2879 0.2209 1.2593 1.9542 3.4518 
17.0000 28.0000 2.0000 -2.0000 0.0000 9.0000 2 -1.0000 1.0000 3.2110 4.0000 -4.0000 -8.0000 0.0000 -12.0000 8.0000 0.2840 0.1604 0.3289 0.2773 0.2058 1.2564 1.9069 3.4156 
17.0000 41.0000 2.0000 0.0000 0.0000 6.0000 2 -1.0000 1.0000 2.2270 6.0000 -2.0000 -10.0000 2.0000 -6.0000 10.0000 0.2113 0.2882 0.2305 0.3248 0.1871 1.2419 1.9697 3.4680 
17.0000 43.0000 2.0000 2.0000 1.0000 -9.0000 8 1.0000 1.0000 1.1450 -8.0000 4.0000 8.0000 0.0000 12.0000 -4.0000 0.2500 0.2500 0.2500 0.2500 0.2500 1.2500 1.8948 3.3925 
17.0000 68.0000 2.0000 4.0000 0.0000 3.0000 2 -1.0000 1.0000 1.9980 10.0000 2.0000 -6.0000 6.0000 -2.0000 14.0000 0.2148 0.3843 0.2171 0.2426 0.1843 1.2430 1.9504 3.4522 
17.0000 5.0000 2.0000 -4.0000 1.0000 3.0000 8 1.0000 0.0000 1.4330 -14.0000 -2.0000 2.0000 -6.0000 6.0000 -10.0000 0.2500 0.2500 0.2500 0.2500 0.2500 1.2500 1.9946 3.4926 
17.0000 38.0000 2.0000 0.0000 0.0000 -3.0000 2 -1.0000 0.0000 3.2980 -10.0000 2.0000 10.0000 -2.0000 6.0000 -6.0000 0.1641 0.3767 0.2060 0.3481 0.1571 1.2520 1.7941 3.2945 
17.0000 12.0000 2.0000 -4.0000 0.0000 3.0000 2 -1.0000 1.0000 1.1820 -14.0000 -6.0000 2.0000 -10.0000 6.0000 -2.0000 0.3476 0.1685 0.2297 0.1758 0.3197 1.2413 1.7902 3.2838 
17.0000 13.0000 2.0000 -4.0000 0.0000 6.0000 8 1.0000 0.0000 1.1240 6.0000 -6.0000 -14.0000 -2.0000 -10.0000 2.0000 0.1934 0.3356 0.1689 0.3680 0.1926 1.2586 1.9354 3.4345 
17.0000 8.0000 2.0000 -4.0000 0.0000 -9.0000 8 1.0000 1.0000 1.2550 -10.0000 -2.0000 6.0000 -6.0000 2.0000 -14.0000 0.1504 0.3426 0.3020 0.1760 0.2702 1.2413 1.8566 3.3506 
17.0000 59.0000 2.0000 4.0000 1.0000 -3.0000 8 1.0000 1.0000 1.8060 14.0000 2.0000 -2.0000 6.0000 -6.0000 10.0000 0.2500 0.2500 0.2500 0.2500 0.2500 1.2500 1.8308 3.3260 
17.0000 67.0000 2.0000 4.0000 0.0000 0.0000 2 -1.0000 0.0000 1.6430 -6.0000 2.0000 14.0000 -2.0000 10.0000 6.0000 0.2915 0.2297 0.1813 0.2209 0.3195 1.2430 1.9205 3.4188 
17.0000 33.0000 2.0000 0.0000 1.0000 3.0000 2 -1.0000 1.0000 1.8430 -6.0000 6.0000 10.0000 -10.0000 2.0000 -2.0000 0.2500 0.2500 0.2500 0.2500 0.2500 1.2500 1.9931 3.4926 
17.0000 53.0000 2.0000 2.0000 0.0000 0.0000 2 -1.0000 0.0000 2.3080 8.0000 0.0000 -8.0000 4.0000 -4.0000 12.0000 0.3061 0.2035 0.3661 0.1732 0.2098 1.2587 1.9558 3.4679 
17.0000 57.0000 2.0000 4.0000 1.0000 -9.0000 8 1.0000 1.0000 2.1480 14.0000 6.0000 -6.0000 10.0000 -2.0000 2.0000 0.2500 0.2500 0.2500 0.2500 0.2500 1.2500 1.8787 3.3758 
17.0000 36.0000 2.0000 0.0000 0.0000 -9.0000 8 1.0000 1.0000 1.1280 -10.0000 -2.0000 10.0000 -6.0000 6.0000 2.0000 0.2039 0.3382 0.2858 0.1723 0.2462 1.2464 1.9996 3.5055 
17.0000 62.0000 2.0000 4.0000 1.0000 6.0000 2 -1.0000 1.0000 0.7700 2.0000 10.0000 14.0000 -6.0000 6.0000 -2.0000 0.2500 0.2500 0.2500 0.2500 0.2500 1.2500 1.9259 3.4261 
17.0000 35.0000 2.0000 0.0000 1.0000 9.0000 8 1.0000 0.0000 1.0770 -10.0000 2.0000 10.0000 -2.0000 6.0000 -6.0000 0.2500 0.2500 0.2500 0.2500 0.2500 1.2500 1.9879 3.4926 
17.0000 27.0000 2.0000 -2.0000 0.0000 6.0000 2 -1.0000 1.0000 0.7620 4.0000 -8.0000 -12.0000 8.0000 -4.0000 0.0000 0.2119 0.1820 0.3954 0.2713 0.1811 1.2416 1.8532 3.3341 
17.0000 34.0000 2.0000 0.0000 1.0000 6.0000 8 1.0000 0.0000 1.4790 10.0000 2.0000 -6.0000 6.0000 -10.0000 -2.0000 0.2500 0.2500 0.2500 0.2500 0.2500 1.2500 1.7573 3.2591 
17.0000 42.0000 2.0000 0.0000 0.0000 9.0000 8 1.0000 0.0000 1.4360 -2.0000 6.0000 10.0000 -10.0000 2.0000 -6.0000 0.1534 0.2028 0.3409 0.3037 0.2516 1.2525 1.9200 3.4118 
17.0000 32.0000 2.0000 0.0000 1.0000 0.0000 2 -1.0000 0.0000 1.0520 10.0000 2.0000 -6.0000 6.0000 -10.0000 -2.0000 0.2500 0.2500 0.2500 0.2500 0.2500 1.2500 1.7765 3.2758 
17.0000 47.0000 2.0000 2.0000 1.0000 3.0000 2 -1.0000 1.0000 1.0620 12.0000 4.0000 -4.0000 8.0000 -8.0000 0.0000 0.2500 0.2500 0.2500 0.2500 0.2500 1.2500 1.9199 3.4258 
17.0000 45.0000 2.0000 2.0000 1.0000 -3.0000 8 1.0000 1.0000 1.5340 -8.0000 4.0000 12.0000 0.0000 8.0000 -4.0000 0.2500 0.2500 0.2500 0.2500 0.2500 1.2500 1.7864 3.2925 
17.0000 69.0000 2.0000 4.0000 0.0000 6.0000 2 -1.0000 1.0000 3.8030 14.0000 6.0000 -6.0000 10.0000 -2.0000 2.0000 0.2220 0.1763 0.2525 0.3743 0.2191 1.2442 1.8025 3.3033 
17.0000 31.0000 2.0000 0.0000 1.0000 -3.0000 8 1.0000 1.0000 2.8490 -10.0000 2.0000 6.0000 -2.0000 10.0000 -6.0000 0.2500 0.2500 0.2500 0.2500 0.2500 1.2500 1.8235 3.3258 
17.0000 9.0000 2.0000 -4.0000 0.0000 -6.0000 8 1.0000 1.0000 1.6390 -14.0000 -2.0000 6.0000 -6.0000 2.0000 -10.0000 0.1930 0.3580 0.2902 0.2490 0.1574 1.2476 1.8625 3.3567 
17.0000 14.0000 2.0000 -4.0000 0.0000 9.0000 2 -1.0000 1.0000 1.2340 -6.0000 2.0000 6.0000 -14.0000 -2.0000 -10.0000 0.2457 0.1603 0.2548 0.3449 0.2483 1.2541 1.9457 3.4466 
17.0000 63.0000 2.0000 4.0000 1.0000 9.0000 2 -1.0000 1.0000 1.7500 10.0000 -2.0000 -6.0000 14.0000 2.0000 6.0000 0.2500 0.2500 0.2500 0.2500 0.2500 1.2500 1.8777 3.3757 
17.0000 54.0000 2.0000 2.0000 0.0000 3.0000 2 -1.0000 1.0000 1.3060 -4.0000 4.0000 8.0000 0.0000 12.0000 -8.0000 0.2595 0.1602 0.2069 0.2895 0.3349 1.2510 1.8061 3.3102 
17.0000 48.0000 2.0000 2.0000 1.0000 6.0000 2 -1.0000 1.0000 1.1160 0.0000 8.0000 12.0000 -8.0000 4.0000 -4.0000 0.2500 0.2500 0.2500 0.2500 0.2500 1.2500 1.9109 3.4092 
17.0000 26.0000 2.0000 -2.0000 0.0000 3.0000 NR 0.0000 0.0000 1.4070 4.0000 -4.0000 -8.0000 0.0000 -12.0000 8.0000 0.3640 0.2857 0.1504 0.2971 0.1591 1.2562 1.8492 3.3486 
17.0000 40.0000 2.0000 0.0000 0.0000 3.0000 2 -1.0000 1.0000 1.5280 10.0000 2.0000 -10.0000 6.0000 -6.0000 -2.0000 0.2292 0.2695 0.2115 0.1704 0.3736 1.2542 1.8403 3.3300 
17.0000 64.0000 2.0000 4.0000 0.0000 -9.0000 8 1.0000 1.0000 1.8050 14.0000 2.0000 -6.0000 6.0000 -2.0000 10.0000 0.1699 0.2787 0.1867 0.3820 0.2254 1.2427 1.9689 3.4686 
17.0000 18.0000 2.0000 -2.0000 1.0000 0.0000 2 -1.0000 0.0000 1.4480 8.0000 -4.0000 -12.0000 0.0000 -8.0000 4.0000 0.2500 0.2500 0.2500 0.2500 0.2500 1.2500 1.9572 3.4593 
17.0000 22.0000 2.0000 -2.0000 0.0000 -9.0000 8 1.0000 1.0000 1.5300 -12.0000 -4.0000 8.0000 -8.0000 4.0000 0.0000 0.2743 0.3143 0.2469 0.2205 0.1951 1.2511 1.9753 3.4771 
17.0000 46.0000 2.0000 2.0000 1.0000 0.0000 2 -1.0000 0.0000 0.9900 8.0000 -4.0000 -8.0000 12.0000 0.0000 4.0000 0.2500 0.2500 0.2500 0.2500 0.2500 1.2500 1.7758 3.2758 
17.0000 70.0000 2.0000 4.0000 0.0000 9.0000 2 -1.0000 1.0000 1.1220 14.0000 2.0000 -2.0000 6.0000 -6.0000 10.0000 0.2571 0.3375 0.2155 0.2590 0.1718 1.2409 1.7729 3.2668 
17.0000 52.0000 2.0000 2.0000 0.0000 -3.0000 2 -1.0000 0.0000 2.3640 12.0000 0.0000 -8.0000 4.0000 -4.0000 8.0000 0.2033 0.1739 0.2812 0.3102 0.2757 1.2443 1.8906 3.3868 
17.0000 4.0000 2.0000 -4.0000 1.0000 0.0000 2 -1.0000 0.0000 2.0750 -2.0000 -10.0000 -14.0000 6.0000 -6.0000 2.0000 0.2500 0.2500 0.2500 0.2500 0.2500 1.2500 1.8931 3.3925 
17.0000 21.0000 2.0000 -2.0000 1.0000 9.0000 2 -1.0000 1.0000 1.4200 4.0000 -4.0000 -12.0000 0.0000 -8.0000 8.0000 0.2500 0.2500 0.2500 0.2500 0.2500 1.2500 1.9503 3.4427 
17.0000 6.0000 2.0000 -4.0000 1.0000 6.0000 2 -1.0000 1.0000 1.6860 -14.0000 -2.0000 6.0000 -6.0000 2.0000 -10.0000 0.2500 0.2500 0.2500 0.2500 0.2500 1.2500 1.7803 3.2758 
17.0000 65.0000 2.0000 4.0000 0.0000 -6.0000 8 1.0000 1.0000 1.9710 -2.0000 6.0000 14.0000 2.0000 10.0000 -6.0000 0.2173 0.2622 0.1615 0.3929 0.2258 1.2598 1.8899 3.3857 
17.0000 61.0000 2.0000 4.0000 1.0000 3.0000 8 1.0000 0.0000 2.1970 -6.0000 2.0000 14.0000 -2.0000 10.0000 6.0000 0.2500 0.2500 0.2500 0.2500 0.2500 1.2500 1.9500 3.4593 
17.0000 51.0000 2.0000 2.0000 0.0000 -6.0000 8 1.0000 1.0000 1.5220 8.0000 0.0000 -8.0000 4.0000 -4.0000 12.0000 0.2299 0.1947 0.2997 0.1945 0.3397 1.2586 1.7570 3.2677 
17.0000 60.0000 2.0000 4.0000 1.0000 0.0000 2 -1.0000 0.0000 1.1880 -2.0000 6.0000 14.0000 2.0000 10.0000 -6.0000 0.2500 0.2500 0.2500 0.2500 0.2500 1.2500 1.8071 3.3092 
17.0000 56.0000 2.0000 2.0000 0.0000 9.0000 2 -1.0000 1.0000 1.5340 12.0000 4.0000 -8.0000 8.0000 -4.0000 0.0000 0.1940 0.3070 0.1761 0.3476 0.2169 1.2417 1.8529 3.3509 
17.0000 58.0000 2.0000 4.0000 1.0000 -6.0000 8 1.0000 1.0000 1.7030 14.0000 6.0000 -2.0000 10.0000 -6.0000 2.0000 0.2500 0.2500 0.2500 0.2500 0.2500 1.2500 1.8554 3.3592 
17.0000 49.0000 2.0000 2.0000 1.0000 9.0000 2 -1.0000 1.0000 0.7830 12.0000 0.0000 -8.0000 4.0000 -4.0000 8.0000 0.2500 0.2500 0.2500 0.2500 0.2500 1.2500 1.9461 3.4427 
17.0000 25.0000 2.0000 -2.0000 0.0000 0.0000 8 1.0000 0.0000 1.4460 -12.0000 0.0000 4.0000 -4.0000 8.0000 -8.0000 0.2679 0.3291 0.2754 0.2240 0.1617 1.2582 1.9185 3.4340 
17.0000 20.0000 2.0000 -2.0000 1.0000 6.0000 2 -1.0000 1.0000 0.9050 4.0000 -8.0000 -12.0000 8.0000 -4.0000 0.0000 0.2500 0.2500 0.2500 0.2500 0.2500 1.2500 1.8906 3.3925 
17.0000 44.0000 2.0000 2.0000 1.0000 -6.0000 8 1.0000 1.0000 1.4140 12.0000 4.0000 -8.0000 8.0000 -4.0000 0.0000 0.2500 0.2500 0.2500 0.2500 0.2500 1.2500 1.7937 3.2925 
17.0000 55.0000 2.0000 2.0000 0.0000 6.0000 2 -1.0000 1.0000 1.1240 -8.0000 4.0000 8.0000 0.0000 12.0000 -4.0000 0.3670 0.1766 0.2465 0.1658 0.2891 1.2449 1.9349 3.4209 
17.0000 30.0000 2.0000 0.0000 1.0000 -6.0000 8 1.0000 1.0000 1.1380 10.0000 2.0000 -6.0000 6.0000 -10.0000 -2.0000 0.2500 0.2500 0.2500 0.2500 0.2500 1.2500 1.9749 3.4759 
17.0000 23.0000 2.0000 -2.0000 0.0000 -6.0000 8 1.0000 1.0000 1.0850 4.0000 -4.0000 -8.0000 0.0000 -12.0000 8.0000 0.1648 0.3264 0.2245 0.3845 0.1570 1.2573 1.9760 3.5000 
17.0000 17.0000 2.0000 -2.0000 1.0000 -3.0000 8 1.0000 1.0000 2.1990 -12.0000 0.0000 4.0000 -4.0000 8.0000 -8.0000 0.2500 0.2500 0.2500 0.2500 0.2500 1.2500 1.9085 3.4092 
17.0000 19.0000 2.0000 -2.0000 1.0000 3.0000 8 1.0000 0.0000 2.9860 0.0000 -8.0000 -12.0000 8.0000 -4.0000 4.0000 0.2500 0.2500 0.2500 0.2500 0.2500 1.2500 1.7855 3.2926 
17.0000 1.0000 2.0000 -4.0000 1.0000 -9.0000 8 1.0000 1.0000 1.2250 6.0000 -6.0000 -10.0000 -2.0000 -14.0000 2.0000 0.2500 0.2500 0.2500 0.2500 0.2500 1.2500 1.8494 3.3592 
17.0000 69.0000 3.0000 4.0000 0.0000 6.0000 2 -1.0000 1.0000 1.8700 -6.0000 6.0000 14.0000 2.0000 10.0000 -2.0000 0.2797 0.3938 0.1765 0.2338 0.1710 1.2549 1.7504 3.2475 
17.0000 2.0000 3.0000 -4.0000 1.0000 -6.0000 8 1.0000 1.0000 1.2020 -14.0000 -2.0000 2.0000 -6.0000 6.0000 -10.0000 0.2500 0.2500 0.2500 0.2500 0.2500 1.2500 1.8273 3.3258 
17.0000 40.0000 3.0000 0.0000 0.0000 3.0000 2 -1.0000 1.0000 1.7520 10.0000 -2.0000 -6.0000 2.0000 -10.0000 6.0000 0.3746 0.2450 0.1803 0.2702 0.1836 1.2536 1.8468 3.3629 
17.0000 65.0000 3.0000 4.0000 0.0000 -6.0000 8 1.0000 1.0000 1.6410 -2.0000 6.0000 14.0000 2.0000 10.0000 -6.0000 0.2137 0.3726 0.1962 0.2645 0.2022 1.2492 1.8685 3.3749 
17.0000 33.0000 3.0000 0.0000 1.0000 3.0000 2 -1.0000 1.0000 1.0190 10.0000 2.0000 -10.0000 6.0000 -6.0000 -2.0000 0.2500 0.2500 0.2500 0.2500 0.2500 1.2500 1.9323 3.4426 
17.0000 39.0000 3.0000 0.0000 0.0000 0.0000 2 -1.0000 0.0000 0.6770 -6.0000 2.0000 10.0000 -2.0000 6.0000 -10.0000 0.1564 0.2642 0.1960 0.2971 0.3443 1.2581 1.8213 3.3339 
17.0000 19.0000 3.0000 -2.0000 1.0000 3.0000 8 1.0000 0.0000 2.4970 8.0000 -4.0000 -8.0000 0.0000 -12.0000 4.0000 0.2500 0.2500 0.2500 0.2500 0.2500 1.2500 1.9934 3.4927 
17.0000 42.0000 3.0000 0.0000 0.0000 9.0000 2 -1.0000 1.0000 1.3190 -6.0000 6.0000 10.0000 -10.0000 2.0000 -2.0000 0.2095 0.1518 0.2294 0.3914 0.2626 1.2447 1.7981 3.2873 
17.0000 8.0000 3.0000 -4.0000 0.0000 -9.0000 8 1.0000 1.0000 1.2060 6.0000 -2.0000 -10.0000 2.0000 -14.0000 -6.0000 0.3117 0.2749 0.3160 0.1600 0.1857 1.2483 1.9728 3.4744 
17.0000 64.0000 3.0000 4.0000 0.0000 -9.0000 8 1.0000 1.0000 2.0790 -6.0000 6.0000 10.0000 2.0000 14.0000 -2.0000 0.3079 0.3344 0.2475 0.1702 0.1959 1.2558 1.8559 3.3649 
17.0000 34.0000 3.0000 0.0000 1.0000 6.0000 2 -1.0000 1.0000 1.0950 10.0000 2.0000 -10.0000 6.0000 -6.0000 -2.0000 0.2500 0.2500 0.2500 0.2500 0.2500 1.2500 1.9349 3.4260 
17.0000 70.0000 3.0000 4.0000 0.0000 9.0000 8 1.0000 0.0000 1.2420 -6.0000 6.0000 10.0000 2.0000 14.0000 -2.0000 0.2827 0.1834 0.1526 0.2521 0.3782 1.2490 1.7543 3.2414 
17.0000 16.0000 3.0000 -2.0000 1.0000 -6.0000 8 1.0000 1.0000 1.0030 -8.0000 4.0000 8.0000 -12.0000 0.0000 -4.0000 0.2500 0.2500 0.2500 0.2500 0.2500 1.2500 1.7712 3.2593 
17.0000 5.0000 3.0000 -4.0000 1.0000 3.0000 2 -1.0000 1.0000 0.9650 -14.0000 -2.0000 2.0000 -6.0000 6.0000 -10.0000 0.2500 0.2500 0.2500 0.2500 0.2500 1.2500 1.9319 3.4425 
17.0000 66.0000 3.0000 4.0000 0.0000 -3.0000 2 -1.0000 0.0000 1.8200 -6.0000 2.0000 14.0000 -2.0000 10.0000 6.0000 0.1507 0.3577 0.2955 0.2016 0.2429 1.2484 1.9141 3.4242 
17.0000 13.0000 3.0000 -4.0000 0.0000 6.0000 2 -1.0000 1.0000 1.8360 6.0000 -2.0000 -14.0000 2.0000 -10.0000 -6.0000 0.2449 0.1839 0.2448 0.2130 0.3570 1.2436 1.8416 3.3361 
17.0000 63.0000 3.0000 4.0000 1.0000 9.0000 2 -1.0000 1.0000 1.1930 -6.0000 2.0000 14.0000 -2.0000 10.0000 6.0000 0.2500 0.2500 0.2500 0.2500 0.2500 1.2500 1.8680 3.3759 
17.0000 4.0000 3.0000 -4.0000 1.0000 0.0000 8 1.0000 0.0000 1.3470 6.0000 -6.0000 -10.0000 -2.0000 -14.0000 2.0000 0.2500 0.2500 0.2500 0.2500 0.2500 1.2500 1.7838 3.2924 
17.0000 7.0000 3.0000 -4.0000 1.0000 9.0000 8 1.0000 0.0000 1.3870 -14.0000 -2.0000 2.0000 -6.0000 6.0000 -10.0000 0.2500 0.2500 0.2500 0.2500 0.2500 1.2500 1.9385 3.4425 
17.0000 21.0000 3.0000 -2.0000 1.0000 9.0000 2 -1.0000 1.0000 1.1590 -8.0000 0.0000 8.0000 -4.0000 4.0000 -12.0000 0.2500 0.2500 0.2500 0.2500 0.2500 1.2500 1.9038 3.4092 
17.0000 26.0000 3.0000 -2.0000 0.0000 3.0000 2 -1.0000 1.0000 2.3830 8.0000 0.0000 -12.0000 4.0000 -8.0000 -4.0000 0.2191 0.3221 0.2220 0.1964 0.2963 1.2558 1.8946 3.3984 
17.0000 44.0000 3.0000 2.0000 1.0000 -6.0000 8 1.0000 1.0000 1.8720 -8.0000 0.0000 8.0000 -4.0000 12.0000 4.0000 0.2500 0.2500 0.2500 0.2500 0.2500 1.2500 1.8503 3.3425 
17.0000 27.0000 3.0000 -2.0000 0.0000 6.0000 2 -1.0000 1.0000 2.3080 -12.0000 -4.0000 4.0000 -8.0000 8.0000 0.0000 0.2868 0.1839 0.2735 0.1671 0.3306 1.2419 1.9329 3.4178 
17.0000 57.0000 3.0000 4.0000 1.0000 -9.0000 8 1.0000 1.0000 2.1830 -6.0000 6.0000 14.0000 2.0000 10.0000 -2.0000 0.2500 0.2500 0.2500 0.2500 0.2500 1.2500 1.7956 3.3092 
17.0000 22.0000 3.0000 -2.0000 0.0000 -9.0000 8 1.0000 1.0000 1.5400 4.0000 -4.0000 -8.0000 0.0000 -12.0000 8.0000 0.1778 0.3723 0.1968 0.2926 0.2035 1.2430 1.7755 3.2688 
17.0000 49.0000 3.0000 2.0000 1.0000 9.0000 2 -1.0000 1.0000 1.0920 -4.0000 8.0000 12.0000 -8.0000 4.0000 0.0000 0.2500 0.2500 0.2500 0.2500 0.2500 1.2500 1.8522 3.3593 
17.0000 11.0000 3.0000 -4.0000 0.0000 0.0000 8 1.0000 0.0000 1.5170 -6.0000 2.0000 6.0000 -14.0000 -2.0000 -10.0000 0.2294 0.3072 0.3396 0.2176 0.1589 1.2527 1.9516 3.4618 
17.0000 36.0000 3.0000 0.0000 0.0000 -9.0000 8 1.0000 1.0000 1.1510 2.0000 -6.0000 -10.0000 10.0000 -2.0000 6.0000 0.2039 0.1638 0.3610 0.2818 0.2479 1.2584 1.8112 3.3175 
17.0000 23.0000 3.0000 -2.0000 0.0000 -6.0000 8 1.0000 1.0000 0.8220 -8.0000 0.0000 8.0000 -4.0000 4.0000 -12.0000 0.3110 0.2855 0.1591 0.2886 0.2043 1.2485 1.7625 3.2577 
17.0000 9.0000 3.0000 -4.0000 0.0000 -6.0000 8 1.0000 1.0000 1.0000 -14.0000 -2.0000 2.0000 -6.0000 6.0000 -10.0000 0.1799 0.3774 0.2806 0.1851 0.2309 1.2541 1.7737 3.2799 
17.0000 3.0000 3.0000 -4.0000 1.0000 -3.0000 8 1.0000 1.0000 1.0740 2.0000 -6.0000 -10.0000 -2.0000 -14.0000 6.0000 0.2500 0.2500 0.2500 0.2500 0.2500 1.2500 1.9728 3.4760 
17.0000 48.0000 3.0000 2.0000 1.0000 6.0000 2 -1.0000 1.0000 1.3000 12.0000 4.0000 -8.0000 8.0000 -4.0000 0.0000 0.2500 0.2500 0.2500 0.2500 0.2500 1.2500 1.9682 3.4592 
17.0000 28.0000 3.0000 -2.0000 0.0000 9.0000 2 -1.0000 1.0000 1.4760 8.0000 0.0000 -12.0000 4.0000 -8.0000 -4.0000 0.3860 0.2269 0.2766 0.1660 0.2007 1.2563 1.9419 3.4489 
17.0000 20.0000 3.0000 -2.0000 1.0000 6.0000 8 1.0000 0.0000 1.1180 4.0000 -4.0000 -12.0000 0.0000 -8.0000 8.0000 0.2500 0.2500 0.2500 0.2500 0.2500 1.2500 1.7830 3.2758 
17.0000 45.0000 3.0000 2.0000 1.0000 -3.0000 8 1.0000 1.0000 1.9540 8.0000 0.0000 -4.0000 4.0000 -8.0000 12.0000 0.2500 0.2500 0.2500 0.2500 0.2500 1.2500 1.9716 3.4592 
17.0000 53.0000 3.0000 2.0000 0.0000 0.0000 2 -1.0000 0.0000 1.3270 -8.0000 0.0000 8.0000 -4.0000 12.0000 4.0000 0.3503 0.2062 0.2389 0.1979 0.2482 1.2416 1.9643 3.4675 
17.0000 6.0000 3.0000 -4.0000 1.0000 6.0000 2 -1.0000 1.0000 1.4500 -14.0000 -6.0000 6.0000 -10.0000 2.0000 -2.0000 0.2500 0.2500 0.2500 0.2500 0.2500 1.2500 1.8358 3.3425 
17.0000 10.0000 3.0000 -4.0000 0.0000 -3.0000 8 1.0000 1.0000 1.9690 2.0000 -6.0000 -10.0000 -2.0000 -14.0000 6.0000 0.1622 0.3650 0.1542 0.3797 0.1862 1.2473 1.7658 3.2732 
17.0000 46.0000 3.0000 2.0000 1.0000 0.0000 2 -1.0000 0.0000 2.3020 12.0000 0.0000 -4.0000 4.0000 -8.0000 8.0000 0.2500 0.2500 0.2500 0.2500 0.2500 1.2500 1.7974 3.2924 
17.0000 12.0000 3.0000 -4.0000 0.0000 3.0000 8 1.0000 0.0000 1.3240 -10.0000 -2.0000 6.0000 -6.0000 2.0000 -14.0000 0.2656 0.2322 0.3531 0.2175 0.1893 1.2577 1.7948 3.3002 
17.0000 50.0000 3.0000 2.0000 0.0000 -9.0000 8 1.0000 1.0000 1.4960 12.0000 4.0000 -8.0000 8.0000 -4.0000 0.0000 0.1856 0.3307 0.3031 0.2698 0.1513 1.2405 1.8375 3.3329 
17.0000 52.0000 3.0000 2.0000 0.0000 -3.0000 8 1.0000 1.0000 1.4110 -4.0000 8.0000 12.0000 -8.0000 4.0000 0.0000 0.2234 0.1679 0.2906 0.2142 0.3612 1.2573 1.8275 3.3331 
17.0000 54.0000 3.0000 2.0000 0.0000 3.0000 2 -1.0000 1.0000 1.7160 0.0000 8.0000 12.0000 -8.0000 4.0000 -4.0000 0.2126 0.3644 0.1838 0.2756 0.2135 1.2498 1.8180 3.3089 
17.0000 14.0000 3.0000 -4.0000 0.0000 9.0000 2 -1.0000 1.0000 1.2730 -6.0000 2.0000 6.0000 -14.0000 -2.0000 -10.0000 0.2500 0.3079 0.2043 0.3049 0.1919 1.2591 1.8213 3.3183 
17.0000 51.0000 3.0000 2.0000 0.0000 -6.0000 8 1.0000 1.0000 1.2010 -4.0000 4.0000 8.0000 0.0000 12.0000 -8.0000 0.1749 0.2259 0.3102 0.2123 0.3253 1.2487 1.7967 3.2911 
17.0000 38.0000 3.0000 0.0000 0.0000 -3.0000 8 1.0000 1.0000 1.1930 -10.0000 -2.0000 6.0000 -6.0000 10.0000 2.0000 0.1500 0.3869 0.1826 0.2501 0.2891 1.2587 1.8771 3.3845 
17.0000 62.0000 3.0000 4.0000 1.0000 6.0000 2 -1.0000 1.0000 0.8970 14.0000 2.0000 -6.0000 6.0000 -2.0000 10.0000 0.2500 0.2500 0.2500 0.2500 0.2500 1.2500 1.7652 3.2758 
17.0000 68.0000 3.0000 4.0000 0.0000 3.0000 2 -1.0000 1.0000 1.4810 10.0000 -2.0000 -6.0000 14.0000 2.0000 6.0000 0.3167 0.3452 0.2081 0.1502 0.2299 1.2501 1.7624 3.2760 
17.0000 31.0000 3.0000 0.0000 1.0000 -3.0000 2 -1.0000 0.0000 1.8880 -6.0000 6.0000 10.0000 -10.0000 2.0000 -2.0000 0.2500 0.2500 0.2500 0.2500 0.2500 1.2500 1.8176 3.3260 
17.0000 56.0000 3.0000 2.0000 0.0000 9.0000 2 -1.0000 1.0000 1.4770 -8.0000 4.0000 8.0000 0.0000 12.0000 -4.0000 0.3979 0.2991 0.1708 0.2227 0.1616 1.2521 1.7815 3.2947 
17.0000 17.0000 3.0000 -2.0000 1.0000 -3.0000 8 1.0000 1.0000 1.2050 8.0000 -4.0000 -8.0000 0.0000 -12.0000 4.0000 0.2500 0.2500 0.2500 0.2500 0.2500 1.2500 1.9795 3.4759 
17.0000 55.0000 3.0000 2.0000 0.0000 6.0000 2 -1.0000 1.0000 1.2230 4.0000 -4.0000 -8.0000 12.0000 0.0000 8.0000 0.3201 0.1798 0.3620 0.2397 0.1578 1.2594 1.7757 3.2852 
17.0000 41.0000 3.0000 0.0000 0.0000 6.0000 2 -1.0000 1.0000 0.9670 10.0000 2.0000 -10.0000 6.0000 -6.0000 -2.0000 0.3212 0.1923 0.3128 0.1802 0.2336 1.2403 1.8554 3.3494 
17.0000 43.0000 3.0000 2.0000 1.0000 -9.0000 8 1.0000 1.0000 1.0740 -8.0000 4.0000 12.0000 0.0000 8.0000 -4.0000 0.2500 0.2500 0.2500 0.2500 0.2500 1.2500 1.7783 3.2759 
17.0000 67.0000 3.0000 4.0000 0.0000 0.0000 2 -1.0000 0.0000 1.1790 -2.0000 10.0000 14.0000 -6.0000 6.0000 2.0000 0.3194 0.1748 0.3367 0.1736 0.2530 1.2575 1.9722 3.4834 
17.0000 58.0000 3.0000 4.0000 1.0000 -6.0000 8 1.0000 1.0000 1.5360 2.0000 10.0000 14.0000 -6.0000 6.0000 -2.0000 0.2500 0.2500 0.2500 0.2500 0.2500 1.2500 1.7728 3.2592 
17.0000 60.0000 3.0000 4.0000 1.0000 0.0000 2 -1.0000 0.0000 0.7420 6.0000 -2.0000 -6.0000 14.0000 2.0000 10.0000 0.2500 0.2500 0.2500 0.2500 0.2500 1.2500 1.9569 3.4426 
17.0000 32.0000 3.0000 0.0000 1.0000 0.0000 2 -1.0000 0.0000 1.1860 -2.0000 6.0000 10.0000 -10.0000 2.0000 -6.0000 0.2500 0.2500 0.2500 0.2500 0.2500 1.2500 1.8581 3.3593 
17.0000 59.0000 3.0000 4.0000 1.0000 -3.0000 2 -1.0000 0.0000 3.4320 2.0000 10.0000 14.0000 -6.0000 6.0000 -2.0000 0.2500 0.2500 0.2500 0.2500 0.2500 1.2500 1.8401 3.3425 
17.0000 29.0000 3.0000 0.0000 1.0000 -9.0000 8 1.0000 1.0000 0.9580 6.0000 -6.0000 -10.0000 10.0000 -2.0000 2.0000 0.2500 0.2500 0.2500 0.2500 0.2500 1.2500 1.8598 3.3593 
17.0000 47.0000 3.0000 2.0000 1.0000 3.0000 2 -1.0000 1.0000 0.9550 -8.0000 4.0000 12.0000 0.0000 8.0000 -4.0000 0.2500 0.2500 0.2500 0.2500 0.2500 1.2500 1.7741 3.2759 
17.0000 18.0000 3.0000 -2.0000 1.0000 0.0000 8 1.0000 0.0000 0.9110 -8.0000 0.0000 4.0000 -4.0000 8.0000 -12.0000 0.2500 0.2500 0.2500 0.2500 0.2500 1.2500 1.8140 3.3093 
17.0000 24.0000 3.0000 -2.0000 0.0000 -3.0000 2 -1.0000 0.0000 0.9490 8.0000 0.0000 -8.0000 4.0000 -12.0000 -4.0000 0.2360 0.1764 0.3657 0.2985 0.1657 1.2423 1.7507 3.2515 
17.0000 35.0000 3.0000 0.0000 1.0000 9.0000 2 -1.0000 1.0000 0.9550 -6.0000 2.0000 6.0000 -2.0000 10.0000 -10.0000 0.2500 0.2500 0.2500 0.2500 0.2500 1.2500 1.7698 3.2758 
17.0000 25.0000 3.0000 -2.0000 0.0000 0.0000 8 1.0000 0.0000 1.2390 4.0000 -8.0000 -12.0000 8.0000 -4.0000 0.0000 0.2234 0.2951 0.1789 0.2582 0.2951 1.2508 1.7879 3.2932 
17.0000 15.0000 3.0000 -2.0000 1.0000 -9.0000 8 1.0000 1.0000 1.1380 -8.0000 4.0000 8.0000 -12.0000 0.0000 -4.0000 0.2500 0.2500 0.2500 0.2500 0.2500 1.2500 1.9308 3.4259 
17.0000 1.0000 3.0000 -4.0000 1.0000 -9.0000 8 1.0000 1.0000 1.1520 2.0000 -6.0000 -10.0000 -2.0000 -14.0000 6.0000 0.2500 0.2500 0.2500 0.2500 0.2500 1.2500 1.9567 3.4592 
17.0000 61.0000 3.0000 4.0000 1.0000 3.0000 2 -1.0000 1.0000 1.8370 14.0000 2.0000 -6.0000 6.0000 -2.0000 10.0000 0.2500 0.2500 0.2500 0.2500 0.2500 1.2500 1.7992 3.2925 
17.0000 30.0000 3.0000 0.0000 1.0000 -6.0000 8 1.0000 1.0000 1.9940 -10.0000 -2.0000 10.0000 -6.0000 6.0000 2.0000 0.2500 0.2500 0.2500 0.2500 0.2500 1.2500 1.8793 3.3758 
17.0000 37.0000 3.0000 0.0000 0.0000 -6.0000 8 1.0000 1.0000 1.3850 -10.0000 -2.0000 10.0000 -6.0000 6.0000 2.0000 0.2776 0.3172 0.1764 0.2590 0.2185 1.2489 1.8722 3.3746 
17.0000 7.0000 4.0000 -4.0000 1.0000 9.0000 2 -1.0000 1.0000 2.1870 -14.0000 -2.0000 6.0000 -6.0000 2.0000 -10.0000 0.2500 0.2500 0.2500 0.2500 0.2500 1.2500 1.7824 3.2926 
17.0000 6.0000 4.0000 -4.0000 1.0000 6.0000 2 -1.0000 1.0000 1.2220 -10.0000 -2.0000 2.0000 -6.0000 6.0000 -14.0000 0.2500 0.2500 0.2500 0.2500 0.2500 1.2500 1.9964 3.4926 
17.0000 36.0000 4.0000 0.0000 0.0000 -9.0000 8 1.0000 1.0000 0.8680 -2.0000 6.0000 10.0000 -10.0000 2.0000 -6.0000 0.2827 0.1809 0.2095 0.2492 0.3222 1.2446 1.8564 3.3539 
17.0000 1.0000 4.0000 -4.0000 1.0000 -9.0000 8 1.0000 1.0000 1.8400 6.0000 -2.0000 -14.0000 2.0000 -10.0000 -6.0000 0.2500 0.2500 0.2500 0.2500 0.2500 1.2500 1.9158 3.4091 
17.0000 37.0000 4.0000 0.0000 0.0000 -6.0000 8 1.0000 1.0000 1.8430 6.0000 -2.0000 -6.0000 2.0000 -10.0000 10.0000 0.2540 0.1794 0.2705 0.3611 0.1802 1.2452 1.7833 3.2711 
17.0000 52.0000 4.0000 2.0000 0.0000 -3.0000 8 1.0000 1.0000 1.2060 8.0000 0.0000 -4.0000 4.0000 -8.0000 12.0000 0.1549 0.2410 0.3159 0.2908 0.2573 1.2599 1.8884 3.4026 
17.0000 32.0000 4.0000 0.0000 1.0000 0.0000 2 -1.0000 0.0000 2.7690 10.0000 2.0000 -6.0000 6.0000 -10.0000 -2.0000 0.2500 0.2500 0.2500 0.2500 0.2500 1.2500 1.9633 3.4592 
17.0000 69.0000 4.0000 4.0000 0.0000 6.0000 2 -1.0000 1.0000 3.0350 14.0000 6.0000 -2.0000 10.0000 -6.0000 2.0000 0.1776 0.1513 0.2887 0.3465 0.2836 1.2477 1.8166 3.3068 
17.0000 51.0000 4.0000 2.0000 0.0000 -6.0000 8 1.0000 1.0000 1.3390 -4.0000 4.0000 8.0000 0.0000 12.0000 -8.0000 0.3480 0.1794 0.2170 0.2880 0.2110 1.2434 1.8470 3.3359 
17.0000 24.0000 4.0000 -2.0000 0.0000 -3.0000 8 1.0000 1.0000 1.1080 -8.0000 0.0000 8.0000 -4.0000 4.0000 -12.0000 0.1765 0.2059 0.2681 0.2238 0.3659 1.2401 1.8871 3.3827 
17.0000 68.0000 4.0000 4.0000 0.0000 3.0000 2 -1.0000 1.0000 1.0480 14.0000 2.0000 -2.0000 6.0000 -6.0000 10.0000 0.2457 0.3657 0.1574 0.3281 0.1628 1.2596 1.9791 3.5024 
17.0000 58.0000 4.0000 4.0000 1.0000 -6.0000 8 1.0000 1.0000 1.2860 6.0000 -2.0000 -6.0000 14.0000 2.0000 10.0000 0.2500 0.2500 0.2500 0.2500 0.2500 1.2500 1.8349 3.3424 
17.0000 18.0000 4.0000 -2.0000 1.0000 0.0000 2 -1.0000 0.0000 0.8400 -12.0000 -4.0000 4.0000 -8.0000 8.0000 0.0000 0.2500 0.2500 0.2500 0.2500 0.2500 1.2500 1.8851 3.3925 
17.0000 28.0000 4.0000 -2.0000 0.0000 9.0000 2 -1.0000 1.0000 1.4110 -8.0000 0.0000 4.0000 -4.0000 8.0000 -12.0000 0.3008 0.1940 0.2243 0.2841 0.2461 1.2494 1.7616 3.2586 
17.0000 61.0000 4.0000 4.0000 1.0000 3.0000 2 -1.0000 1.0000 1.5330 -6.0000 6.0000 10.0000 2.0000 14.0000 -2.0000 0.2500 0.2500 0.2500 0.2500 0.2500 1.2500 1.9592 3.4594 
17.0000 70.0000 4.0000 4.0000 0.0000 9.0000 2 -1.0000 1.0000 1.6520 10.0000 -2.0000 -6.0000 14.0000 2.0000 6.0000 0.3163 0.2532 0.2250 0.2828 0.1754 1.2527 1.7662 3.2619 
17.0000 5.0000 4.0000 -4.0000 1.0000 3.0000 8 1.0000 0.0000 1.8600 6.0000 -6.0000 -10.0000 -2.0000 -14.0000 2.0000 0.2500 0.2500 0.2500 0.2500 0.2500 1.2500 1.8048 3.3093 
17.0000 8.0000 4.0000 -4.0000 0.0000 -9.0000 8 1.0000 1.0000 2.9080 -14.0000 -2.0000 2.0000 -6.0000 6.0000 -10.0000 0.1710 0.3435 0.2115 0.2394 0.2766 1.2421 1.9694 3.4514 
17.0000 65.0000 4.0000 4.0000 0.0000 -6.0000 8 1.0000 1.0000 1.4360 14.0000 2.0000 -6.0000 6.0000 -2.0000 10.0000 0.1534 0.3439 0.1652 0.3060 0.2786 1.2471 1.9521 3.4397 
17.0000 16.0000 4.0000 -2.0000 1.0000 -6.0000 8 1.0000 1.0000 1.3880 -12.0000 -4.0000 4.0000 -8.0000 8.0000 0.0000 0.2500 0.2500 0.2500 0.2500 0.2500 1.2500 1.8189 3.3091 
17.0000 25.0000 4.0000 -2.0000 0.0000 0.0000 2 -1.0000 0.0000 1.5550 -12.0000 0.0000 8.0000 -4.0000 4.0000 -8.0000 0.1844 0.2921 0.3442 0.2654 0.1612 1.2473 1.9013 3.4065 
17.0000 46.0000 4.0000 2.0000 1.0000 0.0000 2 -1.0000 0.0000 2.1420 -4.0000 8.0000 12.0000 -8.0000 4.0000 0.0000 0.2500 0.2500 0.2500 0.2500 0.2500 1.2500 1.9485 3.4593 
17.0000 55.0000 4.0000 2.0000 0.0000 6.0000 2 -1.0000 1.0000 1.9970 4.0000 -4.0000 -8.0000 12.0000 0.0000 8.0000 0.3231 0.2452 0.3047 0.2115 0.1636 1.2480 1.9045 3.4072 
17.0000 60.0000 4.0000 4.0000 1.0000 0.0000 2 -1.0000 0.0000 1.0920 -6.0000 6.0000 14.0000 2.0000 10.0000 -2.0000 0.2500 0.2500 0.2500 0.2500 0.2500 1.2500 1.8904 3.3925 
17.0000 63.0000 4.0000 4.0000 1.0000 9.0000 2 -1.0000 1.0000 1.0800 -6.0000 6.0000 10.0000 2.0000 14.0000 -2.0000 0.2500 0.2500 0.2500 0.2500 0.2500 1.2500 1.8306 3.3258 
17.0000 56.0000 4.0000 2.0000 0.0000 9.0000 2 -1.0000 1.0000 1.9000 12.0000 0.0000 -8.0000 4.0000 -4.0000 8.0000 0.3204 0.1781 0.2550 0.2290 0.2626 1.2451 1.8804 3.3711 
17.0000 44.0000 4.0000 2.0000 1.0000 -6.0000 2 -1.0000 0.0000 1.6760 0.0000 8.0000 12.0000 -8.0000 4.0000 -4.0000 0.2500 0.2500 0.2500 0.2500 0.2500 1.2500 1.7567 3.2592 
17.0000 27.0000 4.0000 -2.0000 0.0000 6.0000 2 -1.0000 1.0000 1.9820 8.0000 0.0000 -12.0000 4.0000 -8.0000 -4.0000 0.1545 0.3829 0.1612 0.3228 0.2311 1.2526 1.9326 3.4285 
17.0000 23.0000 4.0000 -2.0000 0.0000 -6.0000 8 1.0000 1.0000 1.4180 -12.0000 -4.0000 4.0000 -8.0000 8.0000 0.0000 0.2752 0.1916 0.2227 0.1891 0.3780 1.2566 1.9301 3.4325 
17.0000 2.0000 4.0000 -4.0000 1.0000 -6.0000 8 1.0000 1.0000 1.0940 2.0000 -10.0000 -14.0000 6.0000 -6.0000 -2.0000 0.2500 0.2500 0.2500 0.2500 0.2500 1.2500 1.7652 3.2591 
17.0000 35.0000 4.0000 0.0000 1.0000 9.0000 2 -1.0000 1.0000 0.9800 -10.0000 2.0000 10.0000 -2.0000 6.0000 -6.0000 0.2500 0.2500 0.2500 0.2500 0.2500 1.2500 1.9984 3.4926 
17.0000 22.0000 4.0000 -2.0000 0.0000 -9.0000 2 -1.0000 0.0000 0.8620 -8.0000 0.0000 4.0000 -4.0000 8.0000 -12.0000 0.3264 0.2178 0.1831 0.1534 0.3686 1.2494 1.8219 3.3252 
17.0000 20.0000 4.0000 -2.0000 1.0000 6.0000 8 1.0000 0.0000 2.3120 -12.0000 -4.0000 4.0000 -8.0000 8.0000 0.0000 0.2500 0.2500 0.2500 0.2500 0.2500 1.2500 1.9434 3.4426 
17.0000 48.0000 4.0000 2.0000 1.0000 6.0000 2 -1.0000 1.0000 2.2930 8.0000 0.0000 -4.0000 4.0000 -8.0000 12.0000 0.2500 0.2500 0.2500 0.2500 0.2500 1.2500 1.9620 3.4593 
17.0000 40.0000 4.0000 0.0000 0.0000 3.0000 2 -1.0000 1.0000 1.6590 -10.0000 2.0000 10.0000 -2.0000 6.0000 -6.0000 0.2465 0.3668 0.1767 0.2505 0.2185 1.2591 1.7576 3.2683 
17.0000 13.0000 4.0000 -4.0000 0.0000 6.0000 2 -1.0000 1.0000 3.2150 -14.0000 -6.0000 2.0000 -10.0000 6.0000 -2.0000 0.2270 0.1523 0.3355 0.2885 0.2499 1.2533 1.9348 3.4459 
17.0000 19.0000 4.0000 -2.0000 1.0000 3.0000 2 -1.0000 1.0000 2.8540 -8.0000 4.0000 8.0000 -12.0000 0.0000 -4.0000 0.2500 0.2500 0.2500 0.2500 0.2500 1.2500 1.7814 3.2759 
17.0000 34.0000 4.0000 0.0000 1.0000 6.0000 2 -1.0000 1.0000 1.9780 -10.0000 2.0000 10.0000 -2.0000 6.0000 -6.0000 0.2500 0.2500 0.2500 0.2500 0.2500 1.2500 1.9332 3.4258 
17.0000 45.0000 4.0000 2.0000 1.0000 -3.0000 2 -1.0000 0.0000 1.0210 -8.0000 0.0000 12.0000 -4.0000 8.0000 4.0000 0.2500 0.2500 0.2500 0.2500 0.2500 1.2500 1.9644 3.4593 
17.0000 50.0000 4.0000 2.0000 0.0000 -9.0000 8 1.0000 1.0000 1.9740 12.0000 4.0000 -4.0000 8.0000 -8.0000 0.0000 0.2938 0.2225 0.1845 0.3708 0.1736 1.2453 1.8686 3.3544 
17.0000 42.0000 4.0000 0.0000 0.0000 9.0000 2 -1.0000 1.0000 2.1380 10.0000 -2.0000 -6.0000 2.0000 -10.0000 6.0000 0.1997 0.3896 0.1600 0.2064 0.2938 1.2495 1.9334 3.4255 
17.0000 41.0000 4.0000 0.0000 0.0000 6.0000 2 -1.0000 1.0000 1.0740 6.0000 -2.0000 -6.0000 2.0000 -10.0000 10.0000 0.1566 0.3086 0.2164 0.2603 0.3065 1.2484 1.9151 3.4243 
17.0000 15.0000 4.0000 -2.0000 1.0000 -9.0000 8 1.0000 1.0000 2.6130 0.0000 -8.0000 -12.0000 8.0000 -4.0000 4.0000 0.2500 0.2500 0.2500 0.2500 0.2500 1.2500 1.8535 3.3592 
17.0000 38.0000 4.0000 0.0000 0.0000 -3.0000 8 1.0000 1.0000 1.0860 -10.0000 2.0000 10.0000 -2.0000 6.0000 -6.0000 0.1784 0.2082 0.2672 0.3789 0.2202 1.2529 1.9585 3.4623 
17.0000 30.0000 4.0000 0.0000 1.0000 -6.0000 8 1.0000 1.0000 1.4510 10.0000 -2.0000 -6.0000 2.0000 -10.0000 6.0000 0.2500 0.2500 0.2500 0.2500 0.2500 1.2500 1.8357 3.3425 
17.0000 67.0000 4.0000 4.0000 0.0000 0.0000 2 -1.0000 0.0000 0.9940 -2.0000 10.0000 14.0000 -6.0000 6.0000 2.0000 0.2455 0.3001 0.1737 0.3585 0.1676 1.2454 1.8189 3.3213 
17.0000 43.0000 4.0000 2.0000 1.0000 -9.0000 8 1.0000 1.0000 1.0020 8.0000 -4.0000 -8.0000 12.0000 0.0000 4.0000 0.2500 0.2500 0.2500 0.2500 0.2500 1.2500 1.8798 3.3758 
17.0000 64.0000 4.0000 4.0000 0.0000 -9.0000 8 1.0000 1.0000 1.0280 -6.0000 2.0000 14.0000 -2.0000 10.0000 6.0000 0.2949 0.2591 0.1783 0.3264 0.1961 1.2548 1.7835 3.2806 
17.0000 53.0000 4.0000 2.0000 0.0000 0.0000 2 -1.0000 0.0000 2.3230 12.0000 0.0000 -8.0000 4.0000 -4.0000 8.0000 0.1610 0.2943 0.2432 0.3095 0.2471 1.2551 1.8246 3.3310 
17.0000 66.0000 4.0000 4.0000 0.0000 -3.0000 2 -1.0000 0.0000 2.7670 14.0000 2.0000 -2.0000 6.0000 -6.0000 10.0000 0.3289 0.1907 0.2893 0.2618 0.1713 1.2420 1.8541 3.3345 
17.0000 10.0000 4.0000 -4.0000 0.0000 -3.0000 8 1.0000 1.0000 1.1330 -14.0000 -6.0000 6.0000 -10.0000 2.0000 -2.0000 0.2365 0.1646 0.3661 0.2858 0.1903 1.2434 1.8048 3.2860 
17.0000 11.0000 4.0000 -4.0000 0.0000 0.0000 8 1.0000 0.0000 1.0490 -10.0000 -2.0000 6.0000 -6.0000 2.0000 -14.0000 0.2404 0.3159 0.2820 0.2363 0.1801 1.2547 1.7813 3.2973 
17.0000 54.0000 4.0000 2.0000 0.0000 3.0000 2 -1.0000 1.0000 1.8160 -4.0000 4.0000 12.0000 0.0000 8.0000 -8.0000 0.1850 0.2940 0.1660 0.2672 0.3301 1.2423 1.9875 3.4849 
17.0000 59.0000 4.0000 4.0000 1.0000 -3.0000 2 -1.0000 0.0000 2.2010 -2.0000 10.0000 14.0000 -6.0000 6.0000 2.0000 0.2500 0.2500 0.2500 0.2500 0.2500 1.2500 1.8357 3.3425 
17.0000 62.0000 4.0000 4.0000 1.0000 6.0000 2 -1.0000 1.0000 1.7340 -6.0000 2.0000 14.0000 -2.0000 10.0000 6.0000 0.2500 0.2500 0.2500 0.2500 0.2500 1.2500 1.8915 3.3925 
17.0000 3.0000 4.0000 -4.0000 1.0000 -3.0000 8 1.0000 1.0000 1.3750 -14.0000 -6.0000 2.0000 -10.0000 6.0000 -2.0000 0.2500 0.2500 0.2500 0.2500 0.2500 1.2500 1.8954 3.3925 
17.0000 17.0000 4.0000 -2.0000 1.0000 -3.0000 8 1.0000 1.0000 1.1140 -12.0000 0.0000 4.0000 -4.0000 8.0000 -8.0000 0.2500 0.2500 0.2500 0.2500 0.2500 1.2500 1.9795 3.4759 
17.0000 12.0000 4.0000 -4.0000 0.0000 3.0000 2 -1.0000 1.0000 1.4790 -2.0000 -10.0000 -14.0000 6.0000 -6.0000 2.0000 0.2874 0.2215 0.1626 0.2786 0.3040 1.2540 1.8049 3.3133 
17.0000 49.0000 4.0000 2.0000 1.0000 9.0000 2 -1.0000 1.0000 1.5020 8.0000 0.0000 -8.0000 4.0000 -4.0000 12.0000 0.2500 0.2500 0.2500 0.2500 0.2500 1.2500 1.9954 3.4926 
17.0000 57.0000 4.0000 4.0000 1.0000 -9.0000 8 1.0000 1.0000 2.0660 10.0000 -2.0000 -6.0000 14.0000 2.0000 6.0000 0.2500 0.2500 0.2500 0.2500 0.2500 1.2500 1.8616 3.3592 
17.0000 26.0000 4.0000 -2.0000 0.0000 3.0000 2 -1.0000 1.0000 1.6470 8.0000 0.0000 -12.0000 4.0000 -8.0000 -4.0000 0.3446 0.1785 0.2797 0.2014 0.2440 1.2483 1.8170 3.3074 
17.0000 31.0000 4.0000 0.0000 1.0000 -3.0000 2 -1.0000 0.0000 1.8320 2.0000 -6.0000 -10.0000 10.0000 -2.0000 6.0000 0.2500 0.2500 0.2500 0.2500 0.2500 1.2500 1.8374 3.3259 
17.0000 21.0000 4.0000 -2.0000 1.0000 9.0000 2 -1.0000 1.0000 0.9580 -8.0000 4.0000 8.0000 -12.0000 0.0000 -4.0000 0.2500 0.2500 0.2500 0.2500 0.2500 1.2500 1.8036 3.3092 
17.0000 14.0000 4.0000 -4.0000 0.0000 9.0000 2 -1.0000 1.0000 1.1230 6.0000 -6.0000 -10.0000 -2.0000 -14.0000 2.0000 0.3183 0.1557 0.2521 0.1507 0.3678 1.2445 1.8079 3.3037 
17.0000 29.0000 4.0000 0.0000 1.0000 -9.0000 8 1.0000 1.0000 0.8010 -2.0000 6.0000 10.0000 -10.0000 2.0000 -6.0000 0.2500 0.2500 0.2500 0.2500 0.2500 1.2500 1.9427 3.4427 
17.0000 39.0000 4.0000 0.0000 0.0000 0.0000 8 1.0000 0.0000 1.8110 2.0000 -6.0000 -10.0000 10.0000 -2.0000 6.0000 0.2384 0.2014 0.3146 0.2596 0.2316 1.2456 1.9652 3.4716 
17.0000 33.0000 4.0000 0.0000 1.0000 3.0000 2 -1.0000 1.0000 0.7460 2.0000 -6.0000 -10.0000 10.0000 -2.0000 6.0000 0.2500 0.2500 0.2500 0.2500 0.2500 1.2500 1.8777 3.3758 
17.0000 9.0000 4.0000 -4.0000 0.0000 -6.0000 8 1.0000 1.0000 0.8780 2.0000 -10.0000 -14.0000 6.0000 -6.0000 -2.0000 0.1790 0.2872 0.2605 0.1842 0.3385 1.2495 1.7830 3.2920 
17.0000 4.0000 4.0000 -4.0000 1.0000 0.0000 8 1.0000 0.0000 1.4980 2.0000 -6.0000 -10.0000 -2.0000 -14.0000 6.0000 0.2500 0.2500 0.2500 0.2500 0.2500 1.2500 1.9151 3.4092 
17.0000 47.0000 4.0000 2.0000 1.0000 3.0000 2 -1.0000 1.0000 0.8020 -4.0000 4.0000 12.0000 0.0000 8.0000 -8.0000 0.2500 0.2500 0.2500 0.2500 0.2500 1.2500 1.7757 3.2758 
17.0000 4.0000 5.0000 -4.0000 1.0000 0.0000 8 1.0000 0.0000 1.3950 -14.0000 -6.0000 6.0000 -10.0000 2.0000 -2.0000 0.2500 0.2500 0.2500 0.2500 0.2500 1.2500 1.9999 3.5092 
17.0000 31.0000 5.0000 0.0000 1.0000 -3.0000 2 -1.0000 0.0000 0.2210 10.0000 -2.0000 -6.0000 2.0000 -10.0000 6.0000 0.2500 0.2500 0.2500 0.2500 0.2500 1.2500 1.9422 3.4426 
17.0000 22.0000 5.0000 -2.0000 0.0000 -9.0000 8 1.0000 1.0000 1.4560 -8.0000 4.0000 8.0000 -12.0000 0.0000 -4.0000 0.2231 0.3603 0.1988 0.3161 0.1540 1.2523 1.7825 3.2782 
17.0000 62.0000 5.0000 4.0000 1.0000 6.0000 2 -1.0000 1.0000 1.5990 14.0000 6.0000 -6.0000 10.0000 -2.0000 2.0000 0.2500 0.2500 0.2500 0.2500 0.2500 1.2500 1.8526 3.3425 
17.0000 11.0000 5.0000 -4.0000 0.0000 0.0000 8 1.0000 0.0000 1.1500 2.0000 -6.0000 -14.0000 -2.0000 -10.0000 6.0000 0.2705 0.1707 0.2796 0.1867 0.3385 1.2461 1.8408 3.3385 
17.0000 25.0000 5.0000 -2.0000 0.0000 0.0000 2 -1.0000 0.0000 1.1900 -12.0000 0.0000 8.0000 -4.0000 4.0000 -8.0000 0.2241 0.3130 0.1698 0.3364 0.2163 1.2597 1.9172 3.4189 
17.0000 48.0000 5.0000 2.0000 1.0000 6.0000 8 1.0000 0.0000 1.3360 12.0000 4.0000 -4.0000 8.0000 -8.0000 0.0000 0.2500 0.2500 0.2500 0.2500 0.2500 1.2500 1.8399 3.3260 
17.0000 61.0000 5.0000 4.0000 1.0000 3.0000 2 -1.0000 1.0000 1.2100 -2.0000 6.0000 14.0000 2.0000 10.0000 -6.0000 0.2500 0.2500 0.2500 0.2500 0.2500 1.2500 1.8432 3.3593 
17.0000 51.0000 5.0000 2.0000 0.0000 -6.0000 2 -1.0000 0.0000 1.4600 -4.0000 4.0000 8.0000 0.0000 12.0000 -8.0000 0.3292 0.2400 0.1570 0.2758 0.2443 1.2463 1.7620 3.2722 
17.0000 67.0000 5.0000 4.0000 0.0000 0.0000 2 -1.0000 0.0000 2.2180 -2.0000 6.0000 14.0000 2.0000 10.0000 -6.0000 0.1634 0.3515 0.2295 0.1644 0.3501 1.2589 1.8096 3.3181 
17.0000 8.0000 5.0000 -4.0000 0.0000 -9.0000 8 1.0000 1.0000 1.1310 -14.0000 -2.0000 6.0000 -6.0000 2.0000 -10.0000 0.2326 0.1811 0.2571 0.3569 0.2292 1.2569 1.7789 3.2827 
17.0000 35.0000 5.0000 0.0000 1.0000 9.0000 2 -1.0000 1.0000 1.1950 2.0000 -6.0000 -10.0000 10.0000 -2.0000 6.0000 0.2500 0.2500 0.2500 0.2500 0.2500 1.2500 1.9210 3.4259 
17.0000 3.0000 5.0000 -4.0000 1.0000 -3.0000 2 -1.0000 0.0000 1.8220 -6.0000 2.0000 6.0000 -14.0000 -2.0000 -10.0000 0.2500 0.2500 0.2500 0.2500 0.2500 1.2500 1.7871 3.2924 
17.0000 5.0000 5.0000 -4.0000 1.0000 3.0000 8 1.0000 0.0000 0.7980 -14.0000 -6.0000 2.0000 -10.0000 6.0000 -2.0000 0.2500 0.2500 0.2500 0.2500 0.2500 1.2500 1.8384 3.3426 
17.0000 15.0000 5.0000 -2.0000 1.0000 -9.0000 8 1.0000 1.0000 1.6910 -12.0000 0.0000 4.0000 -4.0000 8.0000 -8.0000 0.2500 0.2500 0.2500 0.2500 0.2500 1.2500 1.8768 3.3758 
17.0000 13.0000 5.0000 -4.0000 0.0000 6.0000 2 -1.0000 1.0000 1.0140 -10.0000 -2.0000 2.0000 -6.0000 6.0000 -14.0000 0.3937 0.2265 0.1842 0.2910 0.1609 1.2562 1.7505 3.2487 
17.0000 12.0000 5.0000 -4.0000 0.0000 3.0000 8 1.0000 0.0000 1.1430 6.0000 -6.0000 -10.0000 -2.0000 -14.0000 2.0000 0.2554 0.3041 0.1721 0.3308 0.1855 1.2479 1.7832 3.2736 
17.0000 44.0000 5.0000 2.0000 1.0000 -6.0000 8 1.0000 1.0000 1.2650 4.0000 -4.0000 -8.0000 12.0000 0.0000 8.0000 0.2500 0.2500 0.2500 0.2500 0.2500 1.2500 1.8618 3.3592 
17.0000 27.0000 5.0000 -2.0000 0.0000 6.0000 2 -1.0000 1.0000 1.3460 4.0000 -4.0000 -8.0000 0.0000 -12.0000 8.0000 0.3082 0.2591 0.3346 0.1871 0.1538 1.2429 1.9776 3.4687 
17.0000 19.0000 5.0000 -2.0000 1.0000 3.0000 8 1.0000 0.0000 1.6630 8.0000 -4.0000 -8.0000 0.0000 -12.0000 4.0000 0.2500 0.2500 0.2500 0.2500 0.2500 1.2500 1.9750 3.4760 
17.0000 53.0000 5.0000 2.0000 0.0000 0.0000 2 -1.0000 0.0000 1.5270 12.0000 4.0000 -8.0000 8.0000 -4.0000 0.0000 0.3338 0.1921 0.2415 0.1740 0.3010 1.2425 1.7631 3.2685 
17.0000 30.0000 5.0000 0.0000 1.0000 -6.0000 8 1.0000 1.0000 1.1530 6.0000 -2.0000 -6.0000 2.0000 -10.0000 10.0000 0.2500 0.2500 0.2500 0.2500 0.2500 1.2500 1.8363 3.3426 
17.0000 56.0000 5.0000 2.0000 0.0000 9.0000 2 -1.0000 1.0000 1.0240 -4.0000 4.0000 12.0000 0.0000 8.0000 -8.0000 0.2474 0.1794 0.2433 0.3003 0.2702 1.2406 1.9336 3.4331 
17.0000 49.0000 5.0000 2.0000 1.0000 9.0000 2 -1.0000 1.0000 0.9450 -4.0000 4.0000 8.0000 0.0000 12.0000 -8.0000 0.2500 0.2500 0.2500 0.2500 0.2500 1.2500 1.7959 3.2926 
17.0000 33.0000 5.0000 0.0000 1.0000 3.0000 2 -1.0000 1.0000 1.1930 10.0000 2.0000 -10.0000 6.0000 -6.0000 -2.0000 0.2500 0.2500 0.2500 0.2500 0.2500 1.2500 1.9461 3.4425 
17.0000 6.0000 5.0000 -4.0000 1.0000 6.0000 2 -1.0000 1.0000 1.4270 6.0000 -2.0000 -14.0000 2.0000 -10.0000 -6.0000 0.2500 0.2500 0.2500 0.2500 0.2500 1.2500 1.8041 3.3091 
17.0000 59.0000 5.0000 4.0000 1.0000 -3.0000 2 -1.0000 0.0000 1.0600 2.0000 10.0000 14.0000 -6.0000 6.0000 -2.0000 0.2500 0.2500 0.2500 0.2500 0.2500 1.2500 1.9662 3.4592 
17.0000 17.0000 5.0000 -2.0000 1.0000 -3.0000 8 1.0000 1.0000 1.1030 8.0000 -4.0000 -12.0000 0.0000 -8.0000 4.0000 0.2500 0.2500 0.2500 0.2500 0.2500 1.2500 1.7720 3.2758 
17.0000 24.0000 5.0000 -2.0000 0.0000 -3.0000 8 1.0000 1.0000 1.4530 -8.0000 0.0000 8.0000 -4.0000 4.0000 -12.0000 0.2849 0.1885 0.2575 0.2150 0.3110 1.2569 1.7861 3.2828 
17.0000 14.0000 5.0000 -4.0000 0.0000 9.0000 2 -1.0000 1.0000 0.9190 6.0000 -2.0000 -10.0000 2.0000 -14.0000 -6.0000 0.2574 0.2264 0.3442 0.1935 0.2213 1.2429 1.7636 3.2520 
17.0000 46.0000 5.0000 2.0000 1.0000 0.0000 2 -1.0000 0.0000 1.1990 -4.0000 8.0000 12.0000 -8.0000 4.0000 0.0000 0.2500 0.2500 0.2500 0.2500 0.2500 1.2500 1.8772 3.3926 
17.0000 52.0000 5.0000 2.0000 0.0000 -3.0000 8 1.0000 1.0000 1.7530 8.0000 0.0000 -4.0000 4.0000 -8.0000 12.0000 0.1524 0.3099 0.2733 0.3424 0.1718 1.2498 1.8197 3.3256 
17.0000 40.0000 5.0000 0.0000 0.0000 3.0000 2 -1.0000 1.0000 1.6200 10.0000 2.0000 -6.0000 6.0000 -10.0000 -2.0000 0.3009 0.2016 0.1534 0.3295 0.2607 1.2461 1.7592 3.2553 
17.0000 47.0000 5.0000 2.0000 1.0000 3.0000 2 -1.0000 1.0000 1.5240 8.0000 -4.0000 -8.0000 12.0000 0.0000 4.0000 0.2500 0.2500 0.2500 0.2500 0.2500 1.2500 1.8582 3.3592 
17.0000 39.0000 5.0000 0.0000 0.0000 0.0000 8 1.0000 0.0000 1.0080 -10.0000 2.0000 6.0000 -2.0000 10.0000 -6.0000 0.2847 0.2201 0.1784 0.3522 0.2074 1.2427 1.9762 3.4685 
17.0000 60.0000 5.0000 4.0000 1.0000 0.0000 2 -1.0000 0.0000 0.9660 6.0000 -2.0000 -6.0000 14.0000 2.0000 10.0000 0.2500 0.2500 0.2500 0.2500 0.2500 1.2500 1.9449 3.4426 
17.0000 18.0000 5.0000 -2.0000 1.0000 0.0000 8 1.0000 0.0000 0.9140 0.0000 -8.0000 -12.0000 8.0000 -4.0000 4.0000 0.2500 0.2500 0.2500 0.2500 0.2500 1.2500 1.7709 3.2758 
17.0000 34.0000 5.0000 0.0000 1.0000 6.0000 2 -1.0000 1.0000 0.9380 10.0000 -2.0000 -10.0000 2.0000 -6.0000 6.0000 0.2500 0.2500 0.2500 0.2500 0.2500 1.2500 1.9230 3.4261 
17.0000 41.0000 5.0000 0.0000 0.0000 6.0000 2 -1.0000 1.0000 0.8440 6.0000 -2.0000 -6.0000 2.0000 -10.0000 10.0000 0.2788 0.2091 0.1607 0.3357 0.2604 1.2448 1.8446 3.3373 
17.0000 66.0000 5.0000 4.0000 0.0000 -3.0000 2 -1.0000 0.0000 1.1020 -2.0000 6.0000 10.0000 2.0000 14.0000 -6.0000 0.1919 0.2945 0.2502 0.3068 0.2050 1.2483 1.8505 3.3410 
17.0000 37.0000 5.0000 0.0000 0.0000 -6.0000 8 1.0000 1.0000 1.0290 -6.0000 6.0000 10.0000 -10.0000 2.0000 -2.0000 0.3536 0.1871 0.2690 0.1881 0.2496 1.2474 1.9286 3.4234 
17.0000 64.0000 5.0000 4.0000 0.0000 -9.0000 8 1.0000 1.0000 1.9910 10.0000 -2.0000 -6.0000 14.0000 2.0000 6.0000 0.2070 0.2662 0.3090 0.1977 0.2767 1.2566 1.7835 3.2825 
17.0000 20.0000 5.0000 -2.0000 1.0000 6.0000 2 -1.0000 1.0000 0.8110 -12.0000 0.0000 8.0000 -4.0000 4.0000 -8.0000 0.2500 0.2500 0.2500 0.2500 0.2500 1.2500 1.8782 3.3924 
17.0000 63.0000 5.0000 4.0000 1.0000 9.0000 2 -1.0000 1.0000 1.0140 14.0000 2.0000 -2.0000 6.0000 -6.0000 10.0000 0.2500 0.2500 0.2500 0.2500 0.2500 1.2500 1.7987 3.3093 
17.0000 9.0000 5.0000 -4.0000 0.0000 -6.0000 8 1.0000 1.0000 0.9250 2.0000 -10.0000 -14.0000 6.0000 -6.0000 -2.0000 0.2310 0.3215 0.2600 0.1749 0.2598 1.2472 1.8187 3.3232 
17.0000 70.0000 5.0000 4.0000 0.0000 9.0000 2 -1.0000 1.0000 0.8550 -2.0000 10.0000 14.0000 -6.0000 6.0000 2.0000 0.1927 0.1635 0.2530 0.3604 0.2887 1.2582 1.8622 3.3675 
17.0000 57.0000 5.0000 4.0000 1.0000 -9.0000 8 1.0000 1.0000 1.4750 -2.0000 10.0000 14.0000 -6.0000 6.0000 2.0000 0.2500 0.2500 0.2500 0.2500 0.2500 1.2500 1.8905 3.3925 
17.0000 45.0000 5.0000 2.0000 1.0000 -3.0000 2 -1.0000 0.0000 1.6110 -8.0000 0.0000 8.0000 -4.0000 12.0000 4.0000 0.2500 0.2500 0.2500 0.2500 0.2500 1.2500 1.9722 3.4761 
17.0000 58.0000 5.0000 4.0000 1.0000 -6.0000 2 -1.0000 0.0000 1.0310 -6.0000 6.0000 10.0000 2.0000 14.0000 -2.0000 0.2500 0.2500 0.2500 0.2500 0.2500 1.2500 1.9236 3.4258 
17.0000 10.0000 5.0000 -4.0000 0.0000 -3.0000 8 1.0000 1.0000 2.1640 -14.0000 -6.0000 6.0000 -10.0000 2.0000 -2.0000 0.2563 0.3209 0.2509 0.1749 0.2379 1.2409 1.9471 3.4333 
17.0000 55.0000 5.0000 2.0000 0.0000 6.0000 2 -1.0000 1.0000 1.3980 0.0000 8.0000 12.0000 -8.0000 4.0000 -4.0000 0.1849 0.2324 0.3604 0.2000 0.2789 1.2566 1.8296 3.3324 
17.0000 69.0000 5.0000 4.0000 0.0000 6.0000 2 -1.0000 1.0000 0.7770 10.0000 2.0000 -6.0000 6.0000 -2.0000 14.0000 0.2233 0.1667 0.2609 0.3834 0.2155 1.2499 1.9736 3.4758 
17.0000 7.0000 5.0000 -4.0000 1.0000 9.0000 2 -1.0000 1.0000 2.3250 -14.0000 -6.0000 2.0000 -10.0000 6.0000 -2.0000 0.2500 0.2500 0.2500 0.2500 0.2500 1.2500 1.9459 3.4425 
17.0000 54.0000 5.0000 2.0000 0.0000 3.0000 2 -1.0000 1.0000 1.3950 -8.0000 0.0000 12.0000 -4.0000 8.0000 4.0000 0.1675 0.2267 0.3930 0.1872 0.2720 1.2464 1.7600 3.2723 
17.0000 36.0000 5.0000 0.0000 0.0000 -9.0000 8 1.0000 1.0000 1.1960 -10.0000 -2.0000 10.0000 -6.0000 6.0000 2.0000 0.2059 0.3251 0.2249 0.3442 0.1597 1.2597 1.8023 3.3190 
17.0000 50.0000 5.0000 2.0000 0.0000 -9.0000 8 1.0000 1.0000 0.8200 8.0000 0.0000 -8.0000 4.0000 -4.0000 12.0000 0.2198 0.2522 0.2251 0.3114 0.2478 1.2563 1.8083 3.3155 
17.0000 38.0000 5.0000 0.0000 0.0000 -3.0000 8 1.0000 1.0000 1.3260 6.0000 -2.0000 -6.0000 2.0000 -10.0000 10.0000 0.1541 0.2969 0.3861 0.2325 0.1849 1.2545 1.9909 3.4970 
17.0000 43.0000 5.0000 2.0000 1.0000 -9.0000 8 1.0000 1.0000 0.9260 -8.0000 0.0000 12.0000 -4.0000 8.0000 4.0000 0.2500 0.2500 0.2500 0.2500 0.2500 1.2500 1.9108 3.4091 
17.0000 28.0000 5.0000 -2.0000 0.0000 9.0000 2 -1.0000 1.0000 1.0050 -12.0000 -4.0000 4.0000 -8.0000 8.0000 0.0000 0.1505 0.3687 0.2909 0.2076 0.2362 1.2540 1.9792 3.4800 
17.0000 21.0000 5.0000 -2.0000 1.0000 9.0000 2 -1.0000 1.0000 0.9670 8.0000 -4.0000 -8.0000 0.0000 -12.0000 4.0000 0.2500 0.2500 0.2500 0.2500 0.2500 1.2500 1.7774 3.2758 
17.0000 29.0000 5.0000 0.0000 1.0000 -9.0000 8 1.0000 1.0000 0.9470 -6.0000 2.0000 6.0000 -2.0000 10.0000 -10.0000 0.2500 0.2500 0.2500 0.2500 0.2500 1.2500 1.7912 3.2925 
17.0000 23.0000 5.0000 -2.0000 0.0000 -6.0000 8 1.0000 1.0000 0.9060 -12.0000 -4.0000 4.0000 -8.0000 8.0000 0.0000 0.1998 0.3517 0.1600 0.3709 0.1658 1.2481 1.9670 3.4574 
17.0000 1.0000 5.0000 -4.0000 1.0000 -9.0000 8 1.0000 1.0000 1.0110 6.0000 -6.0000 -10.0000 -2.0000 -14.0000 2.0000 0.2500 0.2500 0.2500 0.2500 0.2500 1.2500 1.8940 3.3924 
17.0000 68.0000 5.0000 4.0000 0.0000 3.0000 2 -1.0000 1.0000 0.7680 -6.0000 2.0000 14.0000 -2.0000 10.0000 6.0000 0.2688 0.1608 0.2954 0.3505 0.1652 1.2407 1.7695 3.2498 
17.0000 65.0000 5.0000 4.0000 0.0000 -6.0000 2 -1.0000 0.0000 1.2370 10.0000 2.0000 -6.0000 6.0000 -2.0000 14.0000 0.1748 0.2524 0.2168 0.2855 0.3291 1.2586 1.9877 3.4844 
17.0000 2.0000 5.0000 -4.0000 1.0000 -6.0000 8 1.0000 1.0000 0.8610 6.0000 -6.0000 -10.0000 -2.0000 -14.0000 2.0000 0.2500 0.2500 0.2500 0.2500 0.2500 1.2500 1.9739 3.4761 
17.0000 26.0000 5.0000 -2.0000 0.0000 3.0000 2 -1.0000 1.0000 0.8970 -12.0000 -4.0000 8.0000 -8.0000 4.0000 0.0000 0.2534 0.2188 0.1767 0.2023 0.3930 1.2443 1.8688 3.3703 
17.0000 16.0000 5.0000 -2.0000 1.0000 -6.0000 8 1.0000 1.0000 0.9600 8.0000 -4.0000 -8.0000 0.0000 -12.0000 4.0000 0.2500 0.2500 0.2500 0.2500 0.2500 1.2500 1.9924 3.4927 
17.0000 42.0000 5.0000 0.0000 0.0000 9.0000 2 -1.0000 1.0000 1.0120 -10.0000 2.0000 6.0000 -2.0000 10.0000 -6.0000 0.3259 0.1654 0.3408 0.1637 0.2589 1.2548 1.9450 3.4474 
17.0000 32.0000 5.0000 0.0000 1.0000 0.0000 8 1.0000 0.0000 1.3870 -10.0000 -2.0000 10.0000 -6.0000 6.0000 2.0000 0.2500 0.2500 0.2500 0.2500 0.2500 1.2500 1.8701 3.3758 
17.0000 50.0000 6.0000 2.0000 0.0000 -9.0000 8 1.0000 1.0000 1.2280 -4.0000 8.0000 12.0000 -8.0000 4.0000 0.0000 0.1735 0.2344 0.3461 0.2728 0.2271 1.2539 1.8381 3.3464 
17.0000 30.0000 6.0000 0.0000 1.0000 -6.0000 8 1.0000 1.0000 1.6270 -2.0000 6.0000 10.0000 -10.0000 2.0000 -6.0000 0.2500 0.2500 0.2500 0.2500 0.2500 1.2500 1.8183 3.3259 
17.0000 60.0000 6.0000 4.0000 1.0000 0.0000 2 -1.0000 0.0000 1.0060 14.0000 6.0000 -2.0000 10.0000 -6.0000 2.0000 0.2500 0.2500 0.2500 0.2500 0.2500 1.2500 1.7532 3.2593 
17.0000 32.0000 6.0000 0.0000 1.0000 0.0000 2 -1.0000 0.0000 1.1490 -6.0000 6.0000 10.0000 -10.0000 2.0000 -2.0000 0.2500 0.2500 0.2500 0.2500 0.2500 1.2500 1.9129 3.4092 
17.0000 49.0000 6.0000 2.0000 1.0000 9.0000 2 -1.0000 1.0000 1.2170 8.0000 0.0000 -4.0000 4.0000 -8.0000 12.0000 0.2500 0.2500 0.2500 0.2500 0.2500 1.2500 1.7711 3.2592 
17.0000 1.0000 6.0000 -4.0000 1.0000 -9.0000 8 1.0000 1.0000 1.5500 -6.0000 2.0000 6.0000 -14.0000 -2.0000 -10.0000 0.2500 0.2500 0.2500 0.2500 0.2500 1.2500 1.9067 3.3925 
17.0000 37.0000 6.0000 0.0000 0.0000 -6.0000 8 1.0000 1.0000 0.8600 6.0000 -2.0000 -10.0000 2.0000 -6.0000 10.0000 0.2575 0.3913 0.2066 0.1686 0.2277 1.2518 1.7809 3.2943 
17.0000 10.0000 6.0000 -4.0000 0.0000 -3.0000 8 1.0000 1.0000 0.7120 -10.0000 -2.0000 2.0000 -6.0000 6.0000 -14.0000 0.2065 0.2418 0.2120 0.2722 0.3239 1.2564 1.8466 3.3656 
17.0000 67.0000 6.0000 4.0000 0.0000 0.0000 2 -1.0000 0.0000 0.4140 14.0000 2.0000 -6.0000 6.0000 -2.0000 10.0000 0.2013 0.2454 0.3013 0.1776 0.3320 1.2574 1.7555 3.2667 
17.0000 48.0000 6.0000 2.0000 1.0000 6.0000 2 -1.0000 1.0000 2.0090 0.0000 8.0000 12.0000 -8.0000 4.0000 -4.0000 0.2500 0.2500 0.2500 0.2500 0.2500 1.2500 1.9360 3.4426 
17.0000 23.0000 6.0000 -2.0000 0.0000 -6.0000 8 1.0000 1.0000 0.8770 8.0000 -4.0000 -8.0000 0.0000 -12.0000 4.0000 0.2834 0.1771 0.2591 0.2105 0.3161 1.2461 1.9225 3.4222 
17.0000 3.0000 6.0000 -4.0000 1.0000 -3.0000 8 1.0000 1.0000 1.0630 2.0000 -6.0000 -14.0000 -2.0000 -10.0000 6.0000 0.2500 0.2500 0.2500 0.2500 0.2500 1.2500 1.7644 3.2591 
17.0000 36.0000 6.0000 0.0000 0.0000 -9.0000 8 1.0000 1.0000 0.8100 -10.0000 -2.0000 6.0000 -6.0000 10.0000 2.0000 0.2850 0.1886 0.2752 0.2249 0.2671 1.2408 1.8903 3.3832 
17.0000 21.0000 6.0000 -2.0000 1.0000 9.0000 2 -1.0000 1.0000 1.0830 4.0000 -4.0000 -8.0000 0.0000 -12.0000 8.0000 0.2500 0.2500 0.2500 0.2500 0.2500 1.2500 1.8291 3.3259 
17.0000 20.0000 6.0000 -2.0000 1.0000 6.0000 8 1.0000 0.0000 1.0130 -8.0000 0.0000 8.0000 -4.0000 4.0000 -12.0000 0.2500 0.2500 0.2500 0.2500 0.2500 1.2500 1.9343 3.4260 
17.0000 2.0000 6.0000 -4.0000 1.0000 -6.0000 8 1.0000 1.0000 2.0780 -10.0000 2.0000 6.0000 -14.0000 -2.0000 -6.0000 0.2500 0.2500 0.2500 0.2500 0.2500 1.2500 1.8225 3.3258 
17.0000 22.0000 6.0000 -2.0000 0.0000 -9.0000 8 1.0000 1.0000 1.6600 8.0000 -4.0000 -12.0000 0.0000 -8.0000 4.0000 0.2813 0.1633 0.3425 0.1858 0.2721 1.2450 1.8469 3.3375 
17.0000 53.0000 6.0000 2.0000 0.0000 0.0000 2 -1.0000 0.0000 0.9640 12.0000 4.0000 -4.0000 8.0000 -8.0000 0.0000 0.2803 0.2344 0.2612 0.3005 0.1653 1.2418 1.8145 3.3010 
17.0000 34.0000 6.0000 0.0000 1.0000 6.0000 8 1.0000 0.0000 1.1670 -10.0000 -2.0000 6.0000 -6.0000 10.0000 2.0000 0.2500 0.2500 0.2500 0.2500 0.2500 1.2500 1.9844 3.4927 
17.0000 47.0000 6.0000 2.0000 1.0000 3.0000 2 -1.0000 1.0000 0.9470 -4.0000 4.0000 12.0000 0.0000 8.0000 -8.0000 0.2500 0.2500 0.2500 0.2500 0.2500 1.2500 1.9938 3.4927 
17.0000 59.0000 6.0000 4.0000 1.0000 -3.0000 2 -1.0000 0.0000 1.5540 -6.0000 2.0000 14.0000 -2.0000 10.0000 6.0000 0.2500 0.2500 0.2500 0.2500 0.2500 1.2500 1.9269 3.4258 
17.0000 24.0000 6.0000 -2.0000 0.0000 -3.0000 8 1.0000 1.0000 1.0470 -12.0000 -4.0000 4.0000 -8.0000 8.0000 0.0000 0.2633 0.1938 0.1633 0.3502 0.2716 1.2422 1.9485 3.4514 
17.0000 57.0000 6.0000 4.0000 1.0000 -9.0000 8 1.0000 1.0000 2.4380 2.0000 10.0000 14.0000 -6.0000 6.0000 -2.0000 0.2500 0.2500 0.2500 0.2500 0.2500 1.2500 1.8195 3.3260 
17.0000 15.0000 6.0000 -2.0000 1.0000 -9.0000 8 1.0000 1.0000 1.1910 -4.0000 4.0000 8.0000 -12.0000 0.0000 -8.0000 0.2500 0.2500 0.2500 0.2500 0.2500 1.2500 1.9718 3.4759 
17.0000 41.0000 6.0000 0.0000 0.0000 6.0000 2 -1.0000 1.0000 0.3600 -10.0000 2.0000 10.0000 -2.0000 6.0000 -6.0000 0.2809 0.2470 0.2806 0.1744 0.2684 1.2514 1.8462 3.3439 
17.0000 46.0000 6.0000 2.0000 1.0000 0.0000 2 -1.0000 0.0000 0.8800 -8.0000 4.0000 12.0000 0.0000 8.0000 -4.0000 0.2500 0.2500 0.2500 0.2500 0.2500 1.2500 1.8706 3.3759 
17.0000 44.0000 6.0000 2.0000 1.0000 -6.0000 8 1.0000 1.0000 1.2630 8.0000 0.0000 -4.0000 4.0000 -8.0000 12.0000 0.2500 0.2500 0.2500 0.2500 0.2500 1.2500 1.9972 3.4926 
17.0000 69.0000 6.0000 4.0000 0.0000 6.0000 2 -1.0000 1.0000 1.0180 2.0000 10.0000 14.0000 -6.0000 6.0000 -2.0000 0.1861 0.2358 0.2810 0.2391 0.3137 1.2556 1.9294 3.4315 
17.0000 66.0000 6.0000 4.0000 0.0000 -3.0000 2 -1.0000 0.0000 0.8620 -2.0000 10.0000 14.0000 -6.0000 6.0000 2.0000 0.2927 0.2236 0.1718 0.3823 0.1695 1.2400 1.9449 3.4327 
17.0000 63.0000 6.0000 4.0000 1.0000 9.0000 2 -1.0000 1.0000 1.6560 -2.0000 10.0000 14.0000 -6.0000 6.0000 2.0000 0.2500 0.2500 0.2500 0.2500 0.2500 1.2500 1.9625 3.4591 
17.0000 65.0000 6.0000 4.0000 0.0000 -6.0000 8 1.0000 1.0000 1.1430 -2.0000 6.0000 14.0000 2.0000 10.0000 -6.0000 0.2216 0.3182 0.1501 0.1963 0.3590 1.2452 1.7865 3.2877 
17.0000 51.0000 6.0000 2.0000 0.0000 -6.0000 2 -1.0000 0.0000 1.3640 -8.0000 0.0000 8.0000 -4.0000 12.0000 4.0000 0.3067 0.1763 0.2582 0.2914 0.2174 1.2501 1.9988 3.5095 
17.0000 64.0000 6.0000 4.0000 0.0000 -9.0000 8 1.0000 1.0000 1.0080 10.0000 -2.0000 -6.0000 14.0000 2.0000 6.0000 0.3699 0.2005 0.2267 0.2634 0.1911 1.2516 1.9793 3.4776 
17.0000 25.0000 6.0000 -2.0000 0.0000 0.0000 2 -1.0000 0.0000 1.1520 -8.0000 0.0000 8.0000 -4.0000 4.0000 -12.0000 0.2171 0.1608 0.3616 0.2254 0.2941 1.2591 1.8084 3.3182 
17.0000 33.0000 6.0000 0.0000 1.0000 3.0000 8 1.0000 0.0000 1.3020 -6.0000 2.0000 10.0000 -2.0000 6.0000 -10.0000 0.2500 0.2500 0.2500 0.2500 0.2500 1.2500 1.9684 3.4760 
17.0000 35.0000 6.0000 0.0000 1.0000 9.0000 2 -1.0000 1.0000 1.0680 -2.0000 6.0000 10.0000 -10.0000 2.0000 -6.0000 0.2500 0.2500 0.2500 0.2500 0.2500 1.2500 1.8139 3.3091 
17.0000 27.0000 6.0000 -2.0000 0.0000 6.0000 2 -1.0000 1.0000 1.2520 -8.0000 4.0000 8.0000 -12.0000 0.0000 -4.0000 0.2042 0.3488 0.2031 0.3028 0.1952 1.2541 1.9506 3.4468 
17.0000 4.0000 6.0000 -4.0000 1.0000 0.0000 8 1.0000 0.0000 1.1830 6.0000 -2.0000 -14.0000 2.0000 -10.0000 -6.0000 0.2500 0.2500 0.2500 0.2500 0.2500 1.2500 1.7721 3.2758 
17.0000 16.0000 6.0000 -2.0000 1.0000 -6.0000 8 1.0000 1.0000 0.8160 -12.0000 0.0000 8.0000 -4.0000 4.0000 -8.0000 0.2500 0.2500 0.2500 0.2500 0.2500 1.2500 1.9915 3.4926 
17.0000 58.0000 6.0000 4.0000 1.0000 -6.0000 8 1.0000 1.0000 1.0830 -6.0000 6.0000 10.0000 2.0000 14.0000 -2.0000 0.2500 0.2500 0.2500 0.2500 0.2500 1.2500 1.9964 3.4927 
17.0000 68.0000 6.0000 4.0000 0.0000 3.0000 2 -1.0000 1.0000 0.8670 6.0000 -2.0000 -6.0000 14.0000 2.0000 10.0000 0.1763 0.3162 0.2132 0.3541 0.1835 1.2435 1.9987 3.4861 
17.0000 19.0000 6.0000 -2.0000 1.0000 3.0000 2 -1.0000 1.0000 2.0120 -12.0000 -4.0000 4.0000 -8.0000 8.0000 0.0000 0.2500 0.2500 0.2500 0.2500 0.2500 1.2500 1.8980 3.4093 
17.0000 29.0000 6.0000 0.0000 1.0000 -9.0000 8 1.0000 1.0000 0.8560 -6.0000 6.0000 10.0000 -10.0000 2.0000 -2.0000 0.2500 0.2500 0.2500 0.2500 0.2500 1.2500 1.9054 3.4092 
17.0000 55.0000 6.0000 2.0000 0.0000 6.0000 8 1.0000 0.0000 1.1450 -4.0000 4.0000 12.0000 0.0000 8.0000 -8.0000 0.2414 0.3147 0.2150 0.1646 0.3100 1.2457 1.7903 3.2883 
17.0000 43.0000 6.0000 2.0000 1.0000 -9.0000 8 1.0000 1.0000 1.5170 -8.0000 4.0000 12.0000 0.0000 8.0000 -4.0000 0.2500 0.2500 0.2500 0.2500 0.2500 1.2500 1.9907 3.4925 
17.0000 8.0000 6.0000 -4.0000 0.0000 -9.0000 8 1.0000 1.0000 1.1060 2.0000 -6.0000 -10.0000 -2.0000 -14.0000 6.0000 0.1603 0.3208 0.2402 0.2889 0.2395 1.2497 1.8346 3.3422 
17.0000 62.0000 6.0000 4.0000 1.0000 6.0000 2 -1.0000 1.0000 1.2260 10.0000 2.0000 -6.0000 6.0000 -2.0000 14.0000 0.2500 0.2500 0.2500 0.2500 0.2500 1.2500 1.9621 3.4592 
17.0000 13.0000 6.0000 -4.0000 0.0000 6.0000 NR 0.0000 0.0000 0.0000 -2.0000 -10.0000 -14.0000 6.0000 -6.0000 2.0000 0.2455 0.1770 0.2917 0.1667 0.3596 1.2405 1.9182 3.4166 
17.0000 5.0000 6.0000 -4.0000 1.0000 3.0000 2 -1.0000 1.0000 1.3680 -14.0000 -6.0000 2.0000 -10.0000 6.0000 -2.0000 0.2500 0.2500 0.2500 0.2500 0.2500 1.2500 1.8874 3.3925 
17.0000 52.0000 6.0000 2.0000 0.0000 -3.0000 2 -1.0000 0.0000 1.1690 12.0000 4.0000 -4.0000 8.0000 -8.0000 0.0000 0.2505 0.2194 0.2576 0.3518 0.1752 1.2545 1.8437 3.3472 
17.0000 61.0000 6.0000 4.0000 1.0000 3.0000 2 -1.0000 1.0000 2.5650 14.0000 2.0000 -6.0000 6.0000 -2.0000 10.0000 0.2500 0.2500 0.2500 0.2500 0.2500 1.2500 1.7959 3.2926 
17.0000 28.0000 6.0000 -2.0000 0.0000 9.0000 2 -1.0000 1.0000 2.9320 -12.0000 -4.0000 4.0000 -8.0000 8.0000 0.0000 0.2048 0.3803 0.2984 0.2029 0.1626 1.2490 1.9397 3.4249 
17.0000 7.0000 6.0000 -4.0000 1.0000 9.0000 2 -1.0000 1.0000 1.0600 2.0000 -6.0000 -14.0000 -2.0000 -10.0000 6.0000 0.2500 0.2500 0.2500 0.2500 0.2500 1.2500 1.8554 3.3591 
17.0000 18.0000 6.0000 -2.0000 1.0000 0.0000 8 1.0000 0.0000 1.3880 -4.0000 4.0000 8.0000 -12.0000 0.0000 -8.0000 0.2500 0.2500 0.2500 0.2500 0.2500 1.2500 1.9935 3.4926 
17.0000 6.0000 6.0000 -4.0000 1.0000 6.0000 2 -1.0000 1.0000 2.1560 -10.0000 2.0000 6.0000 -14.0000 -2.0000 -6.0000 0.2500 0.2500 0.2500 0.2500 0.2500 1.2500 1.8428 3.3425 
17.0000 38.0000 6.0000 0.0000 0.0000 -3.0000 8 1.0000 1.0000 2.7670 6.0000 -2.0000 -6.0000 2.0000 -10.0000 10.0000 0.2354 0.1570 0.3950 0.2151 0.2566 1.2590 1.8350 3.3517 
17.0000 31.0000 6.0000 0.0000 1.0000 -3.0000 8 1.0000 1.0000 1.1950 10.0000 -2.0000 -6.0000 2.0000 -10.0000 6.0000 0.2500 0.2500 0.2500 0.2500 0.2500 1.2500 1.9117 3.4091 
17.0000 14.0000 6.0000 -4.0000 0.0000 9.0000 2 -1.0000 1.0000 1.0660 -14.0000 -6.0000 2.0000 -10.0000 6.0000 -2.0000 0.2053 0.3528 0.2997 0.2331 0.1545 1.2454 1.9115 3.4046 
17.0000 26.0000 6.0000 -2.0000 0.0000 3.0000 2 -1.0000 1.0000 1.1500 -12.0000 -4.0000 4.0000 -8.0000 8.0000 0.0000 0.2602 0.2869 0.2416 0.2158 0.2427 1.2473 1.8918 3.3899 
17.0000 54.0000 6.0000 2.0000 0.0000 3.0000 8 1.0000 0.0000 1.1140 8.0000 0.0000 -4.0000 4.0000 -8.0000 12.0000 0.2963 0.2038 0.3334 0.1814 0.2358 1.2508 1.8180 3.3099 
17.0000 40.0000 6.0000 0.0000 0.0000 3.0000 2 -1.0000 1.0000 1.3240 10.0000 2.0000 -6.0000 6.0000 -10.0000 -2.0000 0.1536 0.2542 0.3901 0.1526 0.2933 1.2437 1.8936 3.3864 
17.0000 12.0000 6.0000 -4.0000 0.0000 3.0000 2 -1.0000 1.0000 0.9140 -10.0000 -2.0000 6.0000 -6.0000 2.0000 -14.0000 0.1901 0.3727 0.1664 0.1981 0.3220 1.2493 1.7708 3.2584 
17.0000 39.0000 6.0000 0.0000 0.0000 0.0000 2 -1.0000 0.0000 0.7140 -10.0000 2.0000 10.0000 -2.0000 6.0000 -6.0000 0.1594 0.3327 0.2769 0.3270 0.1545 1.2505 1.9806 3.4764 
17.0000 9.0000 6.0000 -4.0000 0.0000 -6.0000 8 1.0000 1.0000 1.2070 6.0000 -2.0000 -14.0000 2.0000 -10.0000 -6.0000 0.2158 0.2494 0.1542 0.2286 0.3954 1.2434 1.9677 3.4692 
17.0000 56.0000 6.0000 2.0000 0.0000 9.0000 2 -1.0000 1.0000 1.0000 -4.0000 4.0000 8.0000 0.0000 12.0000 -8.0000 0.2230 0.2844 0.1692 0.2978 0.2681 1.2424 1.9876 3.4851 
17.0000 42.0000 6.0000 0.0000 0.0000 9.0000 8 1.0000 0.0000 1.1870 -2.0000 6.0000 10.0000 -10.0000 2.0000 -6.0000 0.3522 0.2377 0.1827 0.3128 0.1602 1.2456 1.8403 3.3381 
17.0000 17.0000 6.0000 -2.0000 1.0000 -3.0000 8 1.0000 1.0000 1.1660 -12.0000 0.0000 8.0000 -4.0000 4.0000 -8.0000 0.2500 0.2500 0.2500 0.2500 0.2500 1.2500 1.7903 3.2925 
17.0000 11.0000 6.0000 -4.0000 0.0000 0.0000 2 -1.0000 0.0000 0.8770 -14.0000 -6.0000 6.0000 -10.0000 2.0000 -2.0000 0.2008 0.2267 0.1750 0.2640 0.3797 1.2462 1.8599 3.3555 
17.0000 70.0000 6.0000 4.0000 0.0000 9.0000 8 1.0000 0.0000 1.9100 -2.0000 10.0000 14.0000 -6.0000 6.0000 2.0000 0.1599 0.2084 0.3768 0.2015 0.3111 1.2578 1.9774 3.4836 
17.0000 45.0000 6.0000 2.0000 1.0000 -3.0000 2 -1.0000 0.0000 3.4030 12.0000 4.0000 -8.0000 8.0000 -4.0000 0.0000 0.2500 0.2500 0.2500 0.2500 0.2500 1.2500 1.9622 3.4593 
