subNo index block mean periodicity testLevel pressedKey answer isCorrect rt s1 s2 s3 s4 s5 s6 t1 t2 t3 t4 t5 seqDuration startInterval trialDuration 
9.0000 8.0000 1.0000 -4.0000 0.0000 -7.5000 8 1.0000 1.0000 1.1120 2.0000 -6.0000 -10.0000 -2.0000 -14.0000 6.0000 0.1899 0.3659 0.3105 0.2266 0.1561 1.2489 1.9870 3.4915 
9.0000 62.0000 1.0000 4.0000 1.0000 5.0000 2 -1.0000 1.0000 1.7040 -2.0000 6.0000 10.0000 2.0000 14.0000 -6.0000 0.2500 0.2500 0.2500 0.2500 0.2500 1.2500 1.9673 3.4592 
9.0000 26.0000 1.0000 -2.0000 0.0000 2.5000 8 1.0000 0.0000 1.2350 -8.0000 4.0000 8.0000 -12.0000 0.0000 -4.0000 0.1517 0.1818 0.3306 0.3564 0.2321 1.2526 1.8312 3.3283 
9.0000 22.0000 1.0000 -2.0000 0.0000 -7.5000 8 1.0000 1.0000 1.4830 8.0000 -4.0000 -12.0000 0.0000 -8.0000 4.0000 0.1819 0.2512 0.1934 0.3535 0.2727 1.2527 1.8510 3.3452 
9.0000 35.0000 1.0000 0.0000 1.0000 7.5000 8 1.0000 0.0000 3.5690 10.0000 -2.0000 -10.0000 2.0000 -6.0000 6.0000 0.2500 0.2500 0.2500 0.2500 0.2500 1.2500 1.8143 3.3091 
9.0000 40.0000 1.0000 0.0000 0.0000 2.5000 2 -1.0000 1.0000 2.1030 -10.0000 2.0000 6.0000 -2.0000 10.0000 -6.0000 0.2684 0.1524 0.2614 0.1837 0.3941 1.2599 1.8559 3.3691 
9.0000 66.0000 1.0000 4.0000 0.0000 -2.5000 8 1.0000 1.0000 3.7330 10.0000 -2.0000 -6.0000 14.0000 2.0000 6.0000 0.2293 0.2874 0.1901 0.2318 0.3035 1.2422 1.9819 3.4848 
9.0000 46.0000 1.0000 2.0000 1.0000 0.0000 8 1.0000 0.0000 2.0930 -8.0000 4.0000 8.0000 0.0000 12.0000 -4.0000 0.2500 0.2500 0.2500 0.2500 0.2500 1.2500 1.8813 3.3925 
9.0000 6.0000 1.0000 -4.0000 1.0000 5.0000 8 1.0000 0.0000 3.5120 -14.0000 -6.0000 2.0000 -10.0000 6.0000 -2.0000 0.2500 0.2500 0.2500 0.2500 0.2500 1.2500 1.9072 3.4093 
9.0000 31.0000 1.0000 0.0000 1.0000 -2.5000 8 1.0000 1.0000 1.4910 -6.0000 6.0000 10.0000 -10.0000 2.0000 -2.0000 0.2500 0.2500 0.2500 0.2500 0.2500 1.2500 1.8409 3.3426 
9.0000 70.0000 1.0000 4.0000 0.0000 7.5000 2 -1.0000 1.0000 1.7190 10.0000 2.0000 -2.0000 6.0000 -6.0000 14.0000 0.2188 0.3290 0.1859 0.3107 0.1957 1.2401 1.8416 3.3325 
9.0000 23.0000 1.0000 -2.0000 0.0000 -5.0000 8 1.0000 1.0000 2.6450 8.0000 0.0000 -8.0000 4.0000 -12.0000 -4.0000 0.1708 0.3239 0.2094 0.3068 0.2450 1.2559 1.9856 3.4818 
9.0000 30.0000 1.0000 0.0000 1.0000 -5.0000 NR 0.0000 0.0000 0.0000 -10.0000 2.0000 6.0000 -2.0000 10.0000 -6.0000 0.2500 0.2500 0.2500 0.2500 0.2500 1.2500 1.9102 3.4093 
9.0000 69.0000 1.0000 4.0000 0.0000 5.0000 8 1.0000 0.0000 1.4180 14.0000 6.0000 -6.0000 10.0000 -2.0000 2.0000 0.1761 0.2743 0.1591 0.2743 0.3636 1.2474 1.7713 3.2731 
9.0000 12.0000 1.0000 -4.0000 0.0000 2.5000 2 -1.0000 1.0000 1.2210 -10.0000 2.0000 6.0000 -14.0000 -2.0000 -6.0000 0.3525 0.2062 0.1748 0.3521 0.1553 1.2410 1.9345 3.4335 
9.0000 68.0000 1.0000 4.0000 0.0000 2.5000 8 1.0000 0.0000 1.8350 10.0000 2.0000 -6.0000 6.0000 -2.0000 14.0000 0.1745 0.2969 0.2010 0.3842 0.1940 1.2507 1.9174 3.4266 
9.0000 42.0000 1.0000 0.0000 0.0000 7.5000 8 1.0000 0.0000 2.4890 10.0000 -2.0000 -6.0000 2.0000 -10.0000 6.0000 0.1694 0.2065 0.3217 0.2488 0.2969 1.2433 1.8526 3.3525 
9.0000 53.0000 1.0000 2.0000 0.0000 0.0000 8 1.0000 0.0000 2.6240 -4.0000 8.0000 12.0000 -8.0000 4.0000 0.0000 0.2220 0.2910 0.2112 0.3543 0.1675 1.2460 1.9762 3.4720 
9.0000 17.0000 1.0000 -2.0000 1.0000 -2.5000 8 1.0000 1.0000 2.6310 0.0000 -8.0000 -12.0000 8.0000 -4.0000 4.0000 0.2500 0.2500 0.2500 0.2500 0.2500 1.2500 1.9745 3.4759 
9.0000 28.0000 1.0000 -2.0000 0.0000 7.5000 2 -1.0000 1.0000 1.8600 -12.0000 0.0000 4.0000 -4.0000 8.0000 -8.0000 0.2667 0.1666 0.2335 0.3420 0.2461 1.2550 1.9116 3.4143 
9.0000 43.0000 1.0000 2.0000 1.0000 -7.5000 8 1.0000 1.0000 1.1360 8.0000 -4.0000 -8.0000 12.0000 0.0000 4.0000 0.2500 0.2500 0.2500 0.2500 0.2500 1.2500 1.9034 3.3926 
9.0000 38.0000 1.0000 0.0000 0.0000 -2.5000 8 1.0000 1.0000 1.5710 2.0000 -6.0000 -10.0000 10.0000 -2.0000 6.0000 0.2594 0.1849 0.2546 0.2001 0.3465 1.2455 1.8612 3.3548 
9.0000 3.0000 1.0000 -4.0000 1.0000 -2.5000 8 1.0000 1.0000 2.3590 -2.0000 -10.0000 -14.0000 6.0000 -6.0000 2.0000 0.2500 0.2500 0.2500 0.2500 0.2500 1.2500 1.8143 3.3091 
9.0000 67.0000 1.0000 4.0000 0.0000 0.0000 2 -1.0000 0.0000 2.6890 -6.0000 2.0000 10.0000 -2.0000 14.0000 6.0000 0.2542 0.2003 0.2412 0.3887 0.1658 1.2502 1.9581 3.4593 
9.0000 58.0000 1.0000 4.0000 1.0000 -5.0000 8 1.0000 1.0000 2.8720 14.0000 6.0000 -6.0000 10.0000 -2.0000 2.0000 0.2500 0.2500 0.2500 0.2500 0.2500 1.2500 1.9469 3.4593 
9.0000 41.0000 1.0000 0.0000 0.0000 5.0000 2 -1.0000 1.0000 2.5980 -6.0000 6.0000 10.0000 -10.0000 2.0000 -2.0000 0.1696 0.2051 0.2910 0.3708 0.2195 1.2561 1.7752 3.2820 
9.0000 55.0000 1.0000 2.0000 0.0000 5.0000 8 1.0000 0.0000 1.7810 12.0000 0.0000 -4.0000 4.0000 -8.0000 8.0000 0.1912 0.3577 0.1525 0.2429 0.3073 1.2515 1.8737 3.3775 
9.0000 51.0000 1.0000 2.0000 0.0000 -5.0000 NR 0.0000 0.0000 0.0000 -8.0000 0.0000 8.0000 -4.0000 12.0000 4.0000 0.2888 0.1734 0.2528 0.3168 0.2095 1.2413 1.8013 3.3004 
9.0000 50.0000 1.0000 2.0000 0.0000 -7.5000 8 1.0000 1.0000 1.6160 -8.0000 4.0000 12.0000 0.0000 8.0000 -4.0000 0.2026 0.2765 0.1887 0.3750 0.2134 1.2563 1.9848 3.4823 
9.0000 15.0000 1.0000 -2.0000 1.0000 -7.5000 8 1.0000 1.0000 1.6640 8.0000 -4.0000 -12.0000 0.0000 -8.0000 4.0000 0.2500 0.2500 0.2500 0.2500 0.2500 1.2500 1.8510 3.3425 
9.0000 16.0000 1.0000 -2.0000 1.0000 -5.0000 8 1.0000 1.0000 1.1040 8.0000 -4.0000 -12.0000 0.0000 -8.0000 4.0000 0.2500 0.2500 0.2500 0.2500 0.2500 1.2500 1.9537 3.4426 
9.0000 45.0000 1.0000 2.0000 1.0000 -2.5000 8 1.0000 1.0000 1.6360 -8.0000 4.0000 12.0000 0.0000 8.0000 -4.0000 0.2500 0.2500 0.2500 0.2500 0.2500 1.2500 1.8693 3.3591 
9.0000 48.0000 1.0000 2.0000 1.0000 5.0000 2 -1.0000 1.0000 1.2690 8.0000 0.0000 -8.0000 4.0000 -4.0000 12.0000 0.2500 0.2500 0.2500 0.2500 0.2500 1.2500 1.7816 3.2758 
9.0000 19.0000 1.0000 -2.0000 1.0000 2.5000 2 -1.0000 1.0000 2.5490 4.0000 -8.0000 -12.0000 8.0000 -4.0000 0.0000 0.2500 0.2500 0.2500 0.2500 0.2500 1.2500 1.7777 3.2925 
9.0000 54.0000 1.0000 2.0000 0.0000 2.5000 2 -1.0000 1.0000 2.1210 -8.0000 4.0000 12.0000 0.0000 8.0000 -4.0000 0.2257 0.3118 0.1734 0.3607 0.1848 1.2563 1.9864 3.4991 
9.0000 65.0000 1.0000 4.0000 0.0000 -5.0000 8 1.0000 1.0000 1.2620 -2.0000 6.0000 14.0000 2.0000 10.0000 -6.0000 0.2758 0.1840 0.3816 0.1618 0.2426 1.2458 1.7570 3.2550 
9.0000 13.0000 1.0000 -4.0000 0.0000 5.0000 8 1.0000 0.0000 3.0820 2.0000 -6.0000 -10.0000 -2.0000 -14.0000 6.0000 0.3580 0.2079 0.3147 0.1746 0.2015 1.2566 1.8492 3.3659 
9.0000 29.0000 1.0000 0.0000 1.0000 -7.5000 8 1.0000 1.0000 1.4490 6.0000 -2.0000 -6.0000 2.0000 -10.0000 10.0000 0.2500 0.2500 0.2500 0.2500 0.2500 1.2500 1.7820 3.2758 
9.0000 18.0000 1.0000 -2.0000 1.0000 0.0000 8 1.0000 0.0000 1.5770 -12.0000 -4.0000 8.0000 -8.0000 4.0000 0.0000 0.2500 0.2500 0.2500 0.2500 0.2500 1.2500 1.8037 3.3093 
9.0000 14.0000 1.0000 -4.0000 0.0000 7.5000 2 -1.0000 1.0000 1.3720 -6.0000 2.0000 6.0000 -14.0000 -2.0000 -10.0000 0.2278 0.1568 0.3407 0.1635 0.3539 1.2427 1.7961 3.2853 
9.0000 21.0000 1.0000 -2.0000 1.0000 7.5000 2 -1.0000 1.0000 2.3610 -8.0000 4.0000 8.0000 -12.0000 0.0000 -4.0000 0.2500 0.2500 0.2500 0.2500 0.2500 1.2500 1.9416 3.4425 
9.0000 36.0000 1.0000 0.0000 0.0000 -7.5000 8 1.0000 1.0000 2.2700 -6.0000 6.0000 10.0000 -10.0000 2.0000 -2.0000 0.2944 0.1524 0.2443 0.3492 0.2145 1.2548 1.9720 3.4641 
9.0000 24.0000 1.0000 -2.0000 0.0000 -2.5000 8 1.0000 1.0000 1.4160 -12.0000 -4.0000 4.0000 -8.0000 8.0000 0.0000 0.1632 0.2467 0.2095 0.3899 0.2498 1.2590 1.9449 3.4516 
9.0000 56.0000 1.0000 2.0000 0.0000 7.5000 2 -1.0000 1.0000 1.6880 -8.0000 0.0000 12.0000 -4.0000 8.0000 4.0000 0.2803 0.1939 0.1685 0.3942 0.2109 1.2477 1.8124 3.3236 
9.0000 44.0000 1.0000 2.0000 1.0000 -5.0000 8 1.0000 1.0000 1.6620 -8.0000 0.0000 12.0000 -4.0000 8.0000 4.0000 0.2500 0.2500 0.2500 0.2500 0.2500 1.2500 1.7517 3.2592 
9.0000 32.0000 1.0000 0.0000 1.0000 0.0000 8 1.0000 0.0000 1.6140 -6.0000 6.0000 10.0000 -10.0000 2.0000 -2.0000 0.2500 0.2500 0.2500 0.2500 0.2500 1.2500 1.7938 3.2924 
9.0000 57.0000 1.0000 4.0000 1.0000 -7.5000 8 1.0000 1.0000 1.4280 10.0000 2.0000 -2.0000 6.0000 -6.0000 14.0000 0.2500 0.2500 0.2500 0.2500 0.2500 1.2500 1.8501 3.3593 
9.0000 60.0000 1.0000 4.0000 1.0000 0.0000 8 1.0000 0.0000 1.1470 -2.0000 6.0000 10.0000 2.0000 14.0000 -6.0000 0.2500 0.2500 0.2500 0.2500 0.2500 1.2500 1.8222 3.3258 
9.0000 4.0000 1.0000 -4.0000 1.0000 0.0000 8 1.0000 0.0000 1.3450 -6.0000 2.0000 6.0000 -14.0000 -2.0000 -10.0000 0.2500 0.2500 0.2500 0.2500 0.2500 1.2500 1.9438 3.4425 
9.0000 10.0000 1.0000 -4.0000 0.0000 -2.5000 2 -1.0000 0.0000 2.2130 -10.0000 -2.0000 6.0000 -6.0000 2.0000 -14.0000 0.1803 0.2771 0.1932 0.3756 0.2173 1.2436 1.8202 3.3194 
9.0000 20.0000 1.0000 -2.0000 1.0000 5.0000 2 -1.0000 1.0000 1.0880 -12.0000 0.0000 8.0000 -4.0000 4.0000 -8.0000 0.2500 0.2500 0.2500 0.2500 0.2500 1.2500 1.7682 3.2592 
9.0000 52.0000 1.0000 2.0000 0.0000 -2.5000 8 1.0000 1.0000 2.2580 12.0000 4.0000 -8.0000 8.0000 -4.0000 0.0000 0.1523 0.3706 0.2204 0.1671 0.3319 1.2422 1.9410 3.4347 
9.0000 61.0000 1.0000 4.0000 1.0000 2.5000 8 1.0000 0.0000 2.7850 -2.0000 6.0000 10.0000 2.0000 14.0000 -6.0000 0.2500 0.2500 0.2500 0.2500 0.2500 1.2500 1.8036 3.2926 
9.0000 64.0000 1.0000 4.0000 0.0000 -7.5000 8 1.0000 1.0000 4.0920 10.0000 2.0000 -2.0000 6.0000 -6.0000 14.0000 0.2097 0.2827 0.1768 0.2674 0.3077 1.2442 1.9645 3.4535 
9.0000 5.0000 1.0000 -4.0000 1.0000 2.5000 2 -1.0000 1.0000 2.1980 -14.0000 -2.0000 6.0000 -6.0000 2.0000 -10.0000 0.2500 0.2500 0.2500 0.2500 0.2500 1.2500 1.8295 3.3425 
9.0000 1.0000 1.0000 -4.0000 1.0000 -7.5000 8 1.0000 1.0000 1.0800 -6.0000 2.0000 6.0000 -14.0000 -2.0000 -10.0000 0.2500 0.2500 0.2500 0.2500 0.2500 1.2500 1.7660 3.2758 
9.0000 2.0000 1.0000 -4.0000 1.0000 -5.0000 2 -1.0000 0.0000 2.0000 -14.0000 -6.0000 6.0000 -10.0000 2.0000 -2.0000 0.2500 0.2500 0.2500 0.2500 0.2500 1.2500 1.9982 3.5092 
9.0000 25.0000 1.0000 -2.0000 0.0000 0.0000 2 -1.0000 0.0000 2.1620 8.0000 0.0000 -12.0000 4.0000 -8.0000 -4.0000 0.3047 0.2235 0.1585 0.2448 0.3250 1.2565 1.7821 3.2824 
9.0000 7.0000 1.0000 -4.0000 1.0000 7.5000 2 -1.0000 1.0000 3.0160 6.0000 -6.0000 -10.0000 -2.0000 -14.0000 2.0000 0.2500 0.2500 0.2500 0.2500 0.2500 1.2500 1.9066 3.4092 
9.0000 27.0000 1.0000 -2.0000 0.0000 5.0000 8 1.0000 0.0000 1.5370 0.0000 -8.0000 -12.0000 8.0000 -4.0000 4.0000 0.2325 0.3118 0.1738 0.3098 0.2250 1.2528 1.7613 3.2619 
9.0000 39.0000 1.0000 0.0000 0.0000 0.0000 8 1.0000 0.0000 1.7500 6.0000 -6.0000 -10.0000 10.0000 -2.0000 2.0000 0.3152 0.1989 0.2673 0.1934 0.2735 1.2483 1.7992 3.2909 
9.0000 9.0000 1.0000 -4.0000 0.0000 -5.0000 8 1.0000 1.0000 1.1700 -14.0000 -6.0000 6.0000 -10.0000 2.0000 -2.0000 0.1685 0.3005 0.1856 0.2318 0.3628 1.2491 1.8100 3.3083 
9.0000 33.0000 1.0000 0.0000 1.0000 2.5000 2 -1.0000 1.0000 1.7160 6.0000 -6.0000 -10.0000 10.0000 -2.0000 2.0000 0.2500 0.2500 0.2500 0.2500 0.2500 1.2500 1.8243 3.3258 
9.0000 34.0000 1.0000 0.0000 1.0000 5.0000 2 -1.0000 1.0000 4.5020 -6.0000 2.0000 10.0000 -2.0000 6.0000 -10.0000 0.2500 0.2500 0.2500 0.2500 0.2500 1.2500 1.8624 3.3758 
9.0000 47.0000 1.0000 2.0000 1.0000 2.5000 8 1.0000 0.0000 3.0430 12.0000 4.0000 -8.0000 8.0000 -4.0000 0.0000 0.2500 0.2500 0.2500 0.2500 0.2500 1.2500 1.9481 3.4593 
9.0000 63.0000 1.0000 4.0000 1.0000 7.5000 2 -1.0000 1.0000 1.3640 14.0000 6.0000 -2.0000 10.0000 -6.0000 2.0000 0.2500 0.2500 0.2500 0.2500 0.2500 1.2500 1.9804 3.4926 
9.0000 37.0000 1.0000 0.0000 0.0000 -5.0000 8 1.0000 1.0000 1.1880 10.0000 2.0000 -6.0000 6.0000 -10.0000 -2.0000 0.1612 0.2719 0.2352 0.3413 0.2412 1.2508 1.8632 3.3599 
9.0000 49.0000 1.0000 2.0000 1.0000 7.5000 8 1.0000 0.0000 2.6230 12.0000 4.0000 -8.0000 8.0000 -4.0000 0.0000 0.2500 0.2500 0.2500 0.2500 0.2500 1.2500 1.7797 3.2758 
9.0000 11.0000 1.0000 -4.0000 0.0000 0.0000 2 -1.0000 0.0000 3.8680 6.0000 -2.0000 -10.0000 2.0000 -14.0000 -6.0000 0.1605 0.1916 0.3130 0.1885 0.3978 1.2514 1.9299 3.4273 
9.0000 59.0000 1.0000 4.0000 1.0000 -2.5000 8 1.0000 1.0000 1.3490 -6.0000 2.0000 14.0000 -2.0000 10.0000 6.0000 0.2500 0.2500 0.2500 0.2500 0.2500 1.2500 1.9105 3.4092 
9.0000 68.0000 2.0000 4.0000 0.0000 2.5000 2 -1.0000 1.0000 1.4130 10.0000 -2.0000 -6.0000 14.0000 2.0000 6.0000 0.2025 0.2360 0.3373 0.1994 0.2699 1.2451 1.9161 3.4045 
9.0000 45.0000 2.0000 2.0000 1.0000 -2.5000 8 1.0000 1.0000 1.2660 -8.0000 4.0000 12.0000 0.0000 8.0000 -4.0000 0.2500 0.2500 0.2500 0.2500 0.2500 1.2500 1.8995 3.3925 
9.0000 5.0000 2.0000 -4.0000 1.0000 2.5000 2 -1.0000 1.0000 3.9270 -14.0000 -2.0000 6.0000 -6.0000 2.0000 -10.0000 0.2500 0.2500 0.2500 0.2500 0.2500 1.2500 1.8682 3.3591 
9.0000 9.0000 2.0000 -4.0000 0.0000 -5.0000 8 1.0000 1.0000 1.5140 -2.0000 -10.0000 -14.0000 6.0000 -6.0000 2.0000 0.1705 0.2153 0.2565 0.3285 0.2809 1.2518 1.9866 3.4943 
9.0000 13.0000 2.0000 -4.0000 0.0000 5.0000 8 1.0000 0.0000 1.9460 -2.0000 -10.0000 -14.0000 6.0000 -6.0000 2.0000 0.2683 0.2234 0.3979 0.1632 0.1998 1.2527 1.8984 3.4120 
9.0000 31.0000 2.0000 0.0000 1.0000 -2.5000 8 1.0000 1.0000 1.5150 -6.0000 2.0000 10.0000 -2.0000 6.0000 -10.0000 0.2500 0.2500 0.2500 0.2500 0.2500 1.2500 1.8818 3.3927 
9.0000 64.0000 2.0000 4.0000 0.0000 -7.5000 8 1.0000 1.0000 1.8290 14.0000 6.0000 -6.0000 10.0000 -2.0000 2.0000 0.2328 0.1692 0.2742 0.2450 0.3323 1.2535 1.8761 3.3795 
9.0000 36.0000 2.0000 0.0000 0.0000 -7.5000 8 1.0000 1.0000 1.3490 10.0000 -2.0000 -10.0000 2.0000 -6.0000 6.0000 0.2064 0.1548 0.3342 0.2944 0.2579 1.2478 1.8170 3.3236 
9.0000 65.0000 2.0000 4.0000 0.0000 -5.0000 8 1.0000 1.0000 2.7500 -6.0000 6.0000 10.0000 2.0000 14.0000 -2.0000 0.3435 0.1941 0.2430 0.2765 0.2008 1.2580 1.8206 3.3338 
9.0000 1.0000 2.0000 -4.0000 1.0000 -7.5000 2 -1.0000 0.0000 1.8040 -10.0000 2.0000 6.0000 -14.0000 -2.0000 -6.0000 0.2500 0.2500 0.2500 0.2500 0.2500 1.2500 1.7561 3.2592 
9.0000 8.0000 2.0000 -4.0000 0.0000 -7.5000 8 1.0000 1.0000 1.0410 -14.0000 -2.0000 2.0000 -6.0000 6.0000 -10.0000 0.2180 0.3495 0.1535 0.2769 0.2448 1.2427 1.9638 3.4520 
9.0000 29.0000 2.0000 0.0000 1.0000 -7.5000 8 1.0000 1.0000 1.0680 -10.0000 -2.0000 10.0000 -6.0000 6.0000 2.0000 0.2500 0.2500 0.2500 0.2500 0.2500 1.2500 1.9159 3.4094 
9.0000 16.0000 2.0000 -2.0000 1.0000 -5.0000 8 1.0000 1.0000 0.8350 -12.0000 -4.0000 4.0000 -8.0000 8.0000 0.0000 0.2500 0.2500 0.2500 0.2500 0.2500 1.2500 1.8028 3.2925 
9.0000 6.0000 2.0000 -4.0000 1.0000 5.0000 2 -1.0000 1.0000 1.3720 6.0000 -2.0000 -14.0000 2.0000 -10.0000 -6.0000 0.2500 0.2500 0.2500 0.2500 0.2500 1.2500 1.9653 3.4759 
9.0000 15.0000 2.0000 -2.0000 1.0000 -7.5000 8 1.0000 1.0000 1.3360 4.0000 -4.0000 -8.0000 0.0000 -12.0000 8.0000 0.2500 0.2500 0.2500 0.2500 0.2500 1.2500 1.9849 3.4926 
9.0000 4.0000 2.0000 -4.0000 1.0000 0.0000 8 1.0000 0.0000 1.1490 -14.0000 -2.0000 2.0000 -6.0000 6.0000 -10.0000 0.2500 0.2500 0.2500 0.2500 0.2500 1.2500 1.8132 3.3260 
9.0000 34.0000 2.0000 0.0000 1.0000 5.0000 2 -1.0000 1.0000 1.4710 -6.0000 2.0000 10.0000 -2.0000 6.0000 -10.0000 0.2500 0.2500 0.2500 0.2500 0.2500 1.2500 1.8395 3.3426 
9.0000 24.0000 2.0000 -2.0000 0.0000 -2.5000 8 1.0000 1.0000 1.4220 8.0000 -4.0000 -8.0000 0.0000 -12.0000 4.0000 0.1567 0.2263 0.2570 0.2318 0.3725 1.2442 1.9573 3.4534 
9.0000 17.0000 2.0000 -2.0000 1.0000 -2.5000 8 1.0000 1.0000 1.2520 -8.0000 0.0000 8.0000 -4.0000 4.0000 -12.0000 0.2500 0.2500 0.2500 0.2500 0.2500 1.2500 1.8867 3.3926 
9.0000 63.0000 2.0000 4.0000 1.0000 7.5000 2 -1.0000 1.0000 2.0110 10.0000 -2.0000 -6.0000 14.0000 2.0000 6.0000 0.2500 0.2500 0.2500 0.2500 0.2500 1.2500 1.9884 3.4928 
9.0000 11.0000 2.0000 -4.0000 0.0000 0.0000 8 1.0000 0.0000 2.3430 -14.0000 -6.0000 6.0000 -10.0000 2.0000 -2.0000 0.1957 0.1585 0.3799 0.1787 0.3323 1.2451 1.8099 3.3043 
9.0000 39.0000 2.0000 0.0000 0.0000 0.0000 2 -1.0000 0.0000 1.6940 6.0000 -2.0000 -6.0000 2.0000 -10.0000 10.0000 0.1836 0.2740 0.2129 0.3789 0.1975 1.2469 1.8944 3.3894 
9.0000 60.0000 2.0000 4.0000 1.0000 0.0000 2 -1.0000 0.0000 1.5070 -2.0000 6.0000 14.0000 2.0000 10.0000 -6.0000 0.2500 0.2500 0.2500 0.2500 0.2500 1.2500 1.8511 3.3426 
9.0000 20.0000 2.0000 -2.0000 1.0000 5.0000 8 1.0000 0.0000 1.2200 8.0000 0.0000 -12.0000 4.0000 -8.0000 -4.0000 0.2500 0.2500 0.2500 0.2500 0.2500 1.2500 1.7514 3.2425 
9.0000 22.0000 2.0000 -2.0000 0.0000 -7.5000 8 1.0000 1.0000 1.8130 8.0000 0.0000 -12.0000 4.0000 -8.0000 -4.0000 0.2636 0.2372 0.2111 0.2515 0.2788 1.2421 1.8104 3.3179 
9.0000 28.0000 2.0000 -2.0000 0.0000 7.5000 2 -1.0000 1.0000 1.4520 4.0000 -4.0000 -8.0000 0.0000 -12.0000 8.0000 0.2019 0.2794 0.3809 0.2158 0.1649 1.2428 1.7924 3.2853 
9.0000 27.0000 2.0000 -2.0000 0.0000 5.0000 8 1.0000 0.0000 2.3070 -12.0000 0.0000 8.0000 -4.0000 4.0000 -8.0000 0.1909 0.2353 0.1688 0.3882 0.2720 1.2551 1.7910 3.2976 
9.0000 70.0000 2.0000 4.0000 0.0000 7.5000 2 -1.0000 1.0000 1.4170 10.0000 2.0000 -2.0000 6.0000 -6.0000 14.0000 0.2681 0.3106 0.1900 0.3257 0.1638 1.2583 1.9937 3.5009 
9.0000 42.0000 2.0000 0.0000 0.0000 7.5000 2 -1.0000 1.0000 1.2670 -6.0000 6.0000 10.0000 -10.0000 2.0000 -2.0000 0.2952 0.1654 0.3852 0.2394 0.1724 1.2576 1.9248 3.4334 
9.0000 2.0000 2.0000 -4.0000 1.0000 -5.0000 8 1.0000 1.0000 1.2710 -14.0000 -6.0000 6.0000 -10.0000 2.0000 -2.0000 0.2500 0.2500 0.2500 0.2500 0.2500 1.2500 1.9058 3.4093 
9.0000 14.0000 2.0000 -4.0000 0.0000 7.5000 2 -1.0000 1.0000 1.9130 6.0000 -6.0000 -10.0000 -2.0000 -14.0000 2.0000 0.1934 0.3356 0.1689 0.3680 0.1926 1.2586 1.9354 3.4512 
9.0000 26.0000 2.0000 -2.0000 0.0000 2.5000 8 1.0000 0.0000 1.9320 -8.0000 0.0000 8.0000 -4.0000 4.0000 -12.0000 0.1504 0.3426 0.3020 0.1760 0.2702 1.2413 1.8566 3.3504 
9.0000 66.0000 2.0000 4.0000 0.0000 -2.5000 8 1.0000 1.0000 2.5420 14.0000 2.0000 -2.0000 6.0000 -6.0000 10.0000 0.2596 0.3568 0.1928 0.2556 0.1888 1.2536 1.8522 3.3462 
9.0000 56.0000 2.0000 2.0000 0.0000 7.5000 2 -1.0000 1.0000 2.7370 -8.0000 0.0000 12.0000 -4.0000 8.0000 4.0000 0.3447 0.2600 0.1608 0.2872 0.1946 1.2473 1.8222 3.3065 
9.0000 62.0000 2.0000 4.0000 1.0000 5.0000 2 -1.0000 1.0000 2.6370 -2.0000 10.0000 14.0000 -6.0000 6.0000 2.0000 0.2500 0.2500 0.2500 0.2500 0.2500 1.2500 1.9795 3.4926 
9.0000 33.0000 2.0000 0.0000 1.0000 2.5000 2 -1.0000 1.0000 2.6310 -6.0000 2.0000 10.0000 -2.0000 6.0000 -10.0000 0.2500 0.2500 0.2500 0.2500 0.2500 1.2500 1.9629 3.4760 
9.0000 32.0000 2.0000 0.0000 1.0000 0.0000 8 1.0000 0.0000 1.9160 -2.0000 6.0000 10.0000 -10.0000 2.0000 -6.0000 0.2500 0.2500 0.2500 0.2500 0.2500 1.2500 1.8266 3.3258 
9.0000 58.0000 2.0000 4.0000 1.0000 -5.0000 2 -1.0000 0.0000 2.4820 14.0000 6.0000 -6.0000 10.0000 -2.0000 2.0000 0.2500 0.2500 0.2500 0.2500 0.2500 1.2500 1.7622 3.2591 
9.0000 47.0000 2.0000 2.0000 1.0000 2.5000 2 -1.0000 1.0000 1.6330 8.0000 0.0000 -4.0000 4.0000 -8.0000 12.0000 0.2500 0.2500 0.2500 0.2500 0.2500 1.2500 1.8438 3.3424 
9.0000 38.0000 2.0000 0.0000 0.0000 -2.5000 8 1.0000 1.0000 1.7370 10.0000 -2.0000 -6.0000 2.0000 -10.0000 6.0000 0.2236 0.2941 0.2020 0.1501 0.3810 1.2507 1.7701 3.2765 
9.0000 54.0000 2.0000 2.0000 0.0000 2.5000 8 1.0000 0.0000 1.6940 0.0000 8.0000 12.0000 -8.0000 4.0000 -4.0000 0.1653 0.2530 0.2804 0.2327 0.3135 1.2448 1.9602 3.4541 
9.0000 41.0000 2.0000 0.0000 0.0000 5.0000 2 -1.0000 1.0000 1.6290 10.0000 2.0000 -6.0000 6.0000 -10.0000 -2.0000 0.1925 0.3371 0.1519 0.3020 0.2759 1.2594 1.7943 3.3019 
9.0000 51.0000 2.0000 2.0000 0.0000 -5.0000 8 1.0000 1.0000 1.3920 -4.0000 4.0000 8.0000 0.0000 12.0000 -8.0000 0.2283 0.2720 0.3010 0.2009 0.2447 1.2469 1.7671 3.2561 
9.0000 67.0000 2.0000 4.0000 0.0000 0.0000 8 1.0000 0.0000 1.2350 -2.0000 10.0000 14.0000 -6.0000 6.0000 2.0000 0.1526 0.3895 0.1985 0.3112 0.2010 1.2527 1.7942 3.2951 
9.0000 37.0000 2.0000 0.0000 0.0000 -5.0000 2 -1.0000 0.0000 3.2620 -6.0000 2.0000 10.0000 -2.0000 6.0000 -10.0000 0.3362 0.2967 0.1669 0.2971 0.1612 1.2581 1.9355 3.4339 
9.0000 35.0000 2.0000 0.0000 1.0000 7.5000 2 -1.0000 1.0000 2.1930 -10.0000 -2.0000 10.0000 -6.0000 6.0000 2.0000 0.2500 0.2500 0.2500 0.2500 0.2500 1.2500 1.8687 3.3760 
9.0000 7.0000 2.0000 -4.0000 1.0000 7.5000 8 1.0000 0.0000 2.5080 -14.0000 -2.0000 2.0000 -6.0000 6.0000 -10.0000 0.2500 0.2500 0.2500 0.2500 0.2500 1.2500 1.7898 3.2924 
9.0000 57.0000 2.0000 4.0000 1.0000 -7.5000 8 1.0000 1.0000 1.3460 -2.0000 10.0000 14.0000 -6.0000 6.0000 2.0000 0.2500 0.2500 0.2500 0.2500 0.2500 1.2500 1.8883 3.3927 
9.0000 44.0000 2.0000 2.0000 1.0000 -5.0000 2 -1.0000 0.0000 1.9270 8.0000 0.0000 -8.0000 4.0000 -4.0000 12.0000 0.2500 0.2500 0.2500 0.2500 0.2500 1.2500 1.8104 3.3092 
9.0000 19.0000 2.0000 -2.0000 1.0000 2.5000 8 1.0000 0.0000 1.8030 -4.0000 4.0000 8.0000 -12.0000 0.0000 -8.0000 0.2500 0.2500 0.2500 0.2500 0.2500 1.2500 1.7972 3.2924 
9.0000 69.0000 2.0000 4.0000 0.0000 5.0000 2 -1.0000 1.0000 1.4330 14.0000 6.0000 -2.0000 10.0000 -6.0000 2.0000 0.3691 0.1731 0.2890 0.1903 0.2219 1.2434 1.8915 3.3858 
9.0000 53.0000 2.0000 2.0000 0.0000 0.0000 2 -1.0000 0.0000 0.8050 -4.0000 8.0000 12.0000 -8.0000 4.0000 0.0000 0.3964 0.1994 0.2745 0.1715 0.1983 1.2401 1.7814 3.2659 
9.0000 55.0000 2.0000 2.0000 0.0000 5.0000 2 -1.0000 1.0000 1.6170 4.0000 -4.0000 -8.0000 12.0000 0.0000 8.0000 0.2032 0.3131 0.1757 0.2892 0.2599 1.2411 1.7509 3.2336 
9.0000 50.0000 2.0000 2.0000 0.0000 -7.5000 8 1.0000 1.0000 1.4160 -4.0000 4.0000 8.0000 0.0000 12.0000 -8.0000 0.2292 0.2695 0.2115 0.1704 0.3736 1.2542 1.8403 3.3466 
9.0000 52.0000 2.0000 2.0000 0.0000 -2.5000 8 1.0000 1.0000 1.7010 12.0000 0.0000 -8.0000 4.0000 -4.0000 8.0000 0.1699 0.2787 0.1867 0.3820 0.2254 1.2427 1.9689 3.4520 
9.0000 46.0000 2.0000 2.0000 1.0000 0.0000 8 1.0000 0.0000 1.4050 12.0000 0.0000 -8.0000 4.0000 -4.0000 8.0000 0.2500 0.2500 0.2500 0.2500 0.2500 1.2500 1.9572 3.4594 
9.0000 40.0000 2.0000 0.0000 0.0000 2.5000 8 1.0000 0.0000 1.1000 -10.0000 -2.0000 10.0000 -6.0000 6.0000 2.0000 0.2743 0.3143 0.2469 0.2205 0.1951 1.2511 1.9753 3.4770 
9.0000 48.0000 2.0000 2.0000 1.0000 5.0000 2 -1.0000 1.0000 1.7310 8.0000 -4.0000 -8.0000 12.0000 0.0000 4.0000 0.2500 0.2500 0.2500 0.2500 0.2500 1.2500 1.7758 3.2759 
9.0000 25.0000 2.0000 -2.0000 0.0000 0.0000 8 1.0000 0.0000 2.0420 8.0000 -4.0000 -8.0000 0.0000 -12.0000 4.0000 0.2571 0.3375 0.2155 0.2590 0.1718 1.2409 1.7729 3.2668 
9.0000 12.0000 2.0000 -4.0000 0.0000 2.5000 NR 0.0000 0.0000 0.0000 6.0000 -6.0000 -14.0000 -2.0000 -10.0000 2.0000 0.2033 0.1739 0.2812 0.3102 0.2757 1.2443 1.8906 3.3870 
9.0000 23.0000 2.0000 -2.0000 0.0000 -5.0000 2 -1.0000 0.0000 2.6660 0.0000 -8.0000 -12.0000 8.0000 -4.0000 4.0000 0.1660 0.2995 0.1899 0.3712 0.2251 1.2517 1.8764 3.3778 
9.0000 30.0000 2.0000 0.0000 1.0000 -5.0000 8 1.0000 1.0000 1.3230 -2.0000 6.0000 10.0000 -10.0000 2.0000 -6.0000 0.2500 0.2500 0.2500 0.2500 0.2500 1.2500 1.7538 3.2591 
9.0000 10.0000 2.0000 -4.0000 0.0000 -2.5000 2 -1.0000 0.0000 1.1310 6.0000 -6.0000 -14.0000 -2.0000 -10.0000 2.0000 0.2863 0.1917 0.2444 0.1635 0.3719 1.2579 1.9238 3.4337 
9.0000 59.0000 2.0000 4.0000 1.0000 -2.5000 2 -1.0000 0.0000 3.0400 -2.0000 10.0000 14.0000 -6.0000 6.0000 2.0000 0.2500 0.2500 0.2500 0.2500 0.2500 1.2500 1.9951 3.4926 
9.0000 49.0000 2.0000 2.0000 1.0000 7.5000 2 -1.0000 1.0000 1.6100 12.0000 4.0000 -4.0000 8.0000 -8.0000 0.0000 0.2500 0.2500 0.2500 0.2500 0.2500 1.2500 1.7618 3.2591 
9.0000 21.0000 2.0000 -2.0000 1.0000 7.5000 2 -1.0000 1.0000 0.9720 -4.0000 4.0000 8.0000 -12.0000 0.0000 -8.0000 0.2500 0.2500 0.2500 0.2500 0.2500 1.2500 1.9155 3.4259 
9.0000 18.0000 2.0000 -2.0000 1.0000 0.0000 8 1.0000 0.0000 1.3420 8.0000 0.0000 -8.0000 4.0000 -12.0000 -4.0000 0.2500 0.2500 0.2500 0.2500 0.2500 1.2500 1.9971 3.5092 
9.0000 61.0000 2.0000 4.0000 1.0000 2.5000 8 1.0000 0.0000 1.4210 14.0000 2.0000 -6.0000 6.0000 -2.0000 10.0000 0.2500 0.2500 0.2500 0.2500 0.2500 1.2500 1.7621 3.2591 
9.0000 3.0000 2.0000 -4.0000 1.0000 -2.5000 8 1.0000 1.0000 1.3800 -14.0000 -6.0000 6.0000 -10.0000 2.0000 -2.0000 0.2500 0.2500 0.2500 0.2500 0.2500 1.2500 1.8700 3.3759 
9.0000 43.0000 2.0000 2.0000 1.0000 -7.5000 8 1.0000 1.0000 1.1500 8.0000 -4.0000 -8.0000 12.0000 0.0000 4.0000 0.2500 0.2500 0.2500 0.2500 0.2500 1.2500 1.7505 3.2592 
9.0000 67.0000 3.0000 4.0000 0.0000 0.0000 2 -1.0000 0.0000 2.0230 10.0000 -2.0000 -6.0000 14.0000 2.0000 6.0000 0.1919 0.2717 0.3190 0.2593 0.2101 1.2521 1.9571 3.4614 
9.0000 16.0000 3.0000 -2.0000 1.0000 -5.0000 2 -1.0000 0.0000 1.4590 4.0000 -8.0000 -12.0000 8.0000 -4.0000 0.0000 0.2500 0.2500 0.2500 0.2500 0.2500 1.2500 1.9424 3.4427 
9.0000 68.0000 3.0000 4.0000 0.0000 2.5000 2 -1.0000 1.0000 2.5010 -2.0000 6.0000 14.0000 2.0000 10.0000 -6.0000 0.3175 0.2356 0.3422 0.1516 0.1932 1.2400 1.7819 3.2826 
9.0000 66.0000 3.0000 4.0000 0.0000 -2.5000 8 1.0000 1.0000 1.0340 -6.0000 6.0000 10.0000 2.0000 14.0000 -2.0000 0.2485 0.3013 0.1815 0.3623 0.1530 1.2466 1.9957 3.5060 
9.0000 28.0000 3.0000 -2.0000 0.0000 7.5000 2 -1.0000 1.0000 1.6530 8.0000 0.0000 -8.0000 4.0000 -12.0000 -4.0000 0.2969 0.2147 0.2952 0.2465 0.1911 1.2444 1.7523 3.2537 
9.0000 38.0000 3.0000 0.0000 0.0000 -2.5000 8 1.0000 1.0000 1.2030 -6.0000 2.0000 10.0000 -2.0000 6.0000 -10.0000 0.1807 0.3260 0.2422 0.2906 0.2199 1.2594 1.7822 3.3020 
9.0000 21.0000 3.0000 -2.0000 1.0000 7.5000 2 -1.0000 1.0000 2.5230 8.0000 -4.0000 -8.0000 0.0000 -12.0000 4.0000 0.2500 0.2500 0.2500 0.2500 0.2500 1.2500 1.8898 3.3925 
9.0000 6.0000 3.0000 -4.0000 1.0000 5.0000 2 -1.0000 1.0000 1.5220 2.0000 -6.0000 -14.0000 -2.0000 -10.0000 6.0000 0.2500 0.2500 0.2500 0.2500 0.2500 1.2500 1.9033 3.4094 
9.0000 4.0000 3.0000 -4.0000 1.0000 0.0000 8 1.0000 0.0000 1.0350 2.0000 -10.0000 -14.0000 6.0000 -6.0000 -2.0000 0.2500 0.2500 0.2500 0.2500 0.2500 1.2500 1.9304 3.4260 
9.0000 64.0000 3.0000 4.0000 0.0000 -7.5000 2 -1.0000 0.0000 3.7320 6.0000 -2.0000 -6.0000 14.0000 2.0000 10.0000 0.1585 0.2525 0.3823 0.1529 0.3105 1.2567 1.7896 3.2992 
9.0000 29.0000 3.0000 0.0000 1.0000 -7.5000 8 1.0000 1.0000 1.3460 6.0000 -2.0000 -6.0000 2.0000 -10.0000 10.0000 0.2500 0.2500 0.2500 0.2500 0.2500 1.2500 1.9095 3.4093 
9.0000 63.0000 3.0000 4.0000 1.0000 7.5000 8 1.0000 0.0000 4.6650 14.0000 2.0000 -6.0000 6.0000 -2.0000 10.0000 0.2500 0.2500 0.2500 0.2500 0.2500 1.2500 1.7708 3.2593 
9.0000 7.0000 3.0000 -4.0000 1.0000 7.5000 2 -1.0000 1.0000 2.4730 2.0000 -10.0000 -14.0000 6.0000 -6.0000 -2.0000 0.2500 0.2500 0.2500 0.2500 0.2500 1.2500 1.9330 3.4427 
9.0000 57.0000 3.0000 4.0000 1.0000 -7.5000 8 1.0000 1.0000 1.7240 10.0000 -2.0000 -6.0000 14.0000 2.0000 6.0000 0.2500 0.2500 0.2500 0.2500 0.2500 1.2500 1.8813 3.3925 
9.0000 54.0000 3.0000 2.0000 0.0000 2.5000 2 -1.0000 1.0000 2.6250 12.0000 4.0000 -4.0000 8.0000 -8.0000 0.0000 0.2097 0.3258 0.2447 0.1751 0.2891 1.2445 1.7916 3.2870 
9.0000 53.0000 3.0000 2.0000 0.0000 0.0000 8 1.0000 0.0000 1.1760 12.0000 0.0000 -8.0000 4.0000 -4.0000 8.0000 0.1574 0.3763 0.1820 0.2090 0.3292 1.2537 1.7813 3.2962 
9.0000 62.0000 3.0000 4.0000 1.0000 5.0000 8 1.0000 0.0000 2.7730 2.0000 10.0000 14.0000 -6.0000 6.0000 -2.0000 0.2500 0.2500 0.2500 0.2500 0.2500 1.2500 1.7509 3.2592 
9.0000 3.0000 3.0000 -4.0000 1.0000 -2.5000 8 1.0000 1.0000 1.0890 6.0000 -6.0000 -10.0000 -2.0000 -14.0000 2.0000 0.2500 0.2500 0.2500 0.2500 0.2500 1.2500 1.9488 3.4427 
9.0000 27.0000 3.0000 -2.0000 0.0000 5.0000 2 -1.0000 1.0000 1.9580 -12.0000 -4.0000 4.0000 -8.0000 8.0000 0.0000 0.2180 0.3729 0.2522 0.1715 0.2312 1.2457 1.8268 3.3215 
9.0000 60.0000 3.0000 4.0000 1.0000 0.0000 2 -1.0000 0.0000 1.7290 -6.0000 2.0000 10.0000 -2.0000 14.0000 6.0000 0.2500 0.2500 0.2500 0.2500 0.2500 1.2500 1.8404 3.3425 
9.0000 11.0000 3.0000 -4.0000 0.0000 0.0000 8 1.0000 0.0000 0.8620 2.0000 -6.0000 -14.0000 -2.0000 -10.0000 6.0000 0.2448 0.1717 0.2655 0.2139 0.3489 1.2448 1.8359 3.3207 
9.0000 41.0000 3.0000 0.0000 0.0000 5.0000 8 1.0000 0.0000 1.0720 -10.0000 2.0000 10.0000 -2.0000 6.0000 -6.0000 0.3205 0.1702 0.2304 0.3217 0.2096 1.2525 1.9776 3.4782 
9.0000 40.0000 3.0000 0.0000 0.0000 2.5000 8 1.0000 0.0000 1.7310 -10.0000 2.0000 6.0000 -2.0000 10.0000 -6.0000 0.1623 0.3261 0.1626 0.3581 0.2481 1.2572 1.8682 3.3665 
9.0000 32.0000 3.0000 0.0000 1.0000 0.0000 8 1.0000 0.0000 1.6910 -6.0000 2.0000 10.0000 -2.0000 6.0000 -10.0000 0.2500 0.2500 0.2500 0.2500 0.2500 1.2500 1.8921 3.3926 
9.0000 26.0000 3.0000 -2.0000 0.0000 2.5000 2 -1.0000 1.0000 1.4180 8.0000 0.0000 -12.0000 4.0000 -8.0000 -4.0000 0.1663 0.3970 0.2218 0.1788 0.2932 1.2571 1.9820 3.4997 
9.0000 19.0000 3.0000 -2.0000 1.0000 2.5000 2 -1.0000 1.0000 2.2030 8.0000 0.0000 -12.0000 4.0000 -8.0000 -4.0000 0.2500 0.2500 0.2500 0.2500 0.2500 1.2500 1.9737 3.4760 
9.0000 61.0000 3.0000 4.0000 1.0000 2.5000 2 -1.0000 1.0000 2.5040 10.0000 -2.0000 -6.0000 14.0000 2.0000 6.0000 0.2500 0.2500 0.2500 0.2500 0.2500 1.2500 1.8486 3.3594 
9.0000 46.0000 3.0000 2.0000 1.0000 0.0000 2 -1.0000 0.0000 1.9900 12.0000 4.0000 -4.0000 8.0000 -8.0000 0.0000 0.2500 0.2500 0.2500 0.2500 0.2500 1.2500 1.7772 3.2758 
9.0000 36.0000 3.0000 0.0000 0.0000 -7.5000 8 1.0000 1.0000 2.1000 10.0000 2.0000 -10.0000 6.0000 -6.0000 -2.0000 0.2170 0.2575 0.3603 0.1567 0.2620 1.2534 1.7647 3.2625 
9.0000 65.0000 3.0000 4.0000 0.0000 -5.0000 8 1.0000 1.0000 1.0560 14.0000 6.0000 -6.0000 10.0000 -2.0000 2.0000 0.2461 0.2727 0.2452 0.1707 0.3189 1.2535 1.9970 3.4961 
9.0000 24.0000 3.0000 -2.0000 0.0000 -2.5000 8 1.0000 1.0000 1.1510 0.0000 -8.0000 -12.0000 8.0000 -4.0000 4.0000 0.2644 0.1670 0.3067 0.2337 0.2868 1.2585 1.8314 3.3345 
9.0000 2.0000 3.0000 -4.0000 1.0000 -5.0000 2 -1.0000 0.0000 3.1000 -14.0000 -6.0000 6.0000 -10.0000 2.0000 -2.0000 0.2500 0.2500 0.2500 0.2500 0.2500 1.2500 1.9991 3.4927 
9.0000 39.0000 3.0000 0.0000 0.0000 0.0000 8 1.0000 0.0000 1.0960 6.0000 -2.0000 -6.0000 2.0000 -10.0000 10.0000 0.2241 0.1880 0.3140 0.1786 0.3462 1.2508 1.8277 3.3267 
9.0000 10.0000 3.0000 -4.0000 0.0000 -2.5000 8 1.0000 1.0000 1.7590 -14.0000 -6.0000 6.0000 -10.0000 2.0000 -2.0000 0.2334 0.1634 0.2629 0.3074 0.2768 1.2440 1.9566 3.4531 
9.0000 15.0000 3.0000 -2.0000 1.0000 -7.5000 8 1.0000 1.0000 1.0930 8.0000 0.0000 -12.0000 4.0000 -8.0000 -4.0000 0.2500 0.2500 0.2500 0.2500 0.2500 1.2500 1.7594 3.2591 
9.0000 34.0000 3.0000 0.0000 1.0000 5.0000 2 -1.0000 1.0000 2.8380 6.0000 -2.0000 -6.0000 2.0000 -10.0000 10.0000 0.2500 0.2500 0.2500 0.2500 0.2500 1.2500 1.8969 3.4092 
9.0000 18.0000 3.0000 -2.0000 1.0000 0.0000 8 1.0000 0.0000 1.7410 0.0000 -8.0000 -12.0000 8.0000 -4.0000 4.0000 0.2500 0.2500 0.2500 0.2500 0.2500 1.2500 1.8535 3.3592 
9.0000 35.0000 3.0000 0.0000 1.0000 7.5000 2 -1.0000 1.0000 2.3890 6.0000 -2.0000 -6.0000 2.0000 -10.0000 10.0000 0.2500 0.2500 0.2500 0.2500 0.2500 1.2500 1.8739 3.3760 
9.0000 45.0000 3.0000 2.0000 1.0000 -2.5000 2 -1.0000 0.0000 2.1240 -4.0000 4.0000 8.0000 0.0000 12.0000 -8.0000 0.2500 0.2500 0.2500 0.2500 0.2500 1.2500 1.8573 3.3593 
9.0000 33.0000 3.0000 0.0000 1.0000 2.5000 2 -1.0000 1.0000 2.5720 -10.0000 -2.0000 10.0000 -6.0000 6.0000 2.0000 0.2500 0.2500 0.2500 0.2500 0.2500 1.2500 1.9221 3.4260 
9.0000 56.0000 3.0000 2.0000 0.0000 7.5000 2 -1.0000 1.0000 2.5940 12.0000 0.0000 -8.0000 4.0000 -4.0000 8.0000 0.2114 0.2459 0.1756 0.2463 0.3634 1.2425 1.9426 3.4351 
9.0000 5.0000 3.0000 -4.0000 1.0000 2.5000 8 1.0000 0.0000 1.4890 -10.0000 2.0000 6.0000 -14.0000 -2.0000 -6.0000 0.2500 0.2500 0.2500 0.2500 0.2500 1.2500 1.8915 3.3925 
9.0000 12.0000 3.0000 -4.0000 0.0000 2.5000 8 1.0000 0.0000 2.0890 6.0000 -6.0000 -14.0000 -2.0000 -10.0000 2.0000 0.3483 0.2868 0.1839 0.2735 0.1671 1.2597 1.9306 3.4356 
9.0000 23.0000 3.0000 -2.0000 0.0000 -5.0000 8 1.0000 1.0000 2.8400 -8.0000 0.0000 4.0000 -4.0000 8.0000 -12.0000 0.3703 0.2088 0.2828 0.2175 0.1633 1.2428 1.8050 3.3019 
9.0000 17.0000 3.0000 -2.0000 1.0000 -2.5000 2 -1.0000 0.0000 1.0310 8.0000 0.0000 -12.0000 4.0000 -8.0000 -4.0000 0.2500 0.2500 0.2500 0.2500 0.2500 1.2500 1.7886 3.2926 
9.0000 14.0000 3.0000 -4.0000 0.0000 7.5000 2 -1.0000 1.0000 1.4650 -14.0000 -2.0000 2.0000 -6.0000 6.0000 -10.0000 0.1999 0.3056 0.1531 0.3430 0.2460 1.2476 1.9742 3.4734 
9.0000 25.0000 3.0000 -2.0000 0.0000 0.0000 8 1.0000 0.0000 2.8150 -8.0000 0.0000 8.0000 -4.0000 4.0000 -12.0000 0.2039 0.1638 0.3610 0.2818 0.2479 1.2584 1.8112 3.3175 
9.0000 22.0000 3.0000 -2.0000 0.0000 -7.5000 8 1.0000 1.0000 1.4250 -8.0000 0.0000 8.0000 -4.0000 4.0000 -12.0000 0.3110 0.2855 0.1591 0.2886 0.2043 1.2485 1.7625 3.2578 
9.0000 59.0000 3.0000 4.0000 1.0000 -2.5000 8 1.0000 1.0000 1.2970 -6.0000 6.0000 10.0000 2.0000 14.0000 -2.0000 0.2500 0.2500 0.2500 0.2500 0.2500 1.2500 1.8419 3.3425 
9.0000 70.0000 3.0000 4.0000 0.0000 7.5000 8 1.0000 0.0000 2.6810 -2.0000 6.0000 14.0000 2.0000 10.0000 -6.0000 0.3443 0.3128 0.1943 0.2418 0.1526 1.2457 1.7677 3.2549 
9.0000 58.0000 3.0000 4.0000 1.0000 -5.0000 8 1.0000 1.0000 2.1330 10.0000 -2.0000 -6.0000 14.0000 2.0000 6.0000 0.2500 0.2500 0.2500 0.2500 0.2500 1.2500 1.8560 3.3592 
9.0000 13.0000 3.0000 -4.0000 0.0000 5.0000 8 1.0000 0.0000 1.2160 2.0000 -10.0000 -14.0000 6.0000 -6.0000 -2.0000 0.1526 0.3718 0.2573 0.3051 0.1732 1.2600 1.9870 3.4861 
9.0000 50.0000 3.0000 2.0000 0.0000 -7.5000 8 1.0000 1.0000 2.3230 -8.0000 4.0000 8.0000 0.0000 12.0000 -4.0000 0.2417 0.3119 0.2202 0.1629 0.3172 1.2540 1.8296 3.3298 
9.0000 49.0000 3.0000 2.0000 1.0000 7.5000 2 -1.0000 1.0000 1.5940 -4.0000 4.0000 8.0000 0.0000 12.0000 -8.0000 0.2500 0.2500 0.2500 0.2500 0.2500 1.2500 1.8709 3.3759 
9.0000 51.0000 3.0000 2.0000 0.0000 -5.0000 2 -1.0000 0.0000 1.0270 12.0000 4.0000 -4.0000 8.0000 -8.0000 0.0000 0.1992 0.2985 0.2298 0.1807 0.3356 1.2437 1.8291 3.3363 
9.0000 47.0000 3.0000 2.0000 1.0000 2.5000 2 -1.0000 1.0000 2.6920 12.0000 0.0000 -4.0000 4.0000 -8.0000 8.0000 0.2500 0.2500 0.2500 0.2500 0.2500 1.2500 1.8120 3.3092 
9.0000 52.0000 3.0000 2.0000 0.0000 -2.5000 2 -1.0000 0.0000 1.6010 -8.0000 4.0000 12.0000 0.0000 8.0000 -4.0000 0.3729 0.1509 0.1768 0.2930 0.2534 1.2470 1.7896 3.2895 
9.0000 30.0000 3.0000 0.0000 1.0000 -5.0000 8 1.0000 1.0000 2.8650 10.0000 2.0000 -6.0000 6.0000 -10.0000 -2.0000 0.2500 0.2500 0.2500 0.2500 0.2500 1.2500 1.8526 3.3593 
9.0000 37.0000 3.0000 0.0000 0.0000 -5.0000 2 -1.0000 0.0000 2.3070 -10.0000 -2.0000 6.0000 -6.0000 10.0000 2.0000 0.2529 0.2898 0.2122 0.2711 0.2306 1.2567 1.8957 3.3992 
9.0000 42.0000 3.0000 0.0000 0.0000 7.5000 8 1.0000 0.0000 1.3120 -10.0000 2.0000 6.0000 -2.0000 10.0000 -6.0000 0.2306 0.2891 0.1735 0.3897 0.1580 1.2408 1.8173 3.3000 
9.0000 69.0000 3.0000 4.0000 0.0000 5.0000 2 -1.0000 1.0000 2.3810 2.0000 10.0000 14.0000 -6.0000 6.0000 -2.0000 0.2222 0.3358 0.2831 0.1775 0.2359 1.2545 1.8520 3.3470 
9.0000 31.0000 3.0000 0.0000 1.0000 -2.5000 8 1.0000 1.0000 2.8110 10.0000 2.0000 -10.0000 6.0000 -6.0000 -2.0000 0.2500 0.2500 0.2500 0.2500 0.2500 1.2500 1.9072 3.4093 
9.0000 8.0000 3.0000 -4.0000 0.0000 -7.5000 2 -1.0000 0.0000 2.0650 -14.0000 -6.0000 2.0000 -10.0000 6.0000 -2.0000 0.2535 0.2904 0.1575 0.2329 0.3219 1.2562 1.8518 3.3486 
9.0000 55.0000 3.0000 2.0000 0.0000 5.0000 8 1.0000 0.0000 2.9130 4.0000 -4.0000 -8.0000 12.0000 0.0000 8.0000 0.3317 0.2297 0.3026 0.2197 0.1641 1.2478 1.7958 3.3069 
9.0000 9.0000 3.0000 -4.0000 0.0000 -5.0000 2 -1.0000 0.0000 1.6520 -2.0000 -10.0000 -14.0000 6.0000 -6.0000 2.0000 0.3014 0.2506 0.2158 0.3084 0.1711 1.2474 1.8074 3.3065 
9.0000 48.0000 3.0000 2.0000 1.0000 5.0000 8 1.0000 0.0000 2.6400 -8.0000 0.0000 8.0000 -4.0000 12.0000 4.0000 0.2500 0.2500 0.2500 0.2500 0.2500 1.2500 1.8866 3.3926 
9.0000 43.0000 3.0000 2.0000 1.0000 -7.5000 2 -1.0000 0.0000 2.4980 12.0000 0.0000 -4.0000 4.0000 -8.0000 8.0000 0.2500 0.2500 0.2500 0.2500 0.2500 1.2500 1.7632 3.2593 
9.0000 20.0000 3.0000 -2.0000 1.0000 5.0000 8 1.0000 0.0000 2.8170 0.0000 -8.0000 -12.0000 8.0000 -4.0000 4.0000 0.2500 0.2500 0.2500 0.2500 0.2500 1.2500 1.8016 3.3091 
9.0000 1.0000 3.0000 -4.0000 1.0000 -7.5000 2 -1.0000 0.0000 2.0100 6.0000 -2.0000 -14.0000 2.0000 -10.0000 -6.0000 0.2500 0.2500 0.2500 0.2500 0.2500 1.2500 1.9774 3.4759 
9.0000 44.0000 3.0000 2.0000 1.0000 -5.0000 2 -1.0000 0.0000 1.7900 -4.0000 4.0000 12.0000 0.0000 8.0000 -8.0000 0.2500 0.2500 0.2500 0.2500 0.2500 1.2500 1.9589 3.4592 
9.0000 56.0000 4.0000 2.0000 0.0000 7.5000 2 -1.0000 1.0000 2.9360 4.0000 -4.0000 -8.0000 12.0000 0.0000 8.0000 0.2644 0.2138 0.3088 0.1756 0.2875 1.2500 1.7770 3.2758 
9.0000 44.0000 4.0000 2.0000 1.0000 -5.0000 8 1.0000 1.0000 2.5490 -8.0000 4.0000 8.0000 0.0000 12.0000 -4.0000 0.2500 0.2500 0.2500 0.2500 0.2500 1.2500 1.9859 3.4760 
9.0000 33.0000 4.0000 0.0000 1.0000 2.5000 8 1.0000 0.0000 2.6410 10.0000 -2.0000 -6.0000 2.0000 -10.0000 6.0000 0.2500 0.2500 0.2500 0.2500 0.2500 1.2500 1.7625 3.2758 
9.0000 60.0000 4.0000 4.0000 1.0000 0.0000 8 1.0000 0.0000 1.5420 14.0000 2.0000 -6.0000 6.0000 -2.0000 10.0000 0.2500 0.2500 0.2500 0.2500 0.2500 1.2500 1.8417 3.3425 
9.0000 9.0000 4.0000 -4.0000 0.0000 -5.0000 2 -1.0000 0.0000 2.6620 -10.0000 -2.0000 2.0000 -6.0000 6.0000 -14.0000 0.1500 0.3869 0.1826 0.2501 0.2891 1.2587 1.8771 3.3847 
9.0000 7.0000 4.0000 -4.0000 1.0000 7.5000 2 -1.0000 1.0000 2.5810 6.0000 -6.0000 -14.0000 -2.0000 -10.0000 2.0000 0.2500 0.2500 0.2500 0.2500 0.2500 1.2500 1.7652 3.2758 
9.0000 53.0000 4.0000 2.0000 0.0000 0.0000 8 1.0000 0.0000 1.5850 8.0000 -4.0000 -8.0000 12.0000 0.0000 4.0000 0.3167 0.3452 0.2081 0.1502 0.2299 1.2501 1.7624 3.2594 
9.0000 55.0000 4.0000 2.0000 0.0000 5.0000 2 -1.0000 1.0000 1.7310 -4.0000 8.0000 12.0000 -8.0000 4.0000 0.0000 0.1583 0.1881 0.3919 0.3330 0.1745 1.2457 1.8058 3.3050 
9.0000 27.0000 4.0000 -2.0000 0.0000 5.0000 2 -1.0000 1.0000 3.0410 -12.0000 0.0000 4.0000 -4.0000 8.0000 -8.0000 0.2420 0.2740 0.1914 0.3134 0.2206 1.2414 1.8051 3.3005 
9.0000 35.0000 4.0000 0.0000 1.0000 7.5000 8 1.0000 0.0000 2.1690 -10.0000 2.0000 10.0000 -2.0000 6.0000 -6.0000 0.2500 0.2500 0.2500 0.2500 0.2500 1.2500 1.7585 3.2591 
9.0000 54.0000 4.0000 2.0000 0.0000 2.5000 8 1.0000 0.0000 3.0030 0.0000 8.0000 12.0000 -8.0000 4.0000 -4.0000 0.2574 0.1755 0.2832 0.1736 0.3617 1.2514 1.8268 3.3272 
9.0000 2.0000 4.0000 -4.0000 1.0000 -5.0000 8 1.0000 1.0000 2.8860 2.0000 -6.0000 -10.0000 -2.0000 -14.0000 6.0000 0.2500 0.2500 0.2500 0.2500 0.2500 1.2500 1.7545 3.2426 
9.0000 11.0000 4.0000 -4.0000 0.0000 0.0000 2 -1.0000 0.0000 1.4490 6.0000 -2.0000 -14.0000 2.0000 -10.0000 -6.0000 0.1935 0.3010 0.3481 0.2496 0.1536 1.2458 1.8641 3.3716 
9.0000 15.0000 4.0000 -2.0000 1.0000 -7.5000 2 -1.0000 0.0000 1.6750 8.0000 -4.0000 -12.0000 0.0000 -8.0000 4.0000 0.2500 0.2500 0.2500 0.2500 0.2500 1.2500 1.9951 3.4926 
9.0000 63.0000 4.0000 4.0000 1.0000 7.5000 8 1.0000 0.0000 3.8990 10.0000 2.0000 -6.0000 6.0000 -2.0000 14.0000 0.2500 0.2500 0.2500 0.2500 0.2500 1.2500 1.8305 3.3426 
9.0000 20.0000 4.0000 -2.0000 1.0000 5.0000 2 -1.0000 1.0000 2.2840 4.0000 -4.0000 -12.0000 0.0000 -8.0000 8.0000 0.2500 0.2500 0.2500 0.2500 0.2500 1.2500 1.9164 3.4258 
9.0000 68.0000 4.0000 4.0000 0.0000 2.5000 2 -1.0000 1.0000 1.4120 -6.0000 6.0000 14.0000 2.0000 10.0000 -2.0000 0.2319 0.2889 0.2625 0.3038 0.1655 1.2527 1.9505 3.4452 
9.0000 46.0000 4.0000 2.0000 1.0000 0.0000 2 -1.0000 0.0000 1.9570 12.0000 0.0000 -4.0000 4.0000 -8.0000 8.0000 0.2500 0.2500 0.2500 0.2500 0.2500 1.2500 1.7972 3.2925 
9.0000 62.0000 4.0000 4.0000 1.0000 5.0000 2 -1.0000 1.0000 4.1420 -6.0000 2.0000 14.0000 -2.0000 10.0000 6.0000 0.2500 0.2500 0.2500 0.2500 0.2500 1.2500 1.9103 3.4094 
9.0000 38.0000 4.0000 0.0000 0.0000 -2.5000 8 1.0000 1.0000 1.1980 -6.0000 6.0000 10.0000 -10.0000 2.0000 -2.0000 0.2452 0.1986 0.3863 0.1620 0.2487 1.2408 1.8485 3.3334 
9.0000 69.0000 4.0000 4.0000 0.0000 5.0000 2 -1.0000 1.0000 4.0940 14.0000 2.0000 -2.0000 6.0000 -6.0000 10.0000 0.1686 0.2696 0.2248 0.3426 0.2541 1.2597 1.8769 3.3856 
9.0000 50.0000 4.0000 2.0000 0.0000 -7.5000 8 1.0000 1.0000 0.9970 -8.0000 4.0000 12.0000 0.0000 8.0000 -4.0000 0.1710 0.3789 0.2892 0.2535 0.1582 1.2509 1.7633 3.2768 
9.0000 10.0000 4.0000 -4.0000 0.0000 -2.5000 8 1.0000 1.0000 1.3590 2.0000 -6.0000 -14.0000 -2.0000 -10.0000 6.0000 0.2899 0.2164 0.1729 0.3461 0.2260 1.2514 1.9205 3.4272 
9.0000 18.0000 4.0000 -2.0000 1.0000 0.0000 2 -1.0000 0.0000 1.7070 8.0000 0.0000 -12.0000 4.0000 -8.0000 -4.0000 0.2500 0.2500 0.2500 0.2500 0.2500 1.2500 1.7807 3.2926 
9.0000 29.0000 4.0000 0.0000 1.0000 -7.5000 8 1.0000 1.0000 1.3070 -2.0000 6.0000 10.0000 -10.0000 2.0000 -6.0000 0.2500 0.2500 0.2500 0.2500 0.2500 1.2500 1.9354 3.4425 
9.0000 13.0000 4.0000 -4.0000 0.0000 5.0000 2 -1.0000 1.0000 2.5460 -14.0000 -6.0000 2.0000 -10.0000 6.0000 -2.0000 0.3679 0.2141 0.2899 0.2236 0.1610 1.2565 1.7692 3.2823 
9.0000 1.0000 4.0000 -4.0000 1.0000 -7.5000 8 1.0000 1.0000 0.8910 -10.0000 -2.0000 2.0000 -6.0000 6.0000 -14.0000 0.2500 0.2500 0.2500 0.2500 0.2500 1.2500 1.8542 3.3592 
9.0000 51.0000 4.0000 2.0000 0.0000 -5.0000 8 1.0000 1.0000 1.3590 -4.0000 8.0000 12.0000 -8.0000 4.0000 0.0000 0.2406 0.1549 0.2410 0.3159 0.2908 1.2431 1.8573 3.3523 
9.0000 34.0000 4.0000 0.0000 1.0000 5.0000 2 -1.0000 1.0000 2.4200 2.0000 -6.0000 -10.0000 10.0000 -2.0000 6.0000 0.2500 0.2500 0.2500 0.2500 0.2500 1.2500 1.7706 3.2758 
9.0000 43.0000 4.0000 2.0000 1.0000 -7.5000 2 -1.0000 0.0000 1.9200 -8.0000 0.0000 12.0000 -4.0000 8.0000 4.0000 0.2500 0.2500 0.2500 0.2500 0.2500 1.2500 1.9172 3.4093 
9.0000 67.0000 4.0000 4.0000 0.0000 0.0000 2 -1.0000 0.0000 2.0310 14.0000 2.0000 -6.0000 6.0000 -2.0000 10.0000 0.2630 0.2344 0.2072 0.3428 0.1941 1.2415 1.9494 3.4341 
9.0000 32.0000 4.0000 0.0000 1.0000 0.0000 8 1.0000 0.0000 1.7510 6.0000 -2.0000 -10.0000 2.0000 -6.0000 10.0000 0.2500 0.2500 0.2500 0.2500 0.2500 1.2500 1.8161 3.3260 
9.0000 59.0000 4.0000 4.0000 1.0000 -2.5000 8 1.0000 1.0000 1.5850 -6.0000 6.0000 10.0000 2.0000 14.0000 -2.0000 0.2500 0.2500 0.2500 0.2500 0.2500 1.2500 1.8162 3.3259 
9.0000 49.0000 4.0000 2.0000 1.0000 7.5000 2 -1.0000 1.0000 3.2720 -4.0000 4.0000 12.0000 0.0000 8.0000 -8.0000 0.2500 0.2500 0.2500 0.2500 0.2500 1.2500 1.9220 3.4260 
9.0000 22.0000 4.0000 -2.0000 0.0000 -7.5000 8 1.0000 1.0000 2.8370 0.0000 -8.0000 -12.0000 8.0000 -4.0000 4.0000 0.2963 0.2512 0.2095 0.1660 0.3276 1.2506 1.8095 3.3098 
9.0000 30.0000 4.0000 0.0000 1.0000 -5.0000 8 1.0000 1.0000 2.5200 -10.0000 2.0000 6.0000 -2.0000 10.0000 -6.0000 0.2500 0.2500 0.2500 0.2500 0.2500 1.2500 1.9115 3.4091 
9.0000 58.0000 4.0000 4.0000 1.0000 -5.0000 2 -1.0000 0.0000 1.6640 -2.0000 10.0000 14.0000 -6.0000 6.0000 2.0000 0.2500 0.2500 0.2500 0.2500 0.2500 1.2500 1.9293 3.4259 
9.0000 21.0000 4.0000 -2.0000 1.0000 7.5000 2 -1.0000 1.0000 2.7530 -8.0000 0.0000 4.0000 -4.0000 8.0000 -12.0000 0.2500 0.2500 0.2500 0.2500 0.2500 1.2500 1.7644 3.2592 
9.0000 23.0000 4.0000 -2.0000 0.0000 -5.0000 2 -1.0000 0.0000 1.8880 -8.0000 0.0000 4.0000 -4.0000 8.0000 -12.0000 0.2820 0.2217 0.3410 0.2137 0.1884 1.2468 1.9078 3.4061 
9.0000 61.0000 4.0000 4.0000 1.0000 2.5000 2 -1.0000 1.0000 2.6470 6.0000 -2.0000 -6.0000 14.0000 2.0000 10.0000 0.2500 0.2500 0.2500 0.2500 0.2500 1.2500 1.7914 3.2924 
9.0000 40.0000 4.0000 0.0000 0.0000 2.5000 2 -1.0000 1.0000 3.3860 6.0000 -2.0000 -6.0000 2.0000 -10.0000 10.0000 0.2353 0.1574 0.2486 0.2161 0.3945 1.2518 1.9479 3.4443 
9.0000 37.0000 4.0000 0.0000 0.0000 -5.0000 8 1.0000 1.0000 0.9320 6.0000 -6.0000 -10.0000 10.0000 -2.0000 2.0000 0.1912 0.2781 0.2180 0.1862 0.3690 1.2425 1.9555 3.4518 
9.0000 57.0000 4.0000 4.0000 1.0000 -7.5000 8 1.0000 1.0000 1.5760 14.0000 2.0000 -6.0000 6.0000 -2.0000 10.0000 0.2500 0.2500 0.2500 0.2500 0.2500 1.2500 1.9955 3.5093 
9.0000 14.0000 4.0000 -4.0000 0.0000 7.5000 8 1.0000 0.0000 1.9630 -10.0000 2.0000 6.0000 -14.0000 -2.0000 -6.0000 0.3556 0.1508 0.1929 0.3963 0.1553 1.2509 1.9806 3.4935 
9.0000 41.0000 4.0000 0.0000 0.0000 5.0000 8 1.0000 0.0000 1.4390 -6.0000 6.0000 10.0000 -10.0000 2.0000 -2.0000 0.3165 0.1694 0.2846 0.1813 0.2991 1.2508 1.8021 3.3100 
9.0000 64.0000 4.0000 4.0000 0.0000 -7.5000 2 -1.0000 0.0000 1.2620 14.0000 6.0000 -2.0000 10.0000 -6.0000 2.0000 0.3347 0.2011 0.2865 0.1872 0.2369 1.2464 1.8022 3.3057 
9.0000 47.0000 4.0000 2.0000 1.0000 2.5000 8 1.0000 0.0000 2.4260 -4.0000 8.0000 12.0000 -8.0000 4.0000 0.0000 0.2500 0.2500 0.2500 0.2500 0.2500 1.2500 1.8990 3.3926 
9.0000 45.0000 4.0000 2.0000 1.0000 -2.5000 8 1.0000 1.0000 3.2510 12.0000 4.0000 -8.0000 8.0000 -4.0000 0.0000 0.2500 0.2500 0.2500 0.2500 0.2500 1.2500 1.9804 3.4758 
9.0000 48.0000 4.0000 2.0000 1.0000 5.0000 2 -1.0000 1.0000 2.6000 -8.0000 0.0000 12.0000 -4.0000 8.0000 4.0000 0.2500 0.2500 0.2500 0.2500 0.2500 1.2500 1.8562 3.3593 
9.0000 26.0000 4.0000 -2.0000 0.0000 2.5000 8 1.0000 0.0000 4.2230 8.0000 0.0000 -8.0000 4.0000 -12.0000 -4.0000 0.2659 0.1535 0.1835 0.2937 0.3597 1.2564 1.8682 3.3656 
9.0000 31.0000 4.0000 0.0000 1.0000 -2.5000 8 1.0000 1.0000 2.2040 6.0000 -6.0000 -10.0000 10.0000 -2.0000 2.0000 0.2500 0.2500 0.2500 0.2500 0.2500 1.2500 1.8919 3.3925 
9.0000 4.0000 4.0000 -4.0000 1.0000 0.0000 8 1.0000 0.0000 1.1490 -10.0000 2.0000 6.0000 -14.0000 -2.0000 -6.0000 0.2500 0.2500 0.2500 0.2500 0.2500 1.2500 1.9528 3.4592 
9.0000 16.0000 4.0000 -2.0000 1.0000 -5.0000 8 1.0000 1.0000 2.5080 8.0000 0.0000 -8.0000 4.0000 -12.0000 -4.0000 0.2500 0.2500 0.2500 0.2500 0.2500 1.2500 1.9333 3.4427 
9.0000 8.0000 4.0000 -4.0000 0.0000 -7.5000 8 1.0000 1.0000 1.8720 -2.0000 -10.0000 -14.0000 6.0000 -6.0000 2.0000 0.3536 0.1930 0.3054 0.1731 0.2333 1.2585 1.7966 3.3010 
9.0000 52.0000 4.0000 2.0000 0.0000 -2.5000 2 -1.0000 0.0000 1.0520 -4.0000 4.0000 12.0000 0.0000 8.0000 -8.0000 0.2931 0.1883 0.3313 0.2828 0.1599 1.2554 1.8482 3.3480 
9.0000 24.0000 4.0000 -2.0000 0.0000 -2.5000 2 -1.0000 0.0000 3.1340 -12.0000 0.0000 8.0000 -4.0000 4.0000 -8.0000 0.1883 0.3777 0.1631 0.3082 0.2048 1.2420 1.9765 3.4679 
9.0000 6.0000 4.0000 -4.0000 1.0000 5.0000 2 -1.0000 1.0000 3.1340 -14.0000 -2.0000 2.0000 -6.0000 6.0000 -10.0000 0.2500 0.2500 0.2500 0.2500 0.2500 1.2500 1.9125 3.4091 
9.0000 42.0000 4.0000 0.0000 0.0000 7.5000 2 -1.0000 1.0000 2.5970 6.0000 -2.0000 -10.0000 2.0000 -6.0000 10.0000 0.1740 0.3758 0.1967 0.2882 0.2145 1.2492 1.8531 3.3418 
9.0000 36.0000 4.0000 0.0000 0.0000 -7.5000 8 1.0000 1.0000 2.7520 10.0000 -2.0000 -6.0000 2.0000 -10.0000 6.0000 0.1668 0.2132 0.3080 0.2079 0.3602 1.2560 1.9723 3.4655 
9.0000 28.0000 4.0000 -2.0000 0.0000 7.5000 2 -1.0000 1.0000 2.5180 -12.0000 -4.0000 4.0000 -8.0000 8.0000 0.0000 0.3524 0.1543 0.2267 0.3136 0.1993 1.2463 1.7583 3.2555 
9.0000 65.0000 4.0000 4.0000 0.0000 -5.0000 8 1.0000 1.0000 3.7630 6.0000 -2.0000 -6.0000 14.0000 2.0000 10.0000 0.3590 0.2487 0.2017 0.2395 0.2077 1.2565 1.9922 3.4992 
9.0000 66.0000 4.0000 4.0000 0.0000 -2.5000 2 -1.0000 0.0000 2.1760 10.0000 2.0000 -2.0000 6.0000 -6.0000 14.0000 0.1633 0.3663 0.2148 0.3511 0.1619 1.2574 1.8948 3.3999 
9.0000 39.0000 4.0000 0.0000 0.0000 0.0000 8 1.0000 0.0000 1.6430 -10.0000 2.0000 6.0000 -2.0000 10.0000 -6.0000 0.2938 0.2302 0.1966 0.2493 0.2829 1.2528 1.9475 3.4622 
9.0000 5.0000 4.0000 -4.0000 1.0000 2.5000 NR 0.0000 0.0000 2.3660 -14.0000 -2.0000 2.0000 -6.0000 6.0000 -10.0000 0.2500 0.2500 0.2500 0.2500 0.2500 1.2500 1.9084 3.4093 
9.0000 12.0000 4.0000 -4.0000 0.0000 2.5000 2 -1.0000 1.0000 1.6440 -14.0000 -2.0000 6.0000 -6.0000 2.0000 -10.0000 0.1753 0.2362 0.3255 0.2227 0.2813 1.2410 1.9049 3.4004 
9.0000 3.0000 4.0000 -4.0000 1.0000 -2.5000 8 1.0000 1.0000 2.1240 2.0000 -10.0000 -14.0000 6.0000 -6.0000 -2.0000 0.2500 0.2500 0.2500 0.2500 0.2500 1.2500 1.8632 3.3592 
9.0000 70.0000 4.0000 4.0000 0.0000 7.5000 2 -1.0000 1.0000 1.6450 6.0000 -2.0000 -6.0000 14.0000 2.0000 10.0000 0.2110 0.3691 0.2066 0.2789 0.1785 1.2442 1.8636 3.3533 
9.0000 17.0000 4.0000 -2.0000 1.0000 -2.5000 8 1.0000 1.0000 2.3550 -8.0000 0.0000 4.0000 -4.0000 8.0000 -12.0000 0.2500 0.2500 0.2500 0.2500 0.2500 1.2500 1.8461 3.3427 
9.0000 19.0000 4.0000 -2.0000 1.0000 2.5000 2 -1.0000 1.0000 2.5400 8.0000 0.0000 -8.0000 4.0000 -12.0000 -4.0000 0.2500 0.2500 0.2500 0.2500 0.2500 1.2500 1.9146 3.4093 
9.0000 25.0000 4.0000 -2.0000 0.0000 0.0000 8 1.0000 0.0000 1.1700 -12.0000 -4.0000 8.0000 -8.0000 4.0000 0.0000 0.1784 0.2082 0.2672 0.3789 0.2202 1.2529 1.9585 3.4621 
9.0000 67.0000 5.0000 4.0000 0.0000 0.0000 8 1.0000 0.0000 1.5010 10.0000 2.0000 -6.0000 6.0000 -2.0000 14.0000 0.2455 0.3001 0.1737 0.3585 0.1676 1.2454 1.8189 3.3046 
9.0000 10.0000 5.0000 -4.0000 0.0000 -2.5000 2 -1.0000 0.0000 2.3810 2.0000 -10.0000 -14.0000 6.0000 -6.0000 -2.0000 0.2798 0.2010 0.2489 0.1948 0.3172 1.2418 1.7676 3.2509 
9.0000 48.0000 5.0000 2.0000 1.0000 5.0000 8 1.0000 0.0000 1.5920 -4.0000 8.0000 12.0000 -8.0000 4.0000 0.0000 0.2500 0.2500 0.2500 0.2500 0.2500 1.2500 1.9821 3.4760 
9.0000 3.0000 5.0000 -4.0000 1.0000 -2.5000 8 1.0000 1.0000 1.2320 -10.0000 -2.0000 6.0000 -6.0000 2.0000 -14.0000 0.2500 0.2500 0.2500 0.2500 0.2500 1.2500 1.8007 3.3092 
9.0000 53.0000 5.0000 2.0000 0.0000 0.0000 8 1.0000 0.0000 2.3570 8.0000 0.0000 -4.0000 4.0000 -8.0000 12.0000 0.1773 0.3426 0.1853 0.2172 0.3306 1.2531 1.8832 3.3956 
9.0000 19.0000 5.0000 -2.0000 1.0000 2.5000 2 -1.0000 1.0000 2.5560 8.0000 -4.0000 -12.0000 0.0000 -8.0000 4.0000 0.2500 0.2500 0.2500 0.2500 0.2500 1.2500 1.8721 3.3759 
9.0000 24.0000 5.0000 -2.0000 0.0000 -2.5000 8 1.0000 1.0000 1.2160 -12.0000 0.0000 8.0000 -4.0000 4.0000 -8.0000 0.2949 0.2591 0.1783 0.3264 0.1961 1.2548 1.7835 3.2972 
9.0000 36.0000 5.0000 0.0000 0.0000 -7.5000 8 1.0000 1.0000 1.0560 10.0000 -2.0000 -10.0000 2.0000 -6.0000 6.0000 0.1610 0.2943 0.2432 0.3095 0.2471 1.2551 1.8246 3.3311 
9.0000 39.0000 5.0000 0.0000 0.0000 0.0000 8 1.0000 0.0000 1.5020 10.0000 -2.0000 -6.0000 2.0000 -10.0000 6.0000 0.3289 0.1907 0.2893 0.2618 0.1713 1.2420 1.8541 3.3512 
9.0000 27.0000 5.0000 -2.0000 0.0000 5.0000 2 -1.0000 1.0000 1.5080 -12.0000 -4.0000 8.0000 -8.0000 4.0000 0.0000 0.2365 0.1646 0.3661 0.2858 0.1903 1.2434 1.8048 3.3025 
9.0000 7.0000 5.0000 -4.0000 1.0000 7.5000 2 -1.0000 1.0000 1.5540 -10.0000 -2.0000 6.0000 -6.0000 2.0000 -14.0000 0.2500 0.2500 0.2500 0.2500 0.2500 1.2500 1.8026 3.2925 
9.0000 43.0000 5.0000 2.0000 1.0000 -7.5000 8 1.0000 1.0000 1.7580 8.0000 0.0000 -4.0000 4.0000 -8.0000 12.0000 0.2500 0.2500 0.2500 0.2500 0.2500 1.2500 1.9771 3.4759 
9.0000 56.0000 5.0000 2.0000 0.0000 7.5000 2 -1.0000 1.0000 3.0270 -8.0000 0.0000 8.0000 -4.0000 12.0000 4.0000 0.1746 0.3224 0.3549 0.2367 0.1693 1.2579 1.7657 3.2670 
9.0000 12.0000 5.0000 -4.0000 0.0000 2.5000 8 1.0000 0.0000 0.9180 -14.0000 -2.0000 2.0000 -6.0000 6.0000 -10.0000 0.3328 0.1970 0.2861 0.1836 0.2560 1.2554 1.8924 3.4146 
9.0000 60.0000 5.0000 4.0000 1.0000 0.0000 2 -1.0000 0.0000 2.2300 -2.0000 6.0000 14.0000 2.0000 10.0000 -6.0000 0.2500 0.2500 0.2500 0.2500 0.2500 1.2500 1.9019 3.4092 
9.0000 9.0000 5.0000 -4.0000 0.0000 -5.0000 8 1.0000 1.0000 1.7890 6.0000 -2.0000 -14.0000 2.0000 -10.0000 -6.0000 0.1551 0.2870 0.2244 0.3185 0.2630 1.2480 1.8379 3.3405 
9.0000 38.0000 5.0000 0.0000 0.0000 -2.5000 8 1.0000 1.0000 1.5040 10.0000 -2.0000 -6.0000 2.0000 -10.0000 6.0000 0.2975 0.1916 0.2574 0.3326 0.1657 1.2449 1.9840 3.4875 
9.0000 58.0000 5.0000 4.0000 1.0000 -5.0000 8 1.0000 1.0000 1.1180 14.0000 2.0000 -2.0000 6.0000 -6.0000 10.0000 0.2500 0.2500 0.2500 0.2500 0.2500 1.2500 1.7731 3.2758 
9.0000 63.0000 5.0000 4.0000 1.0000 7.5000 2 -1.0000 1.0000 1.0980 14.0000 6.0000 -2.0000 10.0000 -6.0000 2.0000 0.2500 0.2500 0.2500 0.2500 0.2500 1.2500 1.8296 3.3258 
9.0000 30.0000 5.0000 0.0000 1.0000 -5.0000 2 -1.0000 0.0000 2.3650 10.0000 2.0000 -10.0000 6.0000 -6.0000 -2.0000 0.2500 0.2500 0.2500 0.2500 0.2500 1.2500 1.9020 3.4092 
9.0000 21.0000 5.0000 -2.0000 1.0000 7.5000 2 -1.0000 1.0000 1.0510 4.0000 -4.0000 -12.0000 0.0000 -8.0000 8.0000 0.2500 0.2500 0.2500 0.2500 0.2500 1.2500 1.8754 3.3759 
9.0000 20.0000 5.0000 -2.0000 1.0000 5.0000 2 -1.0000 1.0000 1.0080 8.0000 0.0000 -8.0000 4.0000 -12.0000 -4.0000 0.2500 0.2500 0.2500 0.2500 0.2500 1.2500 1.9241 3.4259 
9.0000 44.0000 5.0000 2.0000 1.0000 -5.0000 8 1.0000 1.0000 1.3880 4.0000 -4.0000 -8.0000 12.0000 0.0000 8.0000 0.2500 0.2500 0.2500 0.2500 0.2500 1.2500 1.9536 3.4426 
9.0000 57.0000 5.0000 4.0000 1.0000 -7.5000 8 1.0000 1.0000 1.5430 -2.0000 6.0000 14.0000 2.0000 10.0000 -6.0000 0.2500 0.2500 0.2500 0.2500 0.2500 1.2500 1.9663 3.4593 
9.0000 4.0000 5.0000 -4.0000 1.0000 0.0000 2 -1.0000 0.0000 1.8530 -14.0000 -2.0000 2.0000 -6.0000 6.0000 -10.0000 0.2500 0.2500 0.2500 0.2500 0.2500 1.2500 1.7882 3.2924 
9.0000 6.0000 5.0000 -4.0000 1.0000 5.0000 2 -1.0000 1.0000 1.3300 6.0000 -2.0000 -14.0000 2.0000 -10.0000 -6.0000 0.2500 0.2500 0.2500 0.2500 0.2500 1.2500 1.9931 3.4926 
9.0000 1.0000 5.0000 -4.0000 1.0000 -7.5000 8 1.0000 1.0000 1.5360 -14.0000 -6.0000 2.0000 -10.0000 6.0000 -2.0000 0.2500 0.2500 0.2500 0.2500 0.2500 1.2500 1.8180 3.3259 
9.0000 33.0000 5.0000 0.0000 1.0000 2.5000 8 1.0000 0.0000 1.2810 10.0000 2.0000 -6.0000 6.0000 -10.0000 -2.0000 0.2500 0.2500 0.2500 0.2500 0.2500 1.2500 1.8526 3.3591 
9.0000 51.0000 5.0000 2.0000 0.0000 -5.0000 8 1.0000 1.0000 2.1110 8.0000 0.0000 -8.0000 4.0000 -4.0000 12.0000 0.2705 0.1707 0.2796 0.1867 0.3385 1.2461 1.8408 3.3385 
9.0000 41.0000 5.0000 0.0000 0.0000 5.0000 2 -1.0000 1.0000 1.5960 -10.0000 2.0000 10.0000 -2.0000 6.0000 -6.0000 0.2241 0.3130 0.1698 0.3364 0.2163 1.2597 1.9172 3.4355 
9.0000 32.0000 5.0000 0.0000 1.0000 0.0000 8 1.0000 0.0000 2.1810 10.0000 2.0000 -6.0000 6.0000 -10.0000 -2.0000 0.2500 0.2500 0.2500 0.2500 0.2500 1.2500 1.8399 3.3425 
9.0000 40.0000 5.0000 0.0000 0.0000 2.5000 8 1.0000 0.0000 2.3710 -6.0000 2.0000 10.0000 -2.0000 6.0000 -10.0000 0.2698 0.2350 0.1646 0.3149 0.2662 1.2504 1.9204 3.4263 
9.0000 14.0000 5.0000 -4.0000 0.0000 7.5000 8 1.0000 0.0000 2.9090 -10.0000 -2.0000 2.0000 -6.0000 6.0000 -14.0000 0.1958 0.3699 0.3174 0.1672 0.2077 1.2580 1.8162 3.3172 
9.0000 13.0000 5.0000 -4.0000 0.0000 5.0000 2 -1.0000 1.0000 1.6010 6.0000 -6.0000 -10.0000 -2.0000 -14.0000 2.0000 0.3362 0.1837 0.2560 0.2224 0.2599 1.2582 1.8316 3.3341 
9.0000 49.0000 5.0000 2.0000 1.0000 7.5000 2 -1.0000 1.0000 2.6600 -4.0000 4.0000 12.0000 0.0000 8.0000 -8.0000 0.2500 0.2500 0.2500 0.2500 0.2500 1.2500 1.7533 3.2425 
9.0000 17.0000 5.0000 -2.0000 1.0000 -2.5000 2 -1.0000 0.0000 2.2920 -12.0000 -4.0000 8.0000 -8.0000 4.0000 0.0000 0.2500 0.2500 0.2500 0.2500 0.2500 1.2500 1.9492 3.4593 
9.0000 45.0000 5.0000 2.0000 1.0000 -2.5000 8 1.0000 1.0000 2.6400 12.0000 4.0000 -8.0000 8.0000 -4.0000 0.0000 0.2500 0.2500 0.2500 0.2500 0.2500 1.2500 1.8539 3.3592 
9.0000 46.0000 5.0000 2.0000 1.0000 0.0000 2 -1.0000 0.0000 2.6520 12.0000 4.0000 -8.0000 8.0000 -4.0000 0.0000 0.2500 0.2500 0.2500 0.2500 0.2500 1.2500 1.8955 3.3927 
9.0000 68.0000 5.0000 4.0000 0.0000 2.5000 2 -1.0000 1.0000 1.6020 -2.0000 6.0000 14.0000 2.0000 10.0000 -6.0000 0.3094 0.1701 0.2213 0.2878 0.2586 1.2472 1.7964 3.2897 
9.0000 66.0000 5.0000 4.0000 0.0000 -2.5000 8 1.0000 1.0000 1.4250 -6.0000 2.0000 14.0000 -2.0000 10.0000 6.0000 0.1598 0.2685 0.3488 0.2026 0.2614 1.2411 1.8384 3.3338 
9.0000 23.0000 5.0000 -2.0000 0.0000 -5.0000 8 1.0000 1.0000 1.1380 -8.0000 0.0000 4.0000 -4.0000 8.0000 -12.0000 0.1784 0.2056 0.2832 0.2478 0.3406 1.2556 1.8123 3.3147 
9.0000 34.0000 5.0000 0.0000 1.0000 5.0000 8 1.0000 0.0000 1.5490 10.0000 -2.0000 -10.0000 2.0000 -6.0000 6.0000 0.2500 0.2500 0.2500 0.2500 0.2500 1.2500 1.8445 3.3426 
9.0000 16.0000 5.0000 -2.0000 1.0000 -5.0000 8 1.0000 1.0000 1.2170 -12.0000 0.0000 8.0000 -4.0000 4.0000 -8.0000 0.2500 0.2500 0.2500 0.2500 0.2500 1.2500 1.8392 3.3425 
9.0000 15.0000 5.0000 -2.0000 1.0000 -7.5000 8 1.0000 1.0000 1.0380 -12.0000 -4.0000 4.0000 -8.0000 8.0000 0.0000 0.2500 0.2500 0.2500 0.2500 0.2500 1.2500 1.8980 3.3924 
9.0000 69.0000 5.0000 4.0000 0.0000 5.0000 8 1.0000 0.0000 2.6760 14.0000 2.0000 -6.0000 6.0000 -2.0000 10.0000 0.3346 0.1871 0.1538 0.3776 0.1970 1.2502 1.8456 3.3427 
9.0000 54.0000 5.0000 2.0000 0.0000 2.5000 2 -1.0000 1.0000 1.2870 12.0000 0.0000 -8.0000 4.0000 -4.0000 8.0000 0.3756 0.2540 0.1547 0.2936 0.1727 1.2506 1.8800 3.3933 
9.0000 61.0000 5.0000 4.0000 1.0000 2.5000 2 -1.0000 1.0000 1.6860 14.0000 6.0000 -2.0000 10.0000 -6.0000 2.0000 0.2500 0.2500 0.2500 0.2500 0.2500 1.2500 1.9585 3.4594 
9.0000 8.0000 5.0000 -4.0000 0.0000 -7.5000 2 -1.0000 0.0000 1.7570 -10.0000 -2.0000 6.0000 -6.0000 2.0000 -14.0000 0.1536 0.3013 0.1931 0.3433 0.2545 1.2457 1.7881 3.2883 
9.0000 2.0000 5.0000 -4.0000 1.0000 -5.0000 8 1.0000 1.0000 0.9560 2.0000 -6.0000 -10.0000 -2.0000 -14.0000 6.0000 0.2500 0.2500 0.2500 0.2500 0.2500 1.2500 1.9331 3.4424 
9.0000 5.0000 5.0000 -4.0000 1.0000 2.5000 8 1.0000 0.0000 0.9250 6.0000 -2.0000 -14.0000 2.0000 -10.0000 -6.0000 0.2500 0.2500 0.2500 0.2500 0.2500 1.2500 1.8308 3.3258 
9.0000 50.0000 5.0000 2.0000 0.0000 -7.5000 8 1.0000 1.0000 0.9100 -8.0000 0.0000 8.0000 -4.0000 12.0000 4.0000 0.2661 0.1648 0.2297 0.3125 0.2672 1.2403 1.8917 3.3830 
9.0000 31.0000 5.0000 0.0000 1.0000 -2.5000 8 1.0000 1.0000 0.7540 -6.0000 2.0000 6.0000 -2.0000 10.0000 -10.0000 0.2500 0.2500 0.2500 0.2500 0.2500 1.2500 1.8499 3.3426 
9.0000 65.0000 5.0000 4.0000 0.0000 -5.0000 8 1.0000 1.0000 1.8270 10.0000 -2.0000 -6.0000 14.0000 2.0000 6.0000 0.2434 0.1733 0.2044 0.2783 0.3513 1.2506 1.9214 3.4264 
9.0000 42.0000 5.0000 0.0000 0.0000 7.5000 2 -1.0000 1.0000 2.4090 -10.0000 2.0000 6.0000 -2.0000 10.0000 -6.0000 0.2849 0.3316 0.1898 0.2494 0.1844 1.2401 1.8979 3.3828 
9.0000 18.0000 5.0000 -2.0000 1.0000 0.0000 8 1.0000 0.0000 0.8670 -4.0000 4.0000 8.0000 -12.0000 0.0000 -8.0000 0.2500 0.2500 0.2500 0.2500 0.2500 1.2500 1.9973 3.4926 
9.0000 37.0000 5.0000 0.0000 0.0000 -5.0000 8 1.0000 1.0000 2.7320 6.0000 -2.0000 -6.0000 2.0000 -10.0000 10.0000 0.3009 0.2016 0.1534 0.3295 0.2607 1.2461 1.7592 3.2552 
9.0000 70.0000 5.0000 4.0000 0.0000 7.5000 2 -1.0000 1.0000 2.4620 10.0000 -2.0000 -6.0000 14.0000 2.0000 6.0000 0.2176 0.3300 0.2001 0.3090 0.1964 1.2531 1.9773 3.4957 
9.0000 59.0000 5.0000 4.0000 1.0000 -2.5000 8 1.0000 1.0000 1.0970 6.0000 -2.0000 -6.0000 14.0000 2.0000 10.0000 0.2500 0.2500 0.2500 0.2500 0.2500 1.2500 1.9449 3.4425 
9.0000 64.0000 5.0000 4.0000 0.0000 -7.5000 8 1.0000 1.0000 0.9090 6.0000 -2.0000 -6.0000 14.0000 2.0000 10.0000 0.2014 0.2582 0.3496 0.1963 0.2499 1.2553 1.8078 3.3145 
9.0000 55.0000 5.0000 2.0000 0.0000 5.0000 2 -1.0000 1.0000 1.2730 -8.0000 4.0000 12.0000 0.0000 8.0000 -4.0000 0.3211 0.1614 0.3455 0.2718 0.1548 1.2547 1.8749 3.3807 
9.0000 35.0000 5.0000 0.0000 1.0000 7.5000 2 -1.0000 1.0000 2.1000 -10.0000 -2.0000 10.0000 -6.0000 6.0000 2.0000 0.2500 0.2500 0.2500 0.2500 0.2500 1.2500 1.8528 3.3591 
9.0000 47.0000 5.0000 2.0000 1.0000 2.5000 2 -1.0000 1.0000 2.3700 -8.0000 0.0000 12.0000 -4.0000 8.0000 4.0000 0.2500 0.2500 0.2500 0.2500 0.2500 1.2500 1.8191 3.3260 
9.0000 29.0000 5.0000 0.0000 1.0000 -7.5000 8 1.0000 1.0000 2.0610 -6.0000 2.0000 6.0000 -2.0000 10.0000 -10.0000 0.2500 0.2500 0.2500 0.2500 0.2500 1.2500 1.9850 3.4760 
9.0000 11.0000 5.0000 -4.0000 0.0000 0.0000 8 1.0000 0.0000 2.0790 2.0000 -6.0000 -10.0000 -2.0000 -14.0000 6.0000 0.3463 0.3022 0.1587 0.1931 0.2422 1.2424 1.9839 3.4683 
9.0000 26.0000 5.0000 -2.0000 0.0000 2.5000 2 -1.0000 1.0000 1.7630 8.0000 -4.0000 -12.0000 0.0000 -8.0000 4.0000 0.3314 0.2243 0.2744 0.2321 0.1872 1.2495 1.8778 3.3752 
9.0000 52.0000 5.0000 2.0000 0.0000 -2.5000 8 1.0000 1.0000 2.0780 12.0000 4.0000 -8.0000 8.0000 -4.0000 0.0000 0.3828 0.1716 0.2337 0.2045 0.2647 1.2573 1.8199 3.3165 
9.0000 22.0000 5.0000 -2.0000 0.0000 -7.5000 8 1.0000 1.0000 1.5650 -4.0000 4.0000 8.0000 -12.0000 0.0000 -8.0000 0.3089 0.1543 0.3878 0.1897 0.2152 1.2558 1.9285 3.4484 
9.0000 62.0000 5.0000 4.0000 1.0000 5.0000 8 1.0000 0.0000 1.6930 -6.0000 6.0000 14.0000 2.0000 10.0000 -2.0000 0.2500 0.2500 0.2500 0.2500 0.2500 1.2500 1.8503 3.3592 
9.0000 28.0000 5.0000 -2.0000 0.0000 7.5000 2 -1.0000 1.0000 1.3020 -12.0000 -4.0000 4.0000 -8.0000 8.0000 0.0000 0.2563 0.3209 0.2509 0.1749 0.2379 1.2409 1.9471 3.4502 
9.0000 25.0000 5.0000 -2.0000 0.0000 0.0000 8 1.0000 0.0000 1.2330 -4.0000 4.0000 8.0000 -12.0000 0.0000 -8.0000 0.1849 0.2324 0.3604 0.2000 0.2789 1.2566 1.8296 3.3325 
9.0000 41.0000 6.0000 0.0000 0.0000 5.0000 2 -1.0000 1.0000 2.7290 6.0000 -2.0000 -10.0000 2.0000 -6.0000 10.0000 0.2222 0.1963 0.2354 0.3987 0.1912 1.2438 1.8458 3.3363 
9.0000 13.0000 6.0000 -4.0000 0.0000 5.0000 2 -1.0000 1.0000 2.5360 -10.0000 -2.0000 2.0000 -6.0000 6.0000 -14.0000 0.2503 0.1614 0.3778 0.1566 0.3032 1.2493 1.9251 3.4253 
9.0000 65.0000 6.0000 4.0000 0.0000 -5.0000 8 1.0000 1.0000 1.1630 -2.0000 6.0000 10.0000 2.0000 14.0000 -6.0000 0.2198 0.2522 0.2251 0.3114 0.2478 1.2563 1.8083 3.3155 
9.0000 44.0000 6.0000 2.0000 1.0000 -5.0000 8 1.0000 1.0000 1.1590 8.0000 0.0000 -4.0000 4.0000 -8.0000 12.0000 0.2500 0.2500 0.2500 0.2500 0.2500 1.2500 1.9985 3.4927 
9.0000 17.0000 6.0000 -2.0000 1.0000 -2.5000 8 1.0000 1.0000 1.2610 4.0000 -8.0000 -12.0000 8.0000 -4.0000 0.0000 0.2500 0.2500 0.2500 0.2500 0.2500 1.2500 1.9826 3.4760 
9.0000 20.0000 6.0000 -2.0000 1.0000 5.0000 2 -1.0000 1.0000 1.1340 8.0000 -4.0000 -8.0000 0.0000 -12.0000 4.0000 0.2500 0.2500 0.2500 0.2500 0.2500 1.2500 1.9436 3.4427 
9.0000 37.0000 6.0000 0.0000 0.0000 -5.0000 8 1.0000 1.0000 1.0580 10.0000 -2.0000 -10.0000 2.0000 -6.0000 6.0000 0.3117 0.2057 0.2728 0.1929 0.2589 1.2419 1.8091 3.3012 
9.0000 9.0000 6.0000 -4.0000 0.0000 -5.0000 8 1.0000 1.0000 1.6200 6.0000 -6.0000 -10.0000 -2.0000 -14.0000 2.0000 0.2600 0.2875 0.1596 0.3198 0.2208 1.2477 1.9414 3.4403 
9.0000 4.0000 6.0000 -4.0000 1.0000 0.0000 8 1.0000 0.0000 1.0440 -14.0000 -6.0000 2.0000 -10.0000 6.0000 -2.0000 0.2500 0.2500 0.2500 0.2500 0.2500 1.2500 1.8028 3.3093 
9.0000 15.0000 6.0000 -2.0000 1.0000 -7.5000 8 1.0000 1.0000 0.8290 -12.0000 0.0000 4.0000 -4.0000 8.0000 -8.0000 0.2500 0.2500 0.2500 0.2500 0.2500 1.2500 1.7652 3.2760 
9.0000 63.0000 6.0000 4.0000 1.0000 7.5000 2 -1.0000 1.0000 1.1540 6.0000 -2.0000 -6.0000 14.0000 2.0000 10.0000 0.2500 0.2500 0.2500 0.2500 0.2500 1.2500 1.8612 3.3592 
9.0000 19.0000 6.0000 -2.0000 1.0000 2.5000 2 -1.0000 1.0000 1.5220 8.0000 -4.0000 -8.0000 0.0000 -12.0000 4.0000 0.2500 0.2500 0.2500 0.2500 0.2500 1.2500 1.9628 3.4591 
9.0000 54.0000 6.0000 2.0000 0.0000 2.5000 8 1.0000 0.0000 2.6380 -8.0000 0.0000 8.0000 -4.0000 12.0000 4.0000 0.3471 0.2534 0.1869 0.2168 0.2553 1.2594 1.8620 3.3686 
9.0000 18.0000 6.0000 -2.0000 1.0000 0.0000 8 1.0000 0.0000 1.4370 -12.0000 0.0000 4.0000 -4.0000 8.0000 -8.0000 0.2500 0.2500 0.2500 0.2500 0.2500 1.2500 1.9958 3.4926 
9.0000 2.0000 6.0000 -4.0000 1.0000 -5.0000 8 1.0000 1.0000 1.3660 6.0000 -6.0000 -10.0000 -2.0000 -14.0000 2.0000 0.2500 0.2500 0.2500 0.2500 0.2500 1.2500 1.9852 3.4758 
9.0000 70.0000 6.0000 4.0000 0.0000 7.5000 2 -1.0000 1.0000 1.1120 -6.0000 2.0000 14.0000 -2.0000 10.0000 6.0000 0.3250 0.1788 0.2211 0.1889 0.3271 1.2408 1.8699 3.3500 
9.0000 27.0000 6.0000 -2.0000 0.0000 5.0000 2 -1.0000 1.0000 1.4120 8.0000 0.0000 -8.0000 4.0000 -12.0000 -4.0000 0.2850 0.1886 0.2752 0.2249 0.2671 1.2408 1.8903 3.3833 
9.0000 55.0000 6.0000 2.0000 0.0000 5.0000 2 -1.0000 1.0000 1.3970 8.0000 0.0000 -4.0000 4.0000 -8.0000 12.0000 0.1600 0.3165 0.1531 0.3441 0.2734 1.2470 1.8536 3.3395 
9.0000 31.0000 6.0000 0.0000 1.0000 -2.5000 2 -1.0000 0.0000 2.5640 -6.0000 6.0000 10.0000 -10.0000 2.0000 -2.0000 0.2500 0.2500 0.2500 0.2500 0.2500 1.2500 1.9803 3.4926 
9.0000 11.0000 6.0000 -4.0000 0.0000 0.0000 2 -1.0000 0.0000 1.7760 -10.0000 -2.0000 6.0000 -6.0000 2.0000 -14.0000 0.1979 0.3309 0.3757 0.1874 0.1589 1.2508 1.9921 3.4935 
9.0000 42.0000 6.0000 0.0000 0.0000 7.5000 2 -1.0000 1.0000 1.2680 -6.0000 2.0000 6.0000 -2.0000 10.0000 -10.0000 0.2807 0.1956 0.2340 0.1937 0.3450 1.2490 1.9393 3.4414 
9.0000 16.0000 6.0000 -2.0000 1.0000 -5.0000 8 1.0000 1.0000 0.8530 -8.0000 0.0000 4.0000 -4.0000 8.0000 -12.0000 0.2500 0.2500 0.2500 0.2500 0.2500 1.2500 1.7933 3.2925 
9.0000 60.0000 6.0000 4.0000 1.0000 0.0000 2 -1.0000 0.0000 1.4950 14.0000 6.0000 -6.0000 10.0000 -2.0000 2.0000 0.2500 0.2500 0.2500 0.2500 0.2500 1.2500 1.9408 3.4426 
9.0000 66.0000 6.0000 4.0000 0.0000 -2.5000 8 1.0000 1.0000 2.2960 14.0000 6.0000 -2.0000 10.0000 -6.0000 2.0000 0.1920 0.1659 0.3323 0.1769 0.3905 1.2576 1.8714 3.3834 
9.0000 47.0000 6.0000 2.0000 1.0000 2.5000 2 -1.0000 1.0000 1.0760 12.0000 0.0000 -8.0000 4.0000 -4.0000 8.0000 0.2500 0.2500 0.2500 0.2500 0.2500 1.2500 1.8502 3.3425 
9.0000 21.0000 6.0000 -2.0000 1.0000 7.5000 2 -1.0000 1.0000 0.8740 -8.0000 0.0000 8.0000 -4.0000 4.0000 -12.0000 0.2500 0.2500 0.2500 0.2500 0.2500 1.2500 1.8722 3.3760 
9.0000 26.0000 6.0000 -2.0000 0.0000 2.5000 2 -1.0000 1.0000 1.5080 -8.0000 0.0000 4.0000 -4.0000 8.0000 -12.0000 0.1691 0.3582 0.1852 0.3208 0.2081 1.2414 1.8985 3.3839 
9.0000 61.0000 6.0000 4.0000 1.0000 2.5000 2 -1.0000 1.0000 1.1170 -6.0000 2.0000 14.0000 -2.0000 10.0000 6.0000 0.2500 0.2500 0.2500 0.2500 0.2500 1.2500 1.9694 3.4591 
9.0000 56.0000 6.0000 2.0000 0.0000 7.5000 2 -1.0000 1.0000 1.2990 -4.0000 4.0000 12.0000 0.0000 8.0000 -8.0000 0.1864 0.2312 0.2770 0.3188 0.2356 1.2489 1.9598 3.4583 
9.0000 67.0000 6.0000 4.0000 0.0000 0.0000 8 1.0000 0.0000 1.7020 10.0000 2.0000 -2.0000 6.0000 -6.0000 14.0000 0.2593 0.2156 0.1611 0.2882 0.3268 1.2511 1.8610 3.3769 
9.0000 12.0000 6.0000 -4.0000 0.0000 2.5000 2 -1.0000 1.0000 1.2690 -14.0000 -6.0000 6.0000 -10.0000 2.0000 -2.0000 0.2927 0.2236 0.1718 0.3823 0.1695 1.2400 1.9449 3.4325 
9.0000 28.0000 6.0000 -2.0000 0.0000 7.5000 2 -1.0000 1.0000 1.1400 -8.0000 4.0000 8.0000 -12.0000 0.0000 -4.0000 0.2502 0.1806 0.2171 0.2587 0.3490 1.2556 1.8366 3.3480 
9.0000 25.0000 6.0000 -2.0000 0.0000 0.0000 8 1.0000 0.0000 1.3130 4.0000 -4.0000 -12.0000 0.0000 -8.0000 8.0000 0.3602 0.2216 0.3182 0.1501 0.1963 1.2464 1.9590 3.4558 
9.0000 1.0000 6.0000 -4.0000 1.0000 -7.5000 8 1.0000 1.0000 1.0940 -2.0000 -10.0000 -14.0000 6.0000 -6.0000 2.0000 0.2500 0.2500 0.2500 0.2500 0.2500 1.2500 1.9768 3.4761 
9.0000 35.0000 6.0000 0.0000 1.0000 7.5000 2 -1.0000 1.0000 1.0480 6.0000 -6.0000 -10.0000 10.0000 -2.0000 2.0000 0.2500 0.2500 0.2500 0.2500 0.2500 1.2500 1.9172 3.4092 
9.0000 45.0000 6.0000 2.0000 1.0000 -2.5000 8 1.0000 1.0000 1.2290 -4.0000 4.0000 12.0000 0.0000 8.0000 -8.0000 0.2500 0.2500 0.2500 0.2500 0.2500 1.2500 1.8540 3.3592 
9.0000 46.0000 6.0000 2.0000 1.0000 0.0000 2 -1.0000 0.0000 2.1270 -4.0000 4.0000 8.0000 0.0000 12.0000 -8.0000 0.2500 0.2500 0.2500 0.2500 0.2500 1.2500 1.9717 3.4759 
9.0000 34.0000 6.0000 0.0000 1.0000 5.0000 2 -1.0000 1.0000 1.3360 -6.0000 6.0000 10.0000 -10.0000 2.0000 -2.0000 0.2500 0.2500 0.2500 0.2500 0.2500 1.2500 1.8949 3.3925 
9.0000 58.0000 6.0000 4.0000 1.0000 -5.0000 2 -1.0000 0.0000 1.9770 10.0000 2.0000 -2.0000 6.0000 -6.0000 14.0000 0.2500 0.2500 0.2500 0.2500 0.2500 1.2500 1.9292 3.4259 
9.0000 24.0000 6.0000 -2.0000 0.0000 -2.5000 8 1.0000 1.0000 1.2190 -12.0000 -4.0000 4.0000 -8.0000 8.0000 0.0000 0.3765 0.2060 0.1580 0.2904 0.2169 1.2478 1.7808 3.2737 
9.0000 64.0000 6.0000 4.0000 0.0000 -7.5000 8 1.0000 1.0000 0.7470 -6.0000 2.0000 14.0000 -2.0000 10.0000 6.0000 0.2804 0.2202 0.2777 0.1930 0.2794 1.2507 1.8135 3.3267 
9.0000 29.0000 6.0000 0.0000 1.0000 -7.5000 8 1.0000 1.0000 1.0640 -10.0000 2.0000 6.0000 -2.0000 10.0000 -6.0000 0.2500 0.2500 0.2500 0.2500 0.2500 1.2500 1.9967 3.5092 
9.0000 30.0000 6.0000 0.0000 1.0000 -5.0000 8 1.0000 1.0000 0.7680 6.0000 -6.0000 -10.0000 10.0000 -2.0000 2.0000 0.2500 0.2500 0.2500 0.2500 0.2500 1.2500 1.9424 3.4426 
9.0000 22.0000 6.0000 -2.0000 0.0000 -7.5000 8 1.0000 1.0000 1.6000 8.0000 0.0000 -8.0000 4.0000 -12.0000 -4.0000 0.2969 0.2044 0.1611 0.3541 0.2342 1.2507 1.8892 3.3932 
9.0000 40.0000 6.0000 0.0000 0.0000 2.5000 2 -1.0000 1.0000 3.1210 -6.0000 2.0000 6.0000 -2.0000 10.0000 -10.0000 0.2484 0.1694 0.2902 0.2498 0.2987 1.2565 1.7876 3.2989 
9.0000 6.0000 6.0000 -4.0000 1.0000 5.0000 8 1.0000 0.0000 1.4450 -10.0000 -2.0000 6.0000 -6.0000 2.0000 -14.0000 0.2500 0.2500 0.2500 0.2500 0.2500 1.2500 1.8437 3.3425 
9.0000 48.0000 6.0000 2.0000 1.0000 5.0000 2 -1.0000 1.0000 2.2650 12.0000 4.0000 -4.0000 8.0000 -8.0000 0.0000 0.2500 0.2500 0.2500 0.2500 0.2500 1.2500 1.8840 3.3758 
9.0000 14.0000 6.0000 -4.0000 0.0000 7.5000 8 1.0000 0.0000 1.4720 2.0000 -6.0000 -10.0000 -2.0000 -14.0000 6.0000 0.1892 0.3911 0.1673 0.2940 0.2132 1.2548 1.9830 3.4808 
9.0000 36.0000 6.0000 0.0000 0.0000 -7.5000 2 -1.0000 0.0000 1.5460 -2.0000 6.0000 10.0000 -10.0000 2.0000 -6.0000 0.1653 0.3120 0.2710 0.1737 0.3331 1.2551 1.7707 3.2643 
9.0000 51.0000 6.0000 2.0000 0.0000 -5.0000 8 1.0000 1.0000 2.3640 0.0000 8.0000 12.0000 -8.0000 4.0000 -4.0000 0.2676 0.1957 0.2234 0.1629 0.3949 1.2445 1.8750 3.3703 
9.0000 33.0000 6.0000 0.0000 1.0000 2.5000 2 -1.0000 1.0000 4.7680 10.0000 -2.0000 -10.0000 2.0000 -6.0000 6.0000 0.2500 0.2500 0.2500 0.2500 0.2500 1.2500 1.9486 3.4594 
9.0000 39.0000 6.0000 0.0000 0.0000 0.0000 8 1.0000 0.0000 1.6990 -10.0000 2.0000 6.0000 -2.0000 10.0000 -6.0000 0.2221 0.2870 0.2419 0.2813 0.2267 1.2590 1.7560 3.2682 
9.0000 5.0000 6.0000 -4.0000 1.0000 2.5000 8 1.0000 0.0000 1.1160 -2.0000 -10.0000 -14.0000 6.0000 -6.0000 2.0000 0.2500 0.2500 0.2500 0.2500 0.2500 1.2500 1.8897 3.3927 
9.0000 53.0000 6.0000 2.0000 0.0000 0.0000 2 -1.0000 0.0000 2.5920 -8.0000 0.0000 8.0000 -4.0000 12.0000 4.0000 0.1652 0.2206 0.2889 0.3710 0.2079 1.2536 1.8385 3.3461 
9.0000 69.0000 6.0000 4.0000 0.0000 5.0000 2 -1.0000 1.0000 3.1000 -6.0000 2.0000 10.0000 -2.0000 14.0000 6.0000 0.2194 0.2576 0.3518 0.1752 0.2437 1.2478 1.9198 3.4237 
9.0000 52.0000 6.0000 2.0000 0.0000 -2.5000 8 1.0000 1.0000 1.6090 8.0000 0.0000 -8.0000 4.0000 -4.0000 12.0000 0.2490 0.3963 0.2064 0.2481 0.1549 1.2547 1.8167 3.3138 
9.0000 32.0000 6.0000 0.0000 1.0000 0.0000 2 -1.0000 0.0000 1.9040 10.0000 -2.0000 -10.0000 2.0000 -6.0000 6.0000 0.2500 0.2500 0.2500 0.2500 0.2500 1.2500 1.8796 3.3758 
9.0000 68.0000 6.0000 4.0000 0.0000 2.5000 8 1.0000 0.0000 1.1640 14.0000 2.0000 -6.0000 6.0000 -2.0000 10.0000 0.1623 0.2937 0.1873 0.2412 0.3699 1.2544 1.8519 3.3468 
9.0000 62.0000 6.0000 4.0000 1.0000 5.0000 2 -1.0000 1.0000 1.0360 -6.0000 2.0000 10.0000 -2.0000 14.0000 6.0000 0.2500 0.2500 0.2500 0.2500 0.2500 1.2500 1.9476 3.4424 
9.0000 50.0000 6.0000 2.0000 0.0000 -7.5000 8 1.0000 1.0000 1.1060 12.0000 4.0000 -8.0000 8.0000 -4.0000 0.0000 0.3851 0.2186 0.1916 0.2898 0.1591 1.2442 1.8585 3.3535 
9.0000 7.0000 6.0000 -4.0000 1.0000 7.5000 2 -1.0000 1.0000 1.5320 2.0000 -6.0000 -10.0000 -2.0000 -14.0000 6.0000 0.2500 0.2500 0.2500 0.2500 0.2500 1.2500 1.9051 3.4093 
9.0000 43.0000 6.0000 2.0000 1.0000 -7.5000 8 1.0000 1.0000 1.0650 -8.0000 0.0000 12.0000 -4.0000 8.0000 4.0000 0.2500 0.2500 0.2500 0.2500 0.2500 1.2500 1.9397 3.4427 
9.0000 49.0000 6.0000 2.0000 1.0000 7.5000 2 -1.0000 1.0000 1.2050 0.0000 8.0000 12.0000 -8.0000 4.0000 -4.0000 0.2500 0.2500 0.2500 0.2500 0.2500 1.2500 1.9065 3.4094 
9.0000 8.0000 6.0000 -4.0000 0.0000 -7.5000 8 1.0000 1.0000 1.1440 -14.0000 -2.0000 2.0000 -6.0000 6.0000 -10.0000 0.3564 0.1949 0.3332 0.1510 0.2225 1.2581 1.9400 3.4506 
9.0000 59.0000 6.0000 4.0000 1.0000 -2.5000 2 -1.0000 0.0000 1.6200 10.0000 2.0000 -2.0000 6.0000 -6.0000 14.0000 0.2500 0.2500 0.2500 0.2500 0.2500 1.2500 1.7750 3.2758 
9.0000 57.0000 6.0000 4.0000 1.0000 -7.5000 8 1.0000 1.0000 1.3810 14.0000 6.0000 -2.0000 10.0000 -6.0000 2.0000 0.2500 0.2500 0.2500 0.2500 0.2500 1.2500 1.8355 3.3426 
9.0000 10.0000 6.0000 -4.0000 0.0000 -2.5000 8 1.0000 1.0000 1.8180 -14.0000 -2.0000 6.0000 -6.0000 2.0000 -10.0000 0.1715 0.2712 0.3854 0.1730 0.2580 1.2592 1.8721 3.3852 
9.0000 38.0000 6.0000 0.0000 0.0000 -2.5000 2 -1.0000 0.0000 2.2930 -6.0000 2.0000 10.0000 -2.0000 6.0000 -10.0000 0.2230 0.2844 0.1692 0.2978 0.2681 1.2424 1.9876 3.4852 
9.0000 23.0000 6.0000 -2.0000 0.0000 -5.0000 8 1.0000 1.0000 1.2890 -4.0000 4.0000 8.0000 -12.0000 0.0000 -8.0000 0.3522 0.2377 0.1827 0.3128 0.1602 1.2456 1.8403 3.3382 
9.0000 3.0000 6.0000 -4.0000 1.0000 -2.5000 8 1.0000 1.0000 1.2080 -14.0000 -2.0000 6.0000 -6.0000 2.0000 -10.0000 0.2500 0.2500 0.2500 0.2500 0.2500 1.2500 1.7903 3.2925 
