subNo index block mean periodicity testLevel pressedKey answer isCorrect rt s1 s2 s3 s4 s5 s6 t1 t2 t3 t4 t5 seqDuration startInterval trialDuration 
8.0000 17.0000 1.0000 -2.0000 1.0000 -2.5000 2 1.0000 1.0000 0.6620 8.0000 0.0000 -8.0000 4.0000 -12.0000 -4.0000 0.2500 0.2500 0.2500 0.2500 0.2500 1.2500 1.8533 3.3592 
8.0000 38.0000 1.0000 0.0000 0.0000 -2.5000 8 -1.0000 0.0000 1.2270 10.0000 -2.0000 -10.0000 2.0000 -6.0000 6.0000 0.2728 0.2394 0.2766 0.1737 0.2895 1.2519 1.8952 3.3944 
8.0000 2.0000 1.0000 -4.0000 1.0000 -5.0000 2 1.0000 1.0000 1.5490 -6.0000 2.0000 6.0000 -14.0000 -2.0000 -10.0000 0.2500 0.2500 0.2500 0.2500 0.2500 1.2500 1.9385 3.4425 
8.0000 37.0000 1.0000 0.0000 0.0000 -5.0000 2 1.0000 1.0000 0.7940 -6.0000 6.0000 10.0000 -10.0000 2.0000 -2.0000 0.1771 0.2508 0.3935 0.2496 0.1771 1.2481 1.9852 3.4739 
8.0000 68.0000 1.0000 4.0000 0.0000 2.5000 2 1.0000 0.0000 1.2410 -2.0000 6.0000 14.0000 2.0000 10.0000 -6.0000 0.1762 0.3867 0.3119 0.1596 0.2235 1.2579 1.9202 3.4171 
8.0000 1.0000 1.0000 -4.0000 1.0000 -7.5000 2 1.0000 1.0000 1.3790 6.0000 -2.0000 -10.0000 2.0000 -14.0000 -6.0000 0.2500 0.2500 0.2500 0.2500 0.2500 1.2500 1.9507 3.4427 
8.0000 29.0000 1.0000 0.0000 1.0000 -7.5000 2 1.0000 1.0000 1.0180 6.0000 -6.0000 -10.0000 10.0000 -2.0000 2.0000 0.2500 0.2500 0.2500 0.2500 0.2500 1.2500 1.8976 3.4092 
8.0000 59.0000 1.0000 4.0000 1.0000 -2.5000 2 1.0000 1.0000 1.1060 -6.0000 6.0000 14.0000 2.0000 10.0000 -2.0000 0.2500 0.2500 0.2500 0.2500 0.2500 1.2500 1.7880 3.2925 
8.0000 24.0000 1.0000 -2.0000 0.0000 -2.5000 8 -1.0000 0.0000 1.5020 -12.0000 0.0000 4.0000 -4.0000 8.0000 -8.0000 0.1903 0.3447 0.1580 0.3649 0.1891 1.2471 1.8391 3.3396 
8.0000 35.0000 1.0000 0.0000 1.0000 7.5000 8 -1.0000 1.0000 1.4270 -10.0000 -2.0000 6.0000 -6.0000 10.0000 2.0000 0.2500 0.2500 0.2500 0.2500 0.2500 1.2500 1.8250 3.3260 
8.0000 16.0000 1.0000 -2.0000 1.0000 -5.0000 2 1.0000 1.0000 0.8280 8.0000 0.0000 -8.0000 4.0000 -12.0000 -4.0000 0.2500 0.2500 0.2500 0.2500 0.2500 1.2500 1.7701 3.2759 
8.0000 9.0000 1.0000 -4.0000 0.0000 -5.0000 2 1.0000 1.0000 0.7100 -10.0000 -2.0000 2.0000 -6.0000 6.0000 -14.0000 0.3357 0.2007 0.2960 0.1799 0.2392 1.2515 1.7860 3.2941 
8.0000 70.0000 1.0000 4.0000 0.0000 7.5000 8 -1.0000 1.0000 1.6200 14.0000 2.0000 -2.0000 6.0000 -6.0000 10.0000 0.2814 0.1719 0.3590 0.1880 0.2405 1.2408 1.8176 3.3000 
8.0000 65.0000 1.0000 4.0000 0.0000 -5.0000 2 1.0000 1.0000 2.2880 14.0000 6.0000 -6.0000 10.0000 -2.0000 2.0000 0.2098 0.3603 0.1943 0.2535 0.2260 1.2440 1.9076 3.4033 
8.0000 66.0000 1.0000 4.0000 0.0000 -2.5000 2 1.0000 1.0000 0.7470 14.0000 2.0000 -6.0000 6.0000 -2.0000 10.0000 0.3961 0.2005 0.1750 0.3240 0.1602 1.2558 1.8956 3.3983 
8.0000 25.0000 1.0000 -2.0000 0.0000 0.0000 2 1.0000 0.0000 1.0060 -12.0000 0.0000 4.0000 -4.0000 8.0000 -8.0000 0.2370 0.3386 0.2237 0.2853 0.1645 1.2491 1.8714 3.3583 
8.0000 45.0000 1.0000 2.0000 1.0000 -2.5000 2 1.0000 1.0000 0.9250 12.0000 0.0000 -4.0000 4.0000 -8.0000 8.0000 0.2500 0.2500 0.2500 0.2500 0.2500 1.2500 1.9068 3.3927 
8.0000 23.0000 1.0000 -2.0000 0.0000 -5.0000 2 1.0000 1.0000 0.7360 -4.0000 4.0000 8.0000 -12.0000 0.0000 -8.0000 0.2684 0.1524 0.2614 0.1837 0.3941 1.2599 1.8559 3.3691 
8.0000 30.0000 1.0000 0.0000 1.0000 -5.0000 2 1.0000 1.0000 0.7670 6.0000 -6.0000 -10.0000 10.0000 -2.0000 2.0000 0.2500 0.2500 0.2500 0.2500 0.2500 1.2500 1.8958 3.4094 
8.0000 61.0000 1.0000 4.0000 1.0000 2.5000 8 -1.0000 1.0000 1.6930 -6.0000 6.0000 14.0000 2.0000 10.0000 -2.0000 0.2500 0.2500 0.2500 0.2500 0.2500 1.2500 1.8859 3.3925 
8.0000 50.0000 1.0000 2.0000 0.0000 -7.5000 2 1.0000 1.0000 0.9060 -8.0000 0.0000 8.0000 -4.0000 12.0000 4.0000 0.2933 0.1508 0.2239 0.3769 0.1968 1.2417 1.8470 3.3510 
8.0000 62.0000 1.0000 4.0000 1.0000 5.0000 8 -1.0000 1.0000 0.8080 2.0000 10.0000 14.0000 -6.0000 6.0000 -2.0000 0.2500 0.2500 0.2500 0.2500 0.2500 1.2500 1.9786 3.4758 
8.0000 11.0000 1.0000 -4.0000 0.0000 0.0000 2 1.0000 0.0000 0.6570 -10.0000 -2.0000 6.0000 -6.0000 2.0000 -14.0000 0.2469 0.1578 0.2628 0.3629 0.2283 1.2586 1.9770 3.4846 
8.0000 56.0000 1.0000 2.0000 0.0000 7.5000 8 -1.0000 1.0000 2.0000 8.0000 -4.0000 -8.0000 12.0000 0.0000 4.0000 0.3073 0.2087 0.1542 0.2349 0.3517 1.2569 1.8823 3.3827 
8.0000 40.0000 1.0000 0.0000 0.0000 2.5000 2 1.0000 0.0000 0.9700 -2.0000 6.0000 10.0000 -10.0000 2.0000 -6.0000 0.3141 0.3430 0.2589 0.1814 0.1550 1.2523 1.7997 3.2948 
8.0000 13.0000 1.0000 -4.0000 0.0000 5.0000 8 -1.0000 1.0000 1.7370 -6.0000 2.0000 6.0000 -14.0000 -2.0000 -10.0000 0.2342 0.1672 0.3203 0.1767 0.3601 1.2585 1.8930 3.4012 
8.0000 64.0000 1.0000 4.0000 0.0000 -7.5000 2 1.0000 1.0000 1.0690 10.0000 -2.0000 -6.0000 14.0000 2.0000 6.0000 0.3341 0.2968 0.2328 0.1604 0.2212 1.2454 1.8255 3.3212 
8.0000 31.0000 1.0000 0.0000 1.0000 -2.5000 2 1.0000 1.0000 1.1260 6.0000 -2.0000 -10.0000 2.0000 -6.0000 10.0000 0.2500 0.2500 0.2500 0.2500 0.2500 1.2500 1.7700 3.2592 
8.0000 44.0000 1.0000 2.0000 1.0000 -5.0000 2 1.0000 1.0000 0.7490 -4.0000 4.0000 12.0000 0.0000 8.0000 -8.0000 0.2500 0.2500 0.2500 0.2500 0.2500 1.2500 1.9884 3.4759 
8.0000 57.0000 1.0000 4.0000 1.0000 -7.5000 2 1.0000 1.0000 0.9920 -2.0000 6.0000 14.0000 2.0000 10.0000 -6.0000 0.2500 0.2500 0.2500 0.2500 0.2500 1.2500 1.8135 3.3260 
8.0000 15.0000 1.0000 -2.0000 1.0000 -7.5000 2 1.0000 1.0000 0.8830 -8.0000 0.0000 4.0000 -4.0000 8.0000 -12.0000 0.2500 0.2500 0.2500 0.2500 0.2500 1.2500 1.7687 3.2758 
8.0000 55.0000 1.0000 2.0000 0.0000 5.0000 8 -1.0000 1.0000 0.9830 -8.0000 4.0000 8.0000 0.0000 12.0000 -4.0000 0.2159 0.3647 0.1547 0.3295 0.1940 1.2588 1.8421 3.3513 
8.0000 67.0000 1.0000 4.0000 0.0000 0.0000 8 -1.0000 0.0000 0.7880 14.0000 6.0000 -2.0000 10.0000 -6.0000 2.0000 0.2437 0.1886 0.2470 0.2062 0.3591 1.2447 1.9610 3.4538 
8.0000 52.0000 1.0000 2.0000 0.0000 -2.5000 8 -1.0000 0.0000 1.4030 12.0000 0.0000 -8.0000 4.0000 -4.0000 8.0000 0.3873 0.1529 0.2054 0.3279 0.1805 1.2540 1.8839 3.3967 
8.0000 63.0000 1.0000 4.0000 1.0000 7.5000 8 -1.0000 1.0000 0.8370 6.0000 -2.0000 -6.0000 14.0000 2.0000 10.0000 0.2500 0.2500 0.2500 0.2500 0.2500 1.2500 1.8189 3.3260 
8.0000 28.0000 1.0000 -2.0000 0.0000 7.5000 8 -1.0000 1.0000 1.6860 0.0000 -8.0000 -12.0000 8.0000 -4.0000 4.0000 0.2915 0.2113 0.2521 0.1601 0.3347 1.2498 1.9190 3.4257 
8.0000 19.0000 1.0000 -2.0000 1.0000 2.5000 2 1.0000 0.0000 1.1390 -4.0000 4.0000 8.0000 -12.0000 0.0000 -8.0000 0.2500 0.2500 0.2500 0.2500 0.2500 1.2500 1.8594 3.3593 
8.0000 48.0000 1.0000 2.0000 1.0000 5.0000 2 1.0000 0.0000 1.0810 0.0000 8.0000 12.0000 -8.0000 4.0000 -4.0000 0.2500 0.2500 0.2500 0.2500 0.2500 1.2500 1.9667 3.4593 
8.0000 42.0000 1.0000 0.0000 0.0000 7.5000 2 1.0000 0.0000 1.8750 -6.0000 6.0000 10.0000 -10.0000 2.0000 -2.0000 0.2078 0.2331 0.1659 0.3507 0.2847 1.2422 1.8049 3.2848 
8.0000 4.0000 1.0000 -4.0000 1.0000 0.0000 8 -1.0000 0.0000 1.0950 -2.0000 -10.0000 -14.0000 6.0000 -6.0000 2.0000 0.2500 0.2500 0.2500 0.2500 0.2500 1.2500 1.8195 3.3092 
8.0000 7.0000 1.0000 -4.0000 1.0000 7.5000 8 -1.0000 1.0000 1.9210 -6.0000 2.0000 6.0000 -14.0000 -2.0000 -10.0000 0.2500 0.2500 0.2500 0.2500 0.2500 1.2500 1.9701 3.4594 
8.0000 26.0000 1.0000 -2.0000 0.0000 2.5000 8 -1.0000 1.0000 2.3850 0.0000 -8.0000 -12.0000 8.0000 -4.0000 4.0000 0.2075 0.1569 0.2111 0.3058 0.3638 1.2452 1.8882 3.3877 
8.0000 32.0000 1.0000 0.0000 1.0000 0.0000 8 -1.0000 0.0000 1.2520 -6.0000 2.0000 10.0000 -2.0000 6.0000 -10.0000 0.2500 0.2500 0.2500 0.2500 0.2500 1.2500 1.9668 3.4759 
8.0000 43.0000 1.0000 2.0000 1.0000 -7.5000 2 1.0000 1.0000 1.3600 12.0000 4.0000 -4.0000 8.0000 -8.0000 0.0000 0.2500 0.2500 0.2500 0.2500 0.2500 1.2500 1.9407 3.4426 
8.0000 54.0000 1.0000 2.0000 0.0000 2.5000 2 1.0000 0.0000 1.1200 12.0000 4.0000 -8.0000 8.0000 -4.0000 0.0000 0.1847 0.3186 0.2455 0.2039 0.3064 1.2592 1.8329 3.3519 
8.0000 47.0000 1.0000 2.0000 1.0000 2.5000 2 1.0000 0.0000 1.5600 -8.0000 0.0000 8.0000 -4.0000 12.0000 4.0000 0.2500 0.2500 0.2500 0.2500 0.2500 1.2500 1.9560 3.4592 
8.0000 33.0000 1.0000 0.0000 1.0000 2.5000 8 -1.0000 1.0000 3.0340 6.0000 -2.0000 -10.0000 2.0000 -6.0000 10.0000 0.2500 0.2500 0.2500 0.2500 0.2500 1.2500 1.9749 3.4759 
8.0000 58.0000 1.0000 4.0000 1.0000 -5.0000 2 1.0000 1.0000 0.8240 -6.0000 2.0000 14.0000 -2.0000 10.0000 6.0000 0.2500 0.2500 0.2500 0.2500 0.2500 1.2500 1.8197 3.3258 
8.0000 41.0000 1.0000 0.0000 0.0000 5.0000 8 -1.0000 1.0000 1.4100 6.0000 -6.0000 -10.0000 10.0000 -2.0000 2.0000 0.3355 0.1689 0.2793 0.2202 0.2544 1.2581 1.9749 3.4842 
8.0000 20.0000 1.0000 -2.0000 1.0000 5.0000 8 -1.0000 1.0000 1.9110 4.0000 -4.0000 -12.0000 0.0000 -8.0000 8.0000 0.2500 0.2500 0.2500 0.2500 0.2500 1.2500 1.7574 3.2592 
8.0000 39.0000 1.0000 0.0000 0.0000 0.0000 8 -1.0000 0.0000 1.0260 6.0000 -2.0000 -6.0000 2.0000 -10.0000 10.0000 0.3973 0.2569 0.1632 0.2534 0.1815 1.2523 1.8635 3.3615 
8.0000 21.0000 1.0000 -2.0000 1.0000 7.5000 2 1.0000 0.0000 2.1100 8.0000 0.0000 -12.0000 4.0000 -8.0000 -4.0000 0.2500 0.2500 0.2500 0.2500 0.2500 1.2500 1.8890 3.3927 
8.0000 22.0000 1.0000 -2.0000 0.0000 -7.5000 2 1.0000 1.0000 0.7880 -12.0000 0.0000 8.0000 -4.0000 4.0000 -8.0000 0.3446 0.1575 0.1873 0.1606 0.3982 1.2481 1.7912 3.2906 
8.0000 14.0000 1.0000 -4.0000 0.0000 7.5000 8 -1.0000 1.0000 0.9080 6.0000 -2.0000 -10.0000 2.0000 -14.0000 -6.0000 0.3612 0.2257 0.2004 0.1714 0.2964 1.2551 1.8336 3.3476 
8.0000 60.0000 1.0000 4.0000 1.0000 0.0000 2 1.0000 0.0000 1.6020 -2.0000 6.0000 10.0000 2.0000 14.0000 -6.0000 0.2500 0.2500 0.2500 0.2500 0.2500 1.2500 1.7644 3.2758 
8.0000 69.0000 1.0000 4.0000 0.0000 5.0000 8 -1.0000 1.0000 0.8940 -2.0000 6.0000 14.0000 2.0000 10.0000 -6.0000 0.3294 0.1760 0.2127 0.3391 0.1838 1.2410 1.7777 3.2669 
8.0000 36.0000 1.0000 0.0000 0.0000 -7.5000 2 1.0000 1.0000 1.2590 -10.0000 2.0000 10.0000 -2.0000 6.0000 -6.0000 0.2257 0.3118 0.1734 0.3607 0.1848 1.2563 1.9864 3.4989 
8.0000 6.0000 1.0000 -4.0000 1.0000 5.0000 8 -1.0000 1.0000 1.1230 -10.0000 -2.0000 6.0000 -6.0000 2.0000 -14.0000 0.2500 0.2500 0.2500 0.2500 0.2500 1.2500 1.7729 3.2758 
8.0000 8.0000 1.0000 -4.0000 0.0000 -7.5000 2 1.0000 1.0000 2.3380 -10.0000 2.0000 6.0000 -14.0000 -2.0000 -6.0000 0.2277 0.2637 0.2023 0.3903 0.1706 1.2547 1.7717 3.2805 
8.0000 51.0000 1.0000 2.0000 0.0000 -5.0000 2 1.0000 1.0000 1.4960 12.0000 0.0000 -8.0000 4.0000 -4.0000 8.0000 0.2574 0.3664 0.1711 0.2823 0.1687 1.2459 1.9538 3.4386 
8.0000 34.0000 1.0000 0.0000 1.0000 5.0000 8 -1.0000 1.0000 2.5220 -10.0000 2.0000 10.0000 -2.0000 6.0000 -6.0000 0.2500 0.2500 0.2500 0.2500 0.2500 1.2500 1.7881 3.2759 
8.0000 46.0000 1.0000 2.0000 1.0000 0.0000 2 1.0000 0.0000 1.0390 -8.0000 0.0000 12.0000 -4.0000 8.0000 4.0000 0.2500 0.2500 0.2500 0.2500 0.2500 1.2500 1.7648 3.2592 
8.0000 12.0000 1.0000 -4.0000 0.0000 2.5000 8 -1.0000 1.0000 2.5090 2.0000 -6.0000 -14.0000 -2.0000 -10.0000 6.0000 0.1991 0.2836 0.1514 0.2193 0.3961 1.2495 1.8472 3.3420 
8.0000 53.0000 1.0000 2.0000 0.0000 0.0000 2 1.0000 0.0000 1.1470 -8.0000 0.0000 12.0000 -4.0000 8.0000 4.0000 0.2232 0.1737 0.2981 0.1655 0.3944 1.2550 1.9271 3.4310 
8.0000 10.0000 1.0000 -4.0000 0.0000 -2.5000 2 1.0000 1.0000 1.5590 6.0000 -6.0000 -14.0000 -2.0000 -10.0000 2.0000 0.3217 0.2067 0.3654 0.1997 0.1573 1.2508 1.7788 3.2933 
8.0000 3.0000 1.0000 -4.0000 1.0000 -2.5000 2 1.0000 1.0000 1.1240 -10.0000 2.0000 6.0000 -14.0000 -2.0000 -6.0000 0.2500 0.2500 0.2500 0.2500 0.2500 1.2500 1.7541 3.2592 
8.0000 27.0000 1.0000 -2.0000 0.0000 5.0000 2 1.0000 0.0000 1.3770 8.0000 -4.0000 -12.0000 0.0000 -8.0000 4.0000 0.2185 0.1785 0.3005 0.3881 0.1618 1.2473 1.8471 3.3398 
8.0000 5.0000 1.0000 -4.0000 1.0000 2.5000 8 -1.0000 1.0000 1.1900 -6.0000 2.0000 6.0000 -14.0000 -2.0000 -10.0000 0.2500 0.2500 0.2500 0.2500 0.2500 1.2500 1.9462 3.4426 
8.0000 49.0000 1.0000 2.0000 1.0000 7.5000 2 1.0000 0.0000 1.6670 12.0000 0.0000 -4.0000 4.0000 -8.0000 8.0000 0.2500 0.2500 0.2500 0.2500 0.2500 1.2500 1.8855 3.3925 
8.0000 18.0000 1.0000 -2.0000 1.0000 0.0000 2 1.0000 0.0000 2.1410 -8.0000 0.0000 4.0000 -4.0000 8.0000 -12.0000 0.2500 0.2500 0.2500 0.2500 0.2500 1.2500 1.7860 3.2760 
8.0000 2.0000 2.0000 -4.0000 1.0000 -5.0000 2 1.0000 1.0000 0.9000 6.0000 -2.0000 -10.0000 2.0000 -14.0000 -6.0000 0.2500 0.2500 0.2500 0.2500 0.2500 1.2500 1.8894 3.3925 
8.0000 28.0000 2.0000 -2.0000 0.0000 7.5000 8 -1.0000 1.0000 1.0750 8.0000 -4.0000 -12.0000 0.0000 -8.0000 4.0000 0.3869 0.1994 0.1547 0.2800 0.2254 1.2464 1.9720 3.4555 
8.0000 68.0000 2.0000 4.0000 0.0000 2.5000 2 1.0000 0.0000 2.6240 14.0000 6.0000 -2.0000 10.0000 -6.0000 2.0000 0.2412 0.2840 0.1687 0.2394 0.3073 1.2407 1.8754 3.3666 
8.0000 61.0000 2.0000 4.0000 1.0000 2.5000 2 1.0000 0.0000 1.3570 14.0000 2.0000 -6.0000 6.0000 -2.0000 10.0000 0.2500 0.2500 0.2500 0.2500 0.2500 1.2500 1.9027 3.4092 
8.0000 31.0000 2.0000 0.0000 1.0000 -2.5000 2 1.0000 1.0000 0.7960 6.0000 -2.0000 -6.0000 2.0000 -10.0000 10.0000 0.2500 0.2500 0.2500 0.2500 0.2500 1.2500 1.8637 3.3759 
8.0000 69.0000 2.0000 4.0000 0.0000 5.0000 8 -1.0000 1.0000 0.7920 -2.0000 6.0000 10.0000 2.0000 14.0000 -6.0000 0.2989 0.2173 0.1615 0.3674 0.2105 1.2555 1.9159 3.4314 
8.0000 9.0000 2.0000 -4.0000 0.0000 -5.0000 2 1.0000 1.0000 0.7790 -14.0000 -2.0000 6.0000 -6.0000 2.0000 -10.0000 0.2079 0.1703 0.2624 0.3702 0.2408 1.2516 1.9959 3.4942 
8.0000 54.0000 2.0000 2.0000 0.0000 2.5000 8 -1.0000 1.0000 1.0490 -8.0000 0.0000 8.0000 -4.0000 12.0000 4.0000 0.1882 0.1523 0.3527 0.3836 0.1714 1.2481 1.9121 3.4073 
8.0000 10.0000 2.0000 -4.0000 0.0000 -2.5000 2 1.0000 1.0000 1.0220 -14.0000 -6.0000 2.0000 -10.0000 6.0000 -2.0000 0.1734 0.3331 0.2094 0.3262 0.2084 1.2505 1.9007 3.4097 
8.0000 1.0000 2.0000 -4.0000 1.0000 -7.5000 2 1.0000 1.0000 0.9390 6.0000 -2.0000 -14.0000 2.0000 -10.0000 -6.0000 0.2500 0.2500 0.2500 0.2500 0.2500 1.2500 1.8715 3.3757 
8.0000 34.0000 2.0000 0.0000 1.0000 5.0000 8 -1.0000 1.0000 1.5340 -10.0000 -2.0000 6.0000 -6.0000 10.0000 2.0000 0.2500 0.2500 0.2500 0.2500 0.2500 1.2500 1.8384 3.3424 
8.0000 48.0000 2.0000 2.0000 1.0000 5.0000 2 1.0000 0.0000 1.9340 -8.0000 4.0000 12.0000 0.0000 8.0000 -4.0000 0.2500 0.2500 0.2500 0.2500 0.2500 1.2500 1.9387 3.4426 
8.0000 40.0000 2.0000 0.0000 0.0000 2.5000 8 -1.0000 1.0000 2.1970 -10.0000 2.0000 10.0000 -2.0000 6.0000 -6.0000 0.1816 0.2797 0.3571 0.2558 0.1801 1.2544 1.9362 3.4303 
8.0000 38.0000 2.0000 0.0000 0.0000 -2.5000 2 1.0000 1.0000 1.4920 10.0000 2.0000 -6.0000 6.0000 -10.0000 -2.0000 0.1555 0.1934 0.1667 0.3426 0.3919 1.2501 1.8472 3.3427 
8.0000 7.0000 2.0000 -4.0000 1.0000 7.5000 8 -1.0000 1.0000 3.0370 -14.0000 -2.0000 6.0000 -6.0000 2.0000 -10.0000 0.2500 0.2500 0.2500 0.2500 0.2500 1.2500 1.9469 3.4426 
8.0000 32.0000 2.0000 0.0000 1.0000 0.0000 2 1.0000 0.0000 1.6460 10.0000 -2.0000 -10.0000 2.0000 -6.0000 6.0000 0.2500 0.2500 0.2500 0.2500 0.2500 1.2500 1.9937 3.4926 
8.0000 43.0000 2.0000 2.0000 1.0000 -7.5000 2 1.0000 1.0000 0.7570 -8.0000 4.0000 12.0000 0.0000 8.0000 -4.0000 0.2500 0.2500 0.2500 0.2500 0.2500 1.2500 1.7599 3.2592 
8.0000 46.0000 2.0000 2.0000 1.0000 0.0000 2 1.0000 0.0000 1.7360 -4.0000 8.0000 12.0000 -8.0000 4.0000 0.0000 0.2500 0.2500 0.2500 0.2500 0.2500 1.2500 1.8101 3.3091 
8.0000 5.0000 2.0000 -4.0000 1.0000 2.5000 2 1.0000 0.0000 0.8180 -14.0000 -2.0000 2.0000 -6.0000 6.0000 -10.0000 0.2500 0.2500 0.2500 0.2500 0.2500 1.2500 1.8652 3.3758 
8.0000 49.0000 2.0000 2.0000 1.0000 7.5000 8 -1.0000 1.0000 2.2810 -8.0000 0.0000 8.0000 -4.0000 12.0000 4.0000 0.2500 0.2500 0.2500 0.2500 0.2500 1.2500 1.8638 3.3591 
8.0000 16.0000 2.0000 -2.0000 1.0000 -5.0000 2 1.0000 1.0000 0.7310 8.0000 0.0000 -12.0000 4.0000 -8.0000 -4.0000 0.2500 0.2500 0.2500 0.2500 0.2500 1.2500 1.9505 3.4427 
8.0000 55.0000 2.0000 2.0000 0.0000 5.0000 8 -1.0000 1.0000 1.0730 12.0000 4.0000 -8.0000 8.0000 -4.0000 0.0000 0.1983 0.1553 0.2057 0.3790 0.3152 1.2535 1.9287 3.4293 
8.0000 26.0000 2.0000 -2.0000 0.0000 2.5000 2 1.0000 0.0000 1.3560 8.0000 -4.0000 -12.0000 0.0000 -8.0000 4.0000 0.2412 0.3862 0.1801 0.2394 0.1954 1.2423 1.9306 3.4182 
8.0000 51.0000 2.0000 2.0000 0.0000 -5.0000 2 1.0000 1.0000 0.5340 -4.0000 4.0000 8.0000 0.0000 12.0000 -8.0000 0.3249 0.1656 0.2063 0.1777 0.3682 1.2427 1.9163 3.4020 
8.0000 53.0000 2.0000 2.0000 0.0000 0.0000 2 1.0000 0.0000 1.7350 12.0000 0.0000 -4.0000 4.0000 -8.0000 8.0000 0.2413 0.1873 0.3471 0.2931 0.1736 1.2424 1.9050 3.3850 
8.0000 6.0000 2.0000 -4.0000 1.0000 5.0000 8 -1.0000 1.0000 0.8260 -2.0000 -10.0000 -14.0000 6.0000 -6.0000 2.0000 0.2500 0.2500 0.2500 0.2500 0.2500 1.2500 1.8520 3.3425 
8.0000 25.0000 2.0000 -2.0000 0.0000 0.0000 2 1.0000 0.0000 0.8940 -12.0000 0.0000 8.0000 -4.0000 4.0000 -8.0000 0.1524 0.2429 0.1572 0.2945 0.3934 1.2404 1.8977 3.3997 
8.0000 41.0000 2.0000 0.0000 0.0000 5.0000 8 -1.0000 1.0000 1.8890 6.0000 -2.0000 -6.0000 2.0000 -10.0000 10.0000 0.3542 0.2684 0.1914 0.2311 0.2020 1.2470 1.8781 3.3897 
8.0000 8.0000 2.0000 -4.0000 0.0000 -7.5000 2 1.0000 1.0000 1.7040 -10.0000 -2.0000 6.0000 -6.0000 2.0000 -14.0000 0.1534 0.2471 0.3944 0.1863 0.2699 1.2512 1.7579 3.2604 
8.0000 14.0000 2.0000 -4.0000 0.0000 7.5000 8 -1.0000 1.0000 0.7980 -10.0000 -2.0000 2.0000 -6.0000 6.0000 -14.0000 0.2719 0.1902 0.3696 0.2502 0.1611 1.2431 1.9504 3.4525 
8.0000 44.0000 2.0000 2.0000 1.0000 -5.0000 2 1.0000 1.0000 0.4200 12.0000 4.0000 -8.0000 8.0000 -4.0000 0.0000 0.2500 0.2500 0.2500 0.2500 0.2500 1.2500 1.7589 3.2591 
8.0000 59.0000 2.0000 4.0000 1.0000 -2.5000 2 1.0000 1.0000 1.1090 14.0000 6.0000 -6.0000 10.0000 -2.0000 2.0000 0.2500 0.2500 0.2500 0.2500 0.2500 1.2500 1.7650 3.2591 
8.0000 33.0000 2.0000 0.0000 1.0000 2.5000 2 1.0000 0.0000 0.8720 6.0000 -6.0000 -10.0000 10.0000 -2.0000 2.0000 0.2500 0.2500 0.2500 0.2500 0.2500 1.2500 1.8963 3.3927 
8.0000 47.0000 2.0000 2.0000 1.0000 2.5000 8 -1.0000 1.0000 2.2800 -8.0000 0.0000 12.0000 -4.0000 8.0000 4.0000 0.2500 0.2500 0.2500 0.2500 0.2500 1.2500 1.8116 3.3092 
8.0000 20.0000 2.0000 -2.0000 1.0000 5.0000 2 1.0000 0.0000 1.5720 -8.0000 0.0000 4.0000 -4.0000 8.0000 -12.0000 0.2500 0.2500 0.2500 0.2500 0.2500 1.2500 1.8636 3.3591 
8.0000 35.0000 2.0000 0.0000 1.0000 7.5000 2 1.0000 0.0000 1.8530 10.0000 -2.0000 -6.0000 2.0000 -10.0000 6.0000 0.2500 0.2500 0.2500 0.2500 0.2500 1.2500 1.8511 3.3426 
8.0000 45.0000 2.0000 2.0000 1.0000 -2.5000 2 1.0000 1.0000 1.3140 -8.0000 4.0000 8.0000 0.0000 12.0000 -4.0000 0.2500 0.2500 0.2500 0.2500 0.2500 1.2500 1.8466 3.3424 
8.0000 13.0000 2.0000 -4.0000 0.0000 5.0000 8 -1.0000 1.0000 2.4000 2.0000 -6.0000 -10.0000 -2.0000 -14.0000 6.0000 0.2585 0.1706 0.2631 0.2246 0.3401 1.2569 1.7877 3.2995 
8.0000 52.0000 2.0000 2.0000 0.0000 -2.5000 2 1.0000 1.0000 0.9670 0.0000 8.0000 12.0000 -8.0000 4.0000 -4.0000 0.2802 0.2324 0.1637 0.3813 0.1869 1.2445 1.8332 3.3370 
8.0000 15.0000 2.0000 -2.0000 1.0000 -7.5000 2 1.0000 1.0000 2.7560 -8.0000 0.0000 4.0000 -4.0000 8.0000 -12.0000 0.2500 0.2500 0.2500 0.2500 0.2500 1.2500 1.8053 3.3092 
8.0000 3.0000 2.0000 -4.0000 1.0000 -2.5000 8 -1.0000 0.0000 1.5950 6.0000 -2.0000 -10.0000 2.0000 -14.0000 -6.0000 0.2500 0.2500 0.2500 0.2500 0.2500 1.2500 1.9050 3.4091 
8.0000 19.0000 2.0000 -2.0000 1.0000 2.5000 2 1.0000 0.0000 0.8600 8.0000 0.0000 -8.0000 4.0000 -12.0000 -4.0000 0.2500 0.2500 0.2500 0.2500 0.2500 1.2500 1.9870 3.4925 
8.0000 60.0000 2.0000 4.0000 1.0000 0.0000 2 1.0000 0.0000 0.9310 -6.0000 6.0000 10.0000 2.0000 14.0000 -2.0000 0.2500 0.2500 0.2500 0.2500 0.2500 1.2500 1.8498 3.3425 
8.0000 58.0000 2.0000 4.0000 1.0000 -5.0000 2 1.0000 1.0000 0.7240 -6.0000 2.0000 14.0000 -2.0000 10.0000 6.0000 0.2500 0.2500 0.2500 0.2500 0.2500 1.2500 1.8708 3.3758 
8.0000 21.0000 2.0000 -2.0000 1.0000 7.5000 8 -1.0000 1.0000 1.5550 4.0000 -4.0000 -12.0000 0.0000 -8.0000 8.0000 0.2500 0.2500 0.2500 0.2500 0.2500 1.2500 1.7593 3.2591 
8.0000 4.0000 2.0000 -4.0000 1.0000 0.0000 8 -1.0000 0.0000 1.4600 -14.0000 -2.0000 6.0000 -6.0000 2.0000 -10.0000 0.2500 0.2500 0.2500 0.2500 0.2500 1.2500 1.9141 3.4092 
8.0000 22.0000 2.0000 -2.0000 0.0000 -7.5000 2 1.0000 1.0000 0.9890 4.0000 -4.0000 -12.0000 0.0000 -8.0000 8.0000 0.2521 0.2177 0.2566 0.2066 0.3074 1.2405 1.7805 3.2663 
8.0000 23.0000 2.0000 -2.0000 0.0000 -5.0000 2 1.0000 1.0000 2.3320 -12.0000 0.0000 8.0000 -4.0000 4.0000 -8.0000 0.2840 0.1604 0.3289 0.2773 0.2058 1.2564 1.9069 3.3990 
8.0000 64.0000 2.0000 4.0000 0.0000 -7.5000 2 1.0000 1.0000 0.4650 10.0000 2.0000 -6.0000 6.0000 -2.0000 14.0000 0.2113 0.2882 0.2305 0.3248 0.1871 1.2419 1.9697 3.4680 
8.0000 17.0000 2.0000 -2.0000 1.0000 -2.5000 2 1.0000 1.0000 1.3390 -12.0000 0.0000 4.0000 -4.0000 8.0000 -8.0000 0.2500 0.2500 0.2500 0.2500 0.2500 1.2500 1.8948 3.4094 
8.0000 50.0000 2.0000 2.0000 0.0000 -7.5000 2 1.0000 1.0000 1.3370 8.0000 0.0000 -8.0000 4.0000 -4.0000 12.0000 0.2148 0.3843 0.2171 0.2426 0.1843 1.2430 1.9504 3.4523 
8.0000 63.0000 2.0000 4.0000 1.0000 7.5000 8 -1.0000 1.0000 1.1030 -6.0000 6.0000 10.0000 2.0000 14.0000 -2.0000 0.2500 0.2500 0.2500 0.2500 0.2500 1.2500 1.9946 3.4925 
8.0000 67.0000 2.0000 4.0000 0.0000 0.0000 2 1.0000 0.0000 0.6530 -6.0000 6.0000 14.0000 2.0000 10.0000 -2.0000 0.1641 0.3767 0.2060 0.3481 0.1571 1.2520 1.7941 3.2946 
8.0000 27.0000 2.0000 -2.0000 0.0000 5.0000 2 1.0000 0.0000 0.9320 -12.0000 -4.0000 4.0000 -8.0000 8.0000 0.0000 0.3476 0.1685 0.2297 0.1758 0.3197 1.2413 1.7902 3.2837 
8.0000 24.0000 2.0000 -2.0000 0.0000 -2.5000 2 1.0000 1.0000 0.8110 8.0000 -4.0000 -12.0000 0.0000 -8.0000 4.0000 0.1934 0.3356 0.1689 0.3680 0.1926 1.2586 1.9354 3.4511 
8.0000 12.0000 2.0000 -4.0000 0.0000 2.5000 8 -1.0000 1.0000 2.6660 -10.0000 -2.0000 6.0000 -6.0000 2.0000 -14.0000 0.1504 0.3426 0.3020 0.1760 0.2702 1.2413 1.8566 3.3505 
8.0000 29.0000 2.0000 0.0000 1.0000 -7.5000 2 1.0000 1.0000 2.6570 10.0000 -2.0000 -6.0000 2.0000 -10.0000 6.0000 0.2500 0.2500 0.2500 0.2500 0.2500 1.2500 1.8308 3.3260 
8.0000 18.0000 2.0000 -2.0000 1.0000 0.0000 8 -1.0000 0.0000 1.2550 -12.0000 -4.0000 8.0000 -8.0000 4.0000 0.0000 0.2500 0.2500 0.2500 0.2500 0.2500 1.2500 1.8059 3.2924 
8.0000 11.0000 2.0000 -4.0000 0.0000 0.0000 2 1.0000 0.0000 0.9560 -10.0000 -2.0000 6.0000 -6.0000 2.0000 -14.0000 0.2556 0.1888 0.2522 0.3116 0.2468 1.2550 1.9085 3.4142 
8.0000 57.0000 2.0000 4.0000 1.0000 -7.5000 2 1.0000 1.0000 0.6680 14.0000 6.0000 -2.0000 10.0000 -6.0000 2.0000 0.2500 0.2500 0.2500 0.2500 0.2500 1.2500 1.8866 3.3925 
8.0000 66.0000 2.0000 4.0000 0.0000 -2.5000 2 1.0000 1.0000 0.9560 14.0000 6.0000 -6.0000 10.0000 -2.0000 2.0000 0.2074 0.3586 0.1785 0.3275 0.1738 1.2458 1.7709 3.2716 
8.0000 42.0000 2.0000 0.0000 0.0000 7.5000 2 1.0000 0.0000 1.1940 -10.0000 2.0000 6.0000 -2.0000 10.0000 -6.0000 0.1763 0.3099 0.2192 0.2454 0.3050 1.2558 1.8840 3.3984 
8.0000 65.0000 2.0000 4.0000 0.0000 -5.0000 2 1.0000 1.0000 0.8420 14.0000 6.0000 -2.0000 10.0000 -6.0000 2.0000 0.3030 0.1603 0.2118 0.2991 0.2722 1.2464 1.8786 3.3721 
8.0000 37.0000 2.0000 0.0000 0.0000 -5.0000 2 1.0000 1.0000 1.7740 10.0000 -2.0000 -10.0000 2.0000 -6.0000 6.0000 0.1697 0.2417 0.1994 0.3007 0.3410 1.2525 1.9549 3.4618 
8.0000 62.0000 2.0000 4.0000 1.0000 5.0000 8 -1.0000 1.0000 2.3510 -6.0000 2.0000 14.0000 -2.0000 10.0000 6.0000 0.2500 0.2500 0.2500 0.2500 0.2500 1.2500 1.7998 3.3091 
8.0000 39.0000 2.0000 0.0000 0.0000 0.0000 8 -1.0000 0.0000 0.7300 -6.0000 6.0000 10.0000 -10.0000 2.0000 -2.0000 0.3355 0.1959 0.2430 0.3131 0.1534 1.2408 1.8028 3.3000 
8.0000 36.0000 2.0000 0.0000 0.0000 -7.5000 2 1.0000 1.0000 0.9190 6.0000 -2.0000 -6.0000 2.0000 -10.0000 10.0000 0.2626 0.1632 0.3685 0.2968 0.1615 1.2526 1.8118 3.3119 
8.0000 56.0000 2.0000 2.0000 0.0000 7.5000 2 1.0000 0.0000 1.5870 12.0000 4.0000 -8.0000 8.0000 -4.0000 0.0000 0.1925 0.3371 0.1519 0.3020 0.2759 1.2594 1.7943 3.3018 
8.0000 30.0000 2.0000 0.0000 1.0000 -5.0000 2 1.0000 1.0000 0.9500 -6.0000 2.0000 6.0000 -2.0000 10.0000 -10.0000 0.2500 0.2500 0.2500 0.2500 0.2500 1.2500 1.8425 3.3424 
8.0000 70.0000 2.0000 4.0000 0.0000 7.5000 8 -1.0000 1.0000 1.1640 -2.0000 6.0000 14.0000 2.0000 10.0000 -6.0000 0.3362 0.2967 0.1669 0.2971 0.1612 1.2581 1.9355 3.4341 
8.0000 6.0000 3.0000 -4.0000 1.0000 5.0000 8 -1.0000 1.0000 1.2120 6.0000 -6.0000 -14.0000 -2.0000 -10.0000 2.0000 0.2500 0.2500 0.2500 0.2500 0.2500 1.2500 1.9134 3.4258 
8.0000 13.0000 3.0000 -4.0000 0.0000 5.0000 8 -1.0000 1.0000 0.6700 -2.0000 -10.0000 -14.0000 6.0000 -6.0000 2.0000 0.3787 0.2095 0.1697 0.3183 0.1818 1.2581 1.9612 3.4673 
8.0000 34.0000 3.0000 0.0000 1.0000 5.0000 8 -1.0000 1.0000 0.5290 -10.0000 -2.0000 6.0000 -6.0000 10.0000 2.0000 0.2500 0.2500 0.2500 0.2500 0.2500 1.2500 1.9036 3.4092 
8.0000 30.0000 3.0000 0.0000 1.0000 -5.0000 2 1.0000 1.0000 0.6180 2.0000 -6.0000 -10.0000 10.0000 -2.0000 6.0000 0.2500 0.2500 0.2500 0.2500 0.2500 1.2500 1.7507 3.2593 
8.0000 43.0000 3.0000 2.0000 1.0000 -7.5000 2 1.0000 1.0000 0.5820 -8.0000 0.0000 8.0000 -4.0000 12.0000 4.0000 0.2500 0.2500 0.2500 0.2500 0.2500 1.2500 1.9100 3.4092 
8.0000 2.0000 3.0000 -4.0000 1.0000 -5.0000 2 1.0000 1.0000 0.4680 6.0000 -6.0000 -14.0000 -2.0000 -10.0000 2.0000 0.2500 0.2500 0.2500 0.2500 0.2500 1.2500 1.8901 3.3925 
8.0000 60.0000 3.0000 4.0000 1.0000 0.0000 2 1.0000 0.0000 1.2020 2.0000 10.0000 14.0000 -6.0000 6.0000 -2.0000 0.2500 0.2500 0.2500 0.2500 0.2500 1.2500 1.9012 3.3926 
8.0000 25.0000 3.0000 -2.0000 0.0000 0.0000 2 1.0000 0.0000 0.8250 8.0000 -4.0000 -8.0000 0.0000 -12.0000 4.0000 0.3249 0.1754 0.2498 0.2221 0.2779 1.2500 1.8433 3.3427 
8.0000 42.0000 3.0000 0.0000 0.0000 7.5000 8 -1.0000 1.0000 1.8640 10.0000 -2.0000 -6.0000 2.0000 -10.0000 6.0000 0.2087 0.3750 0.1505 0.2951 0.2254 1.2547 1.8890 3.3805 
8.0000 12.0000 3.0000 -4.0000 0.0000 2.5000 8 -1.0000 1.0000 1.7370 2.0000 -10.0000 -14.0000 6.0000 -6.0000 -2.0000 0.1965 0.2338 0.2828 0.2277 0.3098 1.2506 1.9389 3.4264 
8.0000 9.0000 3.0000 -4.0000 0.0000 -5.0000 2 1.0000 1.0000 0.6850 6.0000 -6.0000 -14.0000 -2.0000 -10.0000 2.0000 0.2975 0.1881 0.3100 0.2396 0.2057 1.2409 1.7771 3.2835 
8.0000 35.0000 3.0000 0.0000 1.0000 7.5000 8 -1.0000 1.0000 0.6930 6.0000 -2.0000 -10.0000 2.0000 -6.0000 10.0000 0.2500 0.2500 0.2500 0.2500 0.2500 1.2500 1.9926 3.4926 
8.0000 45.0000 3.0000 2.0000 1.0000 -2.5000 2 1.0000 1.0000 1.9280 12.0000 0.0000 -8.0000 4.0000 -4.0000 8.0000 0.2500 0.2500 0.2500 0.2500 0.2500 1.2500 1.8948 3.3925 
8.0000 28.0000 3.0000 -2.0000 0.0000 7.5000 8 -1.0000 1.0000 0.5440 8.0000 -4.0000 -12.0000 0.0000 -8.0000 4.0000 0.3245 0.1525 0.3001 0.2580 0.2217 1.2569 1.9101 3.4160 
8.0000 61.0000 3.0000 4.0000 1.0000 2.5000 2 1.0000 0.0000 2.0350 10.0000 -2.0000 -6.0000 14.0000 2.0000 6.0000 0.2500 0.2500 0.2500 0.2500 0.2500 1.2500 1.9932 3.4925 
8.0000 37.0000 3.0000 0.0000 0.0000 -5.0000 2 1.0000 1.0000 1.5420 -10.0000 -2.0000 6.0000 -6.0000 10.0000 2.0000 0.1678 0.2356 0.3322 0.1892 0.3286 1.2533 1.9222 3.4292 
8.0000 1.0000 3.0000 -4.0000 1.0000 -7.5000 2 1.0000 1.0000 0.6540 -2.0000 -10.0000 -14.0000 6.0000 -6.0000 2.0000 0.2500 0.2500 0.2500 0.2500 0.2500 1.2500 1.7562 3.2591 
8.0000 5.0000 3.0000 -4.0000 1.0000 2.5000 2 1.0000 0.0000 0.8930 2.0000 -6.0000 -10.0000 -2.0000 -14.0000 6.0000 0.2500 0.2500 0.2500 0.2500 0.2500 1.2500 1.9746 3.4759 
8.0000 24.0000 3.0000 -2.0000 0.0000 -2.5000 2 1.0000 1.0000 0.5980 -12.0000 0.0000 4.0000 -4.0000 8.0000 -8.0000 0.2147 0.1660 0.2995 0.1899 0.3712 1.2414 1.8251 3.3173 
8.0000 38.0000 3.0000 0.0000 0.0000 -2.5000 2 1.0000 1.0000 0.5760 10.0000 -2.0000 -10.0000 2.0000 -6.0000 6.0000 0.2161 0.2467 0.1668 0.3207 0.2920 1.2423 1.8343 3.3182 
8.0000 54.0000 3.0000 2.0000 0.0000 2.5000 8 -1.0000 1.0000 1.9190 -4.0000 4.0000 12.0000 0.0000 8.0000 -8.0000 0.2959 0.1955 0.3483 0.1882 0.2228 1.2506 1.9226 3.4099 
8.0000 15.0000 3.0000 -2.0000 1.0000 -7.5000 2 1.0000 1.0000 0.7030 4.0000 -4.0000 -8.0000 0.0000 -12.0000 8.0000 0.2500 0.2500 0.2500 0.2500 0.2500 1.2500 1.9093 3.4259 
8.0000 40.0000 3.0000 0.0000 0.0000 2.5000 8 -1.0000 1.0000 1.4420 -10.0000 -2.0000 10.0000 -6.0000 6.0000 2.0000 0.2047 0.2361 0.3999 0.2319 0.1708 1.2435 1.9945 3.5028 
8.0000 4.0000 3.0000 -4.0000 1.0000 0.0000 2 1.0000 0.0000 0.7680 -14.0000 -2.0000 6.0000 -6.0000 2.0000 -10.0000 0.2500 0.2500 0.2500 0.2500 0.2500 1.2500 1.8557 3.3593 
8.0000 39.0000 3.0000 0.0000 0.0000 0.0000 2 1.0000 0.0000 0.6300 -6.0000 2.0000 10.0000 -2.0000 6.0000 -10.0000 0.1698 0.3069 0.3667 0.2504 0.1518 1.2457 1.9742 3.4715 
8.0000 63.0000 3.0000 4.0000 1.0000 7.5000 8 -1.0000 1.0000 0.6770 -2.0000 6.0000 10.0000 2.0000 14.0000 -6.0000 0.2500 0.2500 0.2500 0.2500 0.2500 1.2500 1.8011 3.3093 
8.0000 7.0000 3.0000 -4.0000 1.0000 7.5000 8 -1.0000 1.0000 0.6770 -10.0000 -2.0000 6.0000 -6.0000 2.0000 -14.0000 0.2500 0.2500 0.2500 0.2500 0.2500 1.2500 1.7587 3.2592 
8.0000 49.0000 3.0000 2.0000 1.0000 7.5000 8 -1.0000 1.0000 0.9980 -8.0000 0.0000 8.0000 -4.0000 12.0000 4.0000 0.2500 0.2500 0.2500 0.2500 0.2500 1.2500 1.9367 3.4425 
8.0000 41.0000 3.0000 0.0000 0.0000 5.0000 2 1.0000 0.0000 0.8900 -2.0000 6.0000 10.0000 -10.0000 2.0000 -6.0000 0.2227 0.2945 0.2549 0.1501 0.3348 1.2570 1.8167 3.3162 
8.0000 18.0000 3.0000 -2.0000 1.0000 0.0000 2 1.0000 0.0000 1.4870 4.0000 -4.0000 -12.0000 0.0000 -8.0000 8.0000 0.2500 0.2500 0.2500 0.2500 0.2500 1.2500 1.8243 3.3258 
8.0000 68.0000 3.0000 4.0000 0.0000 2.5000 2 1.0000 0.0000 1.3110 -2.0000 6.0000 14.0000 2.0000 10.0000 -6.0000 0.3401 0.2191 0.1876 0.2744 0.2247 1.2459 1.9903 3.4886 
8.0000 44.0000 3.0000 2.0000 1.0000 -5.0000 2 1.0000 1.0000 1.9860 -8.0000 0.0000 8.0000 -4.0000 12.0000 4.0000 0.2500 0.2500 0.2500 0.2500 0.2500 1.2500 1.8586 3.3592 
8.0000 53.0000 3.0000 2.0000 0.0000 0.0000 2 1.0000 0.0000 1.5340 -8.0000 4.0000 8.0000 0.0000 12.0000 -4.0000 0.2732 0.1506 0.2454 0.3911 0.1950 1.2553 1.9712 3.4647 
8.0000 22.0000 3.0000 -2.0000 0.0000 -7.5000 2 1.0000 1.0000 0.6960 -8.0000 4.0000 8.0000 -12.0000 0.0000 -4.0000 0.1786 0.2488 0.2911 0.3484 0.1927 1.2596 1.8165 3.3354 
8.0000 23.0000 3.0000 -2.0000 0.0000 -5.0000 2 1.0000 1.0000 1.2220 0.0000 -8.0000 -12.0000 8.0000 -4.0000 4.0000 0.1585 0.2651 0.3479 0.2607 0.2078 1.2400 1.9861 3.4826 
8.0000 26.0000 3.0000 -2.0000 0.0000 2.5000 2 1.0000 0.0000 1.8840 -8.0000 0.0000 4.0000 -4.0000 8.0000 -12.0000 0.2291 0.2912 0.2525 0.2130 0.2712 1.2570 1.8934 3.3994 
8.0000 57.0000 3.0000 4.0000 1.0000 -7.5000 2 1.0000 1.0000 0.6980 14.0000 2.0000 -2.0000 6.0000 -6.0000 10.0000 0.2500 0.2500 0.2500 0.2500 0.2500 1.2500 1.7757 3.2759 
8.0000 3.0000 3.0000 -4.0000 1.0000 -2.5000 2 1.0000 1.0000 0.8010 -14.0000 -6.0000 2.0000 -10.0000 6.0000 -2.0000 0.2500 0.2500 0.2500 0.2500 0.2500 1.2500 1.7830 3.2924 
8.0000 51.0000 3.0000 2.0000 0.0000 -5.0000 2 1.0000 1.0000 0.5980 -8.0000 0.0000 8.0000 -4.0000 12.0000 4.0000 0.1615 0.2274 0.3777 0.3179 0.1740 1.2587 1.9062 3.4178 
8.0000 17.0000 3.0000 -2.0000 1.0000 -2.5000 2 1.0000 1.0000 0.5820 4.0000 -4.0000 -8.0000 0.0000 -12.0000 8.0000 0.2500 0.2500 0.2500 0.2500 0.2500 1.2500 1.8297 3.3259 
8.0000 48.0000 3.0000 2.0000 1.0000 5.0000 8 -1.0000 1.0000 0.7860 0.0000 8.0000 12.0000 -8.0000 4.0000 -4.0000 0.2500 0.2500 0.2500 0.2500 0.2500 1.2500 1.7973 3.2924 
8.0000 67.0000 3.0000 4.0000 0.0000 0.0000 2 1.0000 0.0000 0.8390 10.0000 2.0000 -6.0000 6.0000 -2.0000 14.0000 0.3252 0.1889 0.2282 0.3071 0.2047 1.2541 1.9551 3.4635 
8.0000 59.0000 3.0000 4.0000 1.0000 -2.5000 2 1.0000 1.0000 0.5230 -6.0000 6.0000 14.0000 2.0000 10.0000 -2.0000 0.2500 0.2500 0.2500 0.2500 0.2500 1.2500 1.9047 3.3925 
8.0000 14.0000 3.0000 -4.0000 0.0000 7.5000 8 -1.0000 1.0000 1.1680 -10.0000 -2.0000 6.0000 -6.0000 2.0000 -14.0000 0.2312 0.1777 0.3933 0.1986 0.2570 1.2578 1.8857 3.3836 
8.0000 27.0000 3.0000 -2.0000 0.0000 5.0000 8 -1.0000 1.0000 0.8000 8.0000 0.0000 -8.0000 4.0000 -12.0000 -4.0000 0.3746 0.2450 0.1803 0.2702 0.1836 1.2536 1.8468 3.3461 
8.0000 69.0000 3.0000 4.0000 0.0000 5.0000 8 -1.0000 1.0000 2.0090 -2.0000 6.0000 14.0000 2.0000 10.0000 -6.0000 0.2137 0.3726 0.1962 0.2645 0.2022 1.2492 1.8685 3.3752 
8.0000 19.0000 3.0000 -2.0000 1.0000 2.5000 8 -1.0000 1.0000 0.7950 8.0000 0.0000 -12.0000 4.0000 -8.0000 -4.0000 0.2500 0.2500 0.2500 0.2500 0.2500 1.2500 1.9323 3.4425 
8.0000 32.0000 3.0000 0.0000 1.0000 0.0000 2 1.0000 0.0000 0.8240 -6.0000 2.0000 10.0000 -2.0000 6.0000 -10.0000 0.2500 0.2500 0.2500 0.2500 0.2500 1.2500 1.7564 3.2593 
8.0000 64.0000 3.0000 4.0000 0.0000 -7.5000 2 1.0000 1.0000 0.7420 -2.0000 10.0000 14.0000 -6.0000 6.0000 2.0000 0.2448 0.1717 0.2655 0.2139 0.3489 1.2448 1.8359 3.3373 
8.0000 65.0000 3.0000 4.0000 0.0000 -5.0000 2 1.0000 1.0000 1.3540 -6.0000 6.0000 14.0000 2.0000 10.0000 -2.0000 0.3205 0.1702 0.2304 0.3217 0.2096 1.2525 1.9776 3.4784 
8.0000 70.0000 3.0000 4.0000 0.0000 7.5000 8 -1.0000 1.0000 1.1620 -6.0000 6.0000 10.0000 2.0000 14.0000 -2.0000 0.1623 0.3261 0.1626 0.3581 0.2481 1.2572 1.8682 3.3831 
8.0000 66.0000 3.0000 4.0000 0.0000 -2.5000 8 -1.0000 0.0000 0.8770 -2.0000 6.0000 14.0000 2.0000 10.0000 -6.0000 0.3939 0.1890 0.2638 0.2368 0.1611 1.2447 1.8665 3.3539 
8.0000 29.0000 3.0000 0.0000 1.0000 -7.5000 2 1.0000 1.0000 0.7260 10.0000 2.0000 -6.0000 6.0000 -10.0000 -2.0000 0.2500 0.2500 0.2500 0.2500 0.2500 1.2500 1.9825 3.4760 
8.0000 33.0000 3.0000 0.0000 1.0000 2.5000 8 -1.0000 1.0000 0.9240 -6.0000 6.0000 10.0000 -10.0000 2.0000 -2.0000 0.2500 0.2500 0.2500 0.2500 0.2500 1.2500 1.9815 3.4759 
8.0000 36.0000 3.0000 0.0000 0.0000 -7.5000 2 1.0000 1.0000 0.4890 10.0000 2.0000 -6.0000 6.0000 -10.0000 -2.0000 0.1895 0.1625 0.3604 0.1635 0.3763 1.2522 1.8045 3.2947 
8.0000 8.0000 3.0000 -4.0000 0.0000 -7.5000 2 1.0000 1.0000 0.6560 -6.0000 2.0000 6.0000 -14.0000 -2.0000 -10.0000 0.1522 0.3762 0.1984 0.3134 0.2182 1.2583 1.9891 3.4844 
8.0000 31.0000 3.0000 0.0000 1.0000 -2.5000 2 1.0000 1.0000 0.7140 10.0000 2.0000 -6.0000 6.0000 -10.0000 -2.0000 0.2500 0.2500 0.2500 0.2500 0.2500 1.2500 1.9621 3.4593 
8.0000 11.0000 3.0000 -4.0000 0.0000 0.0000 2 1.0000 0.0000 0.8540 -14.0000 -6.0000 6.0000 -10.0000 2.0000 -2.0000 0.3135 0.2094 0.2627 0.1833 0.2722 1.2410 1.8659 3.3668 
8.0000 47.0000 3.0000 2.0000 1.0000 2.5000 8 -1.0000 1.0000 0.9990 -8.0000 0.0000 8.0000 -4.0000 12.0000 4.0000 0.2500 0.2500 0.2500 0.2500 0.2500 1.2500 1.7521 3.2592 
8.0000 62.0000 3.0000 4.0000 1.0000 5.0000 8 -1.0000 1.0000 1.2690 14.0000 2.0000 -6.0000 6.0000 -2.0000 10.0000 0.2500 0.2500 0.2500 0.2500 0.2500 1.2500 1.8471 3.3592 
8.0000 20.0000 3.0000 -2.0000 1.0000 5.0000 8 -1.0000 1.0000 0.7760 8.0000 -4.0000 -8.0000 0.0000 -12.0000 4.0000 0.2500 0.2500 0.2500 0.2500 0.2500 1.2500 1.9447 3.4425 
8.0000 56.0000 3.0000 2.0000 0.0000 7.5000 8 -1.0000 1.0000 1.3280 8.0000 0.0000 -8.0000 4.0000 -4.0000 12.0000 0.3354 0.2557 0.2159 0.2446 0.2074 1.2590 1.8617 3.3682 
8.0000 10.0000 3.0000 -4.0000 0.0000 -2.5000 2 1.0000 1.0000 1.1890 -2.0000 -10.0000 -14.0000 6.0000 -6.0000 2.0000 0.1819 0.3751 0.2250 0.2792 0.1929 1.2540 1.9982 3.4965 
8.0000 55.0000 3.0000 2.0000 0.0000 5.0000 8 -1.0000 1.0000 0.8400 12.0000 0.0000 -4.0000 4.0000 -8.0000 8.0000 0.3013 0.3385 0.1934 0.2518 0.1704 1.2554 1.9904 3.4980 
8.0000 52.0000 3.0000 2.0000 0.0000 -2.5000 2 1.0000 1.0000 0.9930 8.0000 0.0000 -4.0000 4.0000 -8.0000 12.0000 0.2752 0.1871 0.2290 0.3345 0.2295 1.2553 1.9791 3.4812 
8.0000 21.0000 3.0000 -2.0000 1.0000 7.5000 8 -1.0000 1.0000 0.9920 8.0000 -4.0000 -12.0000 0.0000 -8.0000 4.0000 0.2500 0.2500 0.2500 0.2500 0.2500 1.2500 1.9328 3.4258 
8.0000 46.0000 3.0000 2.0000 1.0000 0.0000 2 1.0000 0.0000 1.5420 12.0000 0.0000 -8.0000 4.0000 -4.0000 8.0000 0.2500 0.2500 0.2500 0.2500 0.2500 1.2500 1.9047 3.3926 
8.0000 58.0000 3.0000 4.0000 1.0000 -5.0000 2 1.0000 1.0000 0.7890 -6.0000 6.0000 10.0000 2.0000 14.0000 -2.0000 0.2500 0.2500 0.2500 0.2500 0.2500 1.2500 1.7573 3.2593 
8.0000 50.0000 3.0000 2.0000 0.0000 -7.5000 2 1.0000 1.0000 0.7590 12.0000 0.0000 -4.0000 4.0000 -8.0000 8.0000 0.3032 0.1595 0.1950 0.3415 0.2483 1.2476 1.9830 3.4735 
8.0000 16.0000 3.0000 -2.0000 1.0000 -5.0000 2 1.0000 1.0000 0.4370 4.0000 -4.0000 -12.0000 0.0000 -8.0000 8.0000 0.2500 0.2500 0.2500 0.2500 0.2500 1.2500 1.9484 3.4594 
8.0000 46.0000 4.0000 2.0000 1.0000 0.0000 2 1.0000 0.0000 1.2690 -4.0000 4.0000 8.0000 0.0000 12.0000 -8.0000 0.2500 0.2500 0.2500 0.2500 0.2500 1.2500 1.7920 3.2925 
8.0000 60.0000 4.0000 4.0000 1.0000 0.0000 2 1.0000 0.0000 0.7880 -6.0000 2.0000 10.0000 -2.0000 14.0000 6.0000 0.2500 0.2500 0.2500 0.2500 0.2500 1.2500 1.7962 3.3092 
8.0000 42.0000 4.0000 0.0000 0.0000 7.5000 8 -1.0000 1.0000 1.5810 -2.0000 6.0000 10.0000 -10.0000 2.0000 -6.0000 0.2049 0.1778 0.3723 0.1968 0.2926 1.2444 1.8035 3.3036 
8.0000 44.0000 4.0000 2.0000 1.0000 -5.0000 2 1.0000 1.0000 1.4200 -4.0000 8.0000 12.0000 -8.0000 4.0000 0.0000 0.2500 0.2500 0.2500 0.2500 0.2500 1.2500 1.8960 3.3925 
8.0000 34.0000 4.0000 0.0000 1.0000 5.0000 2 1.0000 0.0000 1.0290 -10.0000 -2.0000 10.0000 -6.0000 6.0000 2.0000 0.2500 0.2500 0.2500 0.2500 0.2500 1.2500 1.8363 3.3425 
8.0000 35.0000 4.0000 0.0000 1.0000 7.5000 8 -1.0000 1.0000 0.9860 -10.0000 2.0000 6.0000 -2.0000 10.0000 -6.0000 0.2500 0.2500 0.2500 0.2500 0.2500 1.2500 1.8787 3.3759 
8.0000 40.0000 4.0000 0.0000 0.0000 2.5000 2 1.0000 0.0000 0.6850 -10.0000 2.0000 10.0000 -2.0000 6.0000 -6.0000 0.1667 0.3035 0.2780 0.2276 0.2711 1.2469 1.7736 3.2728 
8.0000 55.0000 4.0000 2.0000 0.0000 5.0000 2 1.0000 0.0000 1.2300 -4.0000 4.0000 8.0000 0.0000 12.0000 -8.0000 0.3292 0.2190 0.1694 0.3109 0.2255 1.2540 1.9521 3.4466 
8.0000 54.0000 4.0000 2.0000 0.0000 2.5000 2 1.0000 0.0000 1.1540 -8.0000 4.0000 8.0000 0.0000 12.0000 -4.0000 0.1552 0.2420 0.3696 0.2926 0.1989 1.2583 1.7793 3.2842 
8.0000 53.0000 4.0000 2.0000 0.0000 0.0000 2 1.0000 0.0000 0.6690 -8.0000 4.0000 12.0000 0.0000 8.0000 -4.0000 0.1947 0.3606 0.2895 0.2343 0.1610 1.2401 1.8557 3.3326 
8.0000 61.0000 4.0000 4.0000 1.0000 2.5000 8 -1.0000 1.0000 2.1860 -6.0000 2.0000 10.0000 -2.0000 14.0000 6.0000 0.2500 0.2500 0.2500 0.2500 0.2500 1.2500 1.8218 3.3092 
8.0000 19.0000 4.0000 -2.0000 1.0000 2.5000 2 1.0000 0.0000 0.7690 8.0000 0.0000 -8.0000 4.0000 -12.0000 -4.0000 0.2500 0.2500 0.2500 0.2500 0.2500 1.2500 1.9232 3.4260 
8.0000 16.0000 4.0000 -2.0000 1.0000 -5.0000 2 1.0000 1.0000 0.7420 -12.0000 -4.0000 8.0000 -8.0000 4.0000 0.0000 0.2500 0.2500 0.2500 0.2500 0.2500 1.2500 1.8841 3.3927 
8.0000 30.0000 4.0000 0.0000 1.0000 -5.0000 2 1.0000 1.0000 1.5160 6.0000 -2.0000 -10.0000 2.0000 -6.0000 10.0000 0.2500 0.2500 0.2500 0.2500 0.2500 1.2500 1.9245 3.4259 
8.0000 12.0000 4.0000 -4.0000 0.0000 2.5000 8 -1.0000 1.0000 0.9710 -14.0000 -2.0000 6.0000 -6.0000 2.0000 -10.0000 0.2636 0.3412 0.2231 0.2804 0.1514 1.2597 1.7801 3.3022 
8.0000 38.0000 4.0000 0.0000 0.0000 -2.5000 2 1.0000 1.0000 0.5640 10.0000 2.0000 -6.0000 6.0000 -10.0000 -2.0000 0.1528 0.3137 0.2317 0.3498 0.1978 1.2457 1.8428 3.3383 
8.0000 50.0000 4.0000 2.0000 0.0000 -7.5000 2 1.0000 1.0000 1.3950 -8.0000 4.0000 12.0000 0.0000 8.0000 -4.0000 0.1601 0.3817 0.2210 0.1813 0.3087 1.2528 1.9066 3.4121 
8.0000 29.0000 4.0000 0.0000 1.0000 -7.5000 2 1.0000 1.0000 1.6550 -6.0000 2.0000 10.0000 -2.0000 6.0000 -10.0000 0.2500 0.2500 0.2500 0.2500 0.2500 1.2500 1.9685 3.4758 
8.0000 8.0000 4.0000 -4.0000 0.0000 -7.5000 2 1.0000 1.0000 0.6920 6.0000 -2.0000 -14.0000 2.0000 -10.0000 -6.0000 0.3191 0.2165 0.1744 0.3609 0.1776 1.2484 1.8493 3.3411 
8.0000 48.0000 4.0000 2.0000 1.0000 5.0000 8 -1.0000 1.0000 1.0540 -4.0000 4.0000 8.0000 0.0000 12.0000 -8.0000 0.2500 0.2500 0.2500 0.2500 0.2500 1.2500 1.9230 3.4260 
8.0000 6.0000 4.0000 -4.0000 1.0000 5.0000 8 -1.0000 1.0000 0.9380 -10.0000 -2.0000 6.0000 -6.0000 2.0000 -14.0000 0.2500 0.2500 0.2500 0.2500 0.2500 1.2500 1.9290 3.4261 
8.0000 52.0000 4.0000 2.0000 0.0000 -2.5000 8 -1.0000 0.0000 1.6270 12.0000 4.0000 -4.0000 8.0000 -8.0000 0.0000 0.2119 0.2816 0.1605 0.3115 0.2773 1.2427 1.8849 3.3686 
8.0000 63.0000 4.0000 4.0000 1.0000 7.5000 8 -1.0000 1.0000 1.5010 10.0000 -2.0000 -6.0000 14.0000 2.0000 6.0000 0.2500 0.2500 0.2500 0.2500 0.2500 1.2500 1.8365 3.3259 
8.0000 31.0000 4.0000 0.0000 1.0000 -2.5000 2 1.0000 1.0000 1.5920 -6.0000 2.0000 6.0000 -2.0000 10.0000 -10.0000 0.2500 0.2500 0.2500 0.2500 0.2500 1.2500 1.7842 3.2925 
8.0000 25.0000 4.0000 -2.0000 0.0000 0.0000 2 1.0000 0.0000 2.2260 0.0000 -8.0000 -12.0000 8.0000 -4.0000 4.0000 0.2675 0.1682 0.2519 0.3708 0.1921 1.2506 1.7884 3.2931 
8.0000 26.0000 4.0000 -2.0000 0.0000 2.5000 2 1.0000 0.0000 1.0170 -12.0000 -4.0000 8.0000 -8.0000 4.0000 0.0000 0.2743 0.2133 0.2840 0.2557 0.2291 1.2564 1.8207 3.3322 
8.0000 64.0000 4.0000 4.0000 0.0000 -7.5000 2 1.0000 1.0000 0.7210 6.0000 -2.0000 -6.0000 14.0000 2.0000 10.0000 0.1548 0.3348 0.2876 0.1582 0.3122 1.2476 1.8241 3.3234 
8.0000 13.0000 4.0000 -4.0000 0.0000 5.0000 8 -1.0000 1.0000 2.1870 6.0000 -6.0000 -10.0000 -2.0000 -14.0000 2.0000 0.3243 0.2226 0.2979 0.2471 0.1535 1.2453 1.9127 3.4045 
8.0000 69.0000 4.0000 4.0000 0.0000 5.0000 8 -1.0000 1.0000 1.0390 14.0000 2.0000 -6.0000 6.0000 -2.0000 10.0000 0.1898 0.2445 0.3136 0.2832 0.2163 1.2473 1.9620 3.4566 
8.0000 37.0000 4.0000 0.0000 0.0000 -5.0000 2 1.0000 1.0000 0.6080 6.0000 -2.0000 -6.0000 2.0000 -10.0000 10.0000 0.2864 0.3243 0.2150 0.2718 0.1561 1.2536 1.8291 3.3294 
8.0000 51.0000 4.0000 2.0000 0.0000 -5.0000 8 -1.0000 0.0000 1.2540 12.0000 0.0000 -8.0000 4.0000 -4.0000 8.0000 0.1784 0.2560 0.3921 0.1707 0.2608 1.2581 1.8740 3.3841 
8.0000 33.0000 4.0000 0.0000 1.0000 2.5000 2 1.0000 0.0000 1.1730 -2.0000 6.0000 10.0000 -10.0000 2.0000 -6.0000 0.2500 0.2500 0.2500 0.2500 0.2500 1.2500 1.7887 3.2925 
8.0000 65.0000 4.0000 4.0000 0.0000 -5.0000 8 -1.0000 0.0000 1.5670 2.0000 10.0000 14.0000 -6.0000 6.0000 -2.0000 0.2904 0.1575 0.2329 0.3219 0.2518 1.2545 1.8948 3.3971 
8.0000 11.0000 4.0000 -4.0000 0.0000 0.0000 8 -1.0000 0.0000 1.3860 -14.0000 -6.0000 6.0000 -10.0000 2.0000 -2.0000 0.2553 0.2959 0.2147 0.1696 0.3189 1.2544 1.9800 3.4803 
8.0000 24.0000 4.0000 -2.0000 0.0000 -2.5000 2 1.0000 1.0000 2.2350 0.0000 -8.0000 -12.0000 8.0000 -4.0000 4.0000 0.3317 0.2297 0.3026 0.2197 0.1641 1.2478 1.7958 3.3070 
8.0000 45.0000 4.0000 2.0000 1.0000 -2.5000 8 -1.0000 0.0000 1.2360 4.0000 -4.0000 -8.0000 12.0000 0.0000 8.0000 0.2500 0.2500 0.2500 0.2500 0.2500 1.2500 1.9442 3.4592 
8.0000 32.0000 4.0000 0.0000 1.0000 0.0000 2 1.0000 0.0000 1.2620 10.0000 2.0000 -10.0000 6.0000 -6.0000 -2.0000 0.2500 0.2500 0.2500 0.2500 0.2500 1.2500 1.7574 3.2591 
8.0000 68.0000 4.0000 4.0000 0.0000 2.5000 2 1.0000 0.0000 1.7150 6.0000 -2.0000 -6.0000 14.0000 2.0000 10.0000 0.3385 0.1653 0.3632 0.1569 0.2356 1.2595 1.8658 3.3854 
8.0000 22.0000 4.0000 -2.0000 0.0000 -7.5000 2 1.0000 1.0000 0.6890 8.0000 0.0000 -8.0000 4.0000 -12.0000 -4.0000 0.2584 0.2317 0.1853 0.2312 0.3366 1.2431 1.9519 3.4523 
8.0000 47.0000 4.0000 2.0000 1.0000 2.5000 2 1.0000 0.0000 1.3270 12.0000 4.0000 -8.0000 8.0000 -4.0000 0.0000 0.2500 0.2500 0.2500 0.2500 0.2500 1.2500 1.8098 3.3092 
8.0000 21.0000 4.0000 -2.0000 1.0000 7.5000 8 -1.0000 1.0000 0.8370 -8.0000 0.0000 4.0000 -4.0000 8.0000 -12.0000 0.2500 0.2500 0.2500 0.2500 0.2500 1.2500 1.9807 3.4761 
8.0000 57.0000 4.0000 4.0000 1.0000 -7.5000 2 1.0000 1.0000 0.9020 6.0000 -2.0000 -6.0000 14.0000 2.0000 10.0000 0.2500 0.2500 0.2500 0.2500 0.2500 1.2500 1.9992 3.4926 
8.0000 70.0000 4.0000 4.0000 0.0000 7.5000 8 -1.0000 1.0000 1.0620 -6.0000 2.0000 10.0000 -2.0000 14.0000 6.0000 0.3261 0.2003 0.2474 0.2747 0.1943 1.2428 1.9718 3.4686 
8.0000 5.0000 4.0000 -4.0000 1.0000 2.5000 8 -1.0000 1.0000 1.3060 -14.0000 -2.0000 2.0000 -6.0000 6.0000 -10.0000 0.2500 0.2500 0.2500 0.2500 0.2500 1.2500 1.9593 3.4592 
8.0000 3.0000 4.0000 -4.0000 1.0000 -2.5000 2 1.0000 1.0000 0.4880 6.0000 -6.0000 -14.0000 -2.0000 -10.0000 2.0000 0.2500 0.2500 0.2500 0.2500 0.2500 1.2500 1.9517 3.4426 
8.0000 43.0000 4.0000 2.0000 1.0000 -7.5000 2 1.0000 1.0000 0.4850 -8.0000 4.0000 8.0000 0.0000 12.0000 -4.0000 0.2500 0.2500 0.2500 0.2500 0.2500 1.2500 1.8697 3.3592 
8.0000 14.0000 4.0000 -4.0000 0.0000 7.5000 8 -1.0000 1.0000 1.1890 -2.0000 -10.0000 -14.0000 6.0000 -6.0000 2.0000 0.3417 0.2483 0.2887 0.1595 0.2166 1.2549 1.7516 3.2641 
8.0000 56.0000 4.0000 2.0000 0.0000 7.5000 8 -1.0000 1.0000 1.9750 12.0000 0.0000 -4.0000 4.0000 -8.0000 8.0000 0.3735 0.2210 0.2648 0.1788 0.2094 1.2476 1.9465 3.4568 
8.0000 23.0000 4.0000 -2.0000 0.0000 -5.0000 2 1.0000 1.0000 0.7620 8.0000 0.0000 -8.0000 4.0000 -12.0000 -4.0000 0.3014 0.2008 0.3716 0.2069 0.1753 1.2560 1.8097 3.3152 
8.0000 28.0000 4.0000 -2.0000 0.0000 7.5000 2 1.0000 0.0000 1.0300 -12.0000 0.0000 8.0000 -4.0000 4.0000 -8.0000 0.2107 0.2778 0.3960 0.2043 0.1519 1.2407 1.9430 3.4332 
8.0000 66.0000 4.0000 4.0000 0.0000 -2.5000 2 1.0000 1.0000 0.5050 -2.0000 6.0000 10.0000 2.0000 14.0000 -6.0000 0.1729 0.3079 0.2354 0.3558 0.1866 1.2586 1.7666 3.2843 
8.0000 17.0000 4.0000 -2.0000 1.0000 -2.5000 2 1.0000 1.0000 1.2050 -12.0000 -4.0000 4.0000 -8.0000 8.0000 0.0000 0.2500 0.2500 0.2500 0.2500 0.2500 1.2500 1.8386 3.3425 
8.0000 7.0000 4.0000 -4.0000 1.0000 7.5000 8 -1.0000 1.0000 0.9020 -14.0000 -2.0000 6.0000 -6.0000 2.0000 -10.0000 0.2500 0.2500 0.2500 0.2500 0.2500 1.2500 1.8093 3.3091 
8.0000 10.0000 4.0000 -4.0000 0.0000 -2.5000 2 1.0000 1.0000 3.0080 -14.0000 -2.0000 2.0000 -6.0000 6.0000 -10.0000 0.3452 0.1678 0.2485 0.2934 0.2009 1.2558 1.9358 3.4317 
8.0000 2.0000 4.0000 -4.0000 1.0000 -5.0000 8 -1.0000 0.0000 1.5110 2.0000 -10.0000 -14.0000 6.0000 -6.0000 -2.0000 0.2500 0.2500 0.2500 0.2500 0.2500 1.2500 1.8593 3.3592 
8.0000 1.0000 4.0000 -4.0000 1.0000 -7.5000 2 1.0000 1.0000 0.8740 -10.0000 -2.0000 2.0000 -6.0000 6.0000 -14.0000 0.2500 0.2500 0.2500 0.2500 0.2500 1.2500 1.8444 3.3425 
8.0000 58.0000 4.0000 4.0000 1.0000 -5.0000 2 1.0000 1.0000 1.1160 -2.0000 6.0000 10.0000 2.0000 14.0000 -6.0000 0.2500 0.2500 0.2500 0.2500 0.2500 1.2500 1.9642 3.4593 
8.0000 41.0000 4.0000 0.0000 0.0000 5.0000 8 -1.0000 1.0000 1.4080 -10.0000 2.0000 6.0000 -2.0000 10.0000 -6.0000 0.1746 0.3352 0.2430 0.3543 0.1526 1.2597 1.8178 3.3357 
8.0000 20.0000 4.0000 -2.0000 1.0000 5.0000 8 -1.0000 1.0000 1.9860 4.0000 -4.0000 -12.0000 0.0000 -8.0000 8.0000 0.2500 0.2500 0.2500 0.2500 0.2500 1.2500 1.9952 3.5093 
8.0000 15.0000 4.0000 -2.0000 1.0000 -7.5000 2 1.0000 1.0000 0.9970 8.0000 0.0000 -12.0000 4.0000 -8.0000 -4.0000 0.2500 0.2500 0.2500 0.2500 0.2500 1.2500 1.9362 3.4424 
8.0000 4.0000 4.0000 -4.0000 1.0000 0.0000 8 -1.0000 0.0000 0.9850 -2.0000 -10.0000 -14.0000 6.0000 -6.0000 2.0000 0.2500 0.2500 0.2500 0.2500 0.2500 1.2500 1.9840 3.4925 
8.0000 62.0000 4.0000 4.0000 1.0000 5.0000 8 -1.0000 1.0000 1.0030 14.0000 6.0000 -6.0000 10.0000 -2.0000 2.0000 0.2500 0.2500 0.2500 0.2500 0.2500 1.2500 1.7866 3.2925 
8.0000 67.0000 4.0000 4.0000 0.0000 0.0000 2 1.0000 0.0000 1.3580 10.0000 2.0000 -6.0000 6.0000 -2.0000 14.0000 0.1840 0.3617 0.2145 0.3248 0.1572 1.2422 1.7584 3.2513 
8.0000 39.0000 4.0000 0.0000 0.0000 0.0000 2 1.0000 0.0000 1.5760 6.0000 -6.0000 -10.0000 10.0000 -2.0000 2.0000 0.3402 0.2585 0.2013 0.2658 0.1857 1.2515 1.8519 3.3607 
8.0000 36.0000 4.0000 0.0000 0.0000 -7.5000 2 1.0000 1.0000 0.6990 2.0000 -6.0000 -10.0000 10.0000 -2.0000 6.0000 0.3025 0.1932 0.2260 0.2907 0.2413 1.2536 1.7953 3.2962 
8.0000 59.0000 4.0000 4.0000 1.0000 -2.5000 2 1.0000 1.0000 0.6840 -6.0000 6.0000 14.0000 2.0000 10.0000 -2.0000 0.2500 0.2500 0.2500 0.2500 0.2500 1.2500 1.9430 3.4425 
8.0000 49.0000 4.0000 2.0000 1.0000 7.5000 8 -1.0000 1.0000 1.1800 -4.0000 4.0000 12.0000 0.0000 8.0000 -8.0000 0.2500 0.2500 0.2500 0.2500 0.2500 1.2500 1.7844 3.2758 
8.0000 18.0000 4.0000 -2.0000 1.0000 0.0000 2 1.0000 0.0000 0.7210 8.0000 0.0000 -12.0000 4.0000 -8.0000 -4.0000 0.2500 0.2500 0.2500 0.2500 0.2500 1.2500 1.9477 3.4425 
8.0000 9.0000 4.0000 -4.0000 0.0000 -5.0000 2 1.0000 1.0000 2.8780 6.0000 -2.0000 -14.0000 2.0000 -10.0000 -6.0000 0.1797 0.3853 0.2773 0.2258 0.1755 1.2436 1.8635 3.3527 
8.0000 27.0000 4.0000 -2.0000 0.0000 5.0000 2 1.0000 0.0000 1.1800 -8.0000 0.0000 8.0000 -4.0000 4.0000 -12.0000 0.3223 0.2275 0.1585 0.3157 0.2358 1.2597 1.7605 3.2855 
8.0000 9.0000 5.0000 -4.0000 0.0000 -5.0000 2 1.0000 1.0000 0.9900 -6.0000 2.0000 6.0000 -14.0000 -2.0000 -10.0000 0.3523 0.2073 0.2558 0.1540 0.2904 1.2598 1.8331 3.3524 
8.0000 60.0000 5.0000 4.0000 1.0000 0.0000 8 -1.0000 0.0000 3.0990 14.0000 6.0000 -6.0000 10.0000 -2.0000 2.0000 0.2500 0.2500 0.2500 0.2500 0.2500 1.2500 1.9450 3.4425 
8.0000 14.0000 5.0000 -4.0000 0.0000 7.5000 8 -1.0000 1.0000 0.8880 6.0000 -6.0000 -14.0000 -2.0000 -10.0000 2.0000 0.1680 0.3935 0.2331 0.2663 0.1941 1.2550 1.9694 3.4809 
8.0000 70.0000 5.0000 4.0000 0.0000 7.5000 8 -1.0000 1.0000 0.8750 -6.0000 6.0000 10.0000 2.0000 14.0000 -2.0000 0.2145 0.2428 0.3322 0.2136 0.2485 1.2517 1.9413 3.4442 
8.0000 30.0000 5.0000 0.0000 1.0000 -5.0000 2 1.0000 1.0000 0.6430 -6.0000 2.0000 10.0000 -2.0000 6.0000 -10.0000 0.2500 0.2500 0.2500 0.2500 0.2500 1.2500 1.9597 3.4591 
8.0000 47.0000 5.0000 2.0000 1.0000 2.5000 2 1.0000 0.0000 2.0850 -4.0000 4.0000 8.0000 0.0000 12.0000 -8.0000 0.2500 0.2500 0.2500 0.2500 0.2500 1.2500 1.8170 3.3093 
8.0000 2.0000 5.0000 -4.0000 1.0000 -5.0000 2 1.0000 1.0000 0.8190 6.0000 -6.0000 -14.0000 -2.0000 -10.0000 2.0000 0.2500 0.2500 0.2500 0.2500 0.2500 1.2500 1.7799 3.2758 
8.0000 38.0000 5.0000 0.0000 0.0000 -2.5000 2 1.0000 1.0000 1.0730 -6.0000 6.0000 10.0000 -10.0000 2.0000 -2.0000 0.2725 0.2366 0.1871 0.3056 0.2445 1.2463 1.9001 3.3888 
8.0000 18.0000 5.0000 -2.0000 1.0000 0.0000 8 -1.0000 0.0000 0.9850 -8.0000 0.0000 8.0000 -4.0000 4.0000 -12.0000 0.2500 0.2500 0.2500 0.2500 0.2500 1.2500 1.9905 3.4927 
8.0000 57.0000 5.0000 4.0000 1.0000 -7.5000 2 1.0000 1.0000 0.7300 14.0000 6.0000 -6.0000 10.0000 -2.0000 2.0000 0.2500 0.2500 0.2500 0.2500 0.2500 1.2500 1.7675 3.2758 
8.0000 44.0000 5.0000 2.0000 1.0000 -5.0000 2 1.0000 1.0000 0.5810 4.0000 -4.0000 -8.0000 12.0000 0.0000 8.0000 0.2500 0.2500 0.2500 0.2500 0.2500 1.2500 1.8460 3.3593 
8.0000 33.0000 5.0000 0.0000 1.0000 2.5000 8 -1.0000 1.0000 1.1160 -6.0000 6.0000 10.0000 -10.0000 2.0000 -2.0000 0.2500 0.2500 0.2500 0.2500 0.2500 1.2500 1.8928 3.3924 
8.0000 56.0000 5.0000 2.0000 0.0000 7.5000 8 -1.0000 1.0000 1.4460 12.0000 0.0000 -8.0000 4.0000 -4.0000 8.0000 0.2024 0.2436 0.3600 0.2117 0.2404 1.2580 1.8971 3.4006 
8.0000 58.0000 5.0000 4.0000 1.0000 -5.0000 8 -1.0000 0.0000 1.3510 -6.0000 2.0000 10.0000 -2.0000 14.0000 6.0000 0.2500 0.2500 0.2500 0.2500 0.2500 1.2500 1.7550 3.2592 
8.0000 28.0000 5.0000 -2.0000 0.0000 7.5000 8 -1.0000 1.0000 0.6690 -12.0000 -4.0000 4.0000 -8.0000 8.0000 0.0000 0.2353 0.1574 0.2486 0.2161 0.3945 1.2518 1.9479 3.4444 
8.0000 69.0000 5.0000 4.0000 0.0000 5.0000 8 -1.0000 1.0000 1.0230 10.0000 -2.0000 -6.0000 14.0000 2.0000 6.0000 0.1912 0.2781 0.2180 0.1862 0.3690 1.2425 1.9555 3.4518 
8.0000 34.0000 5.0000 0.0000 1.0000 5.0000 8 -1.0000 1.0000 0.6470 10.0000 -2.0000 -10.0000 2.0000 -6.0000 6.0000 0.2500 0.2500 0.2500 0.2500 0.2500 1.2500 1.9955 3.4926 
8.0000 36.0000 5.0000 0.0000 0.0000 -7.5000 2 1.0000 1.0000 0.6980 -6.0000 6.0000 10.0000 -10.0000 2.0000 -2.0000 0.3556 0.1508 0.1929 0.3963 0.1553 1.2509 1.9806 3.4768 
8.0000 63.0000 5.0000 4.0000 1.0000 7.5000 8 -1.0000 1.0000 0.6490 -2.0000 10.0000 14.0000 -6.0000 6.0000 2.0000 0.2500 0.2500 0.2500 0.2500 0.2500 1.2500 1.7767 3.2759 
8.0000 43.0000 5.0000 2.0000 1.0000 -7.5000 2 1.0000 1.0000 1.5150 0.0000 8.0000 12.0000 -8.0000 4.0000 -4.0000 0.2500 0.2500 0.2500 0.2500 0.2500 1.2500 1.9670 3.4593 
8.0000 51.0000 5.0000 2.0000 0.0000 -5.0000 2 1.0000 1.0000 1.2320 12.0000 4.0000 -8.0000 8.0000 -4.0000 0.0000 0.2223 0.3119 0.2323 0.2582 0.2278 1.2526 1.9881 3.4953 
8.0000 13.0000 5.0000 -4.0000 0.0000 5.0000 8 -1.0000 1.0000 1.4750 2.0000 -6.0000 -14.0000 -2.0000 -10.0000 6.0000 0.1588 0.3295 0.1933 0.3632 0.1982 1.2430 1.9237 3.4189 
8.0000 22.0000 5.0000 -2.0000 0.0000 -7.5000 2 1.0000 1.0000 0.5470 8.0000 0.0000 -12.0000 4.0000 -8.0000 -4.0000 0.1892 0.3776 0.1523 0.2917 0.2379 1.2487 1.9513 3.4578 
8.0000 24.0000 5.0000 -2.0000 0.0000 -2.5000 8 -1.0000 0.0000 0.8620 -8.0000 0.0000 8.0000 -4.0000 4.0000 -12.0000 0.3285 0.2965 0.1961 0.1540 0.2811 1.2563 1.8722 3.3822 
8.0000 12.0000 5.0000 -4.0000 0.0000 2.5000 8 -1.0000 1.0000 1.7290 -10.0000 -2.0000 6.0000 -6.0000 2.0000 -14.0000 0.2605 0.3204 0.1781 0.2550 0.2290 1.2430 1.8626 3.3521 
8.0000 4.0000 5.0000 -4.0000 1.0000 0.0000 8 -1.0000 0.0000 1.3260 -10.0000 -2.0000 2.0000 -6.0000 6.0000 -14.0000 0.2500 0.2500 0.2500 0.2500 0.2500 1.2500 1.7853 3.2926 
8.0000 35.0000 5.0000 0.0000 1.0000 7.5000 8 -1.0000 1.0000 0.6690 -6.0000 6.0000 10.0000 -10.0000 2.0000 -2.0000 0.2500 0.2500 0.2500 0.2500 0.2500 1.2500 1.9431 3.4426 
8.0000 46.0000 5.0000 2.0000 1.0000 0.0000 2 1.0000 0.0000 2.3370 4.0000 -4.0000 -8.0000 12.0000 0.0000 8.0000 0.2500 0.2500 0.2500 0.2500 0.2500 1.2500 1.9301 3.4259 
8.0000 6.0000 5.0000 -4.0000 1.0000 5.0000 2 1.0000 0.0000 0.9170 2.0000 -10.0000 -14.0000 6.0000 -6.0000 -2.0000 0.2500 0.2500 0.2500 0.2500 0.2500 1.2500 1.7652 3.2592 
8.0000 39.0000 5.0000 0.0000 0.0000 0.0000 8 -1.0000 0.0000 0.9040 -10.0000 2.0000 10.0000 -2.0000 6.0000 -6.0000 0.2347 0.2738 0.2424 0.3092 0.1878 1.2480 1.8868 3.3739 
8.0000 61.0000 5.0000 4.0000 1.0000 2.5000 8 -1.0000 1.0000 0.5830 -6.0000 2.0000 14.0000 -2.0000 10.0000 6.0000 0.2500 0.2500 0.2500 0.2500 0.2500 1.2500 1.7894 3.2758 
8.0000 37.0000 5.0000 0.0000 0.0000 -5.0000 2 1.0000 1.0000 0.6690 -6.0000 2.0000 10.0000 -2.0000 6.0000 -10.0000 0.2704 0.1739 0.3720 0.2532 0.1827 1.2522 1.9495 3.4449 
8.0000 5.0000 5.0000 -4.0000 1.0000 2.5000 8 -1.0000 1.0000 0.9840 -14.0000 -2.0000 2.0000 -6.0000 6.0000 -10.0000 0.2500 0.2500 0.2500 0.2500 0.2500 1.2500 1.8845 3.3927 
8.0000 1.0000 5.0000 -4.0000 1.0000 -7.5000 2 1.0000 1.0000 0.6580 -10.0000 -2.0000 6.0000 -6.0000 2.0000 -14.0000 0.2500 0.2500 0.2500 0.2500 0.2500 1.2500 1.8248 3.3258 
8.0000 29.0000 5.0000 0.0000 1.0000 -7.5000 2 1.0000 1.0000 1.3160 10.0000 2.0000 -10.0000 6.0000 -6.0000 -2.0000 0.2500 0.2500 0.2500 0.2500 0.2500 1.2500 1.9682 3.4759 
8.0000 42.0000 5.0000 0.0000 0.0000 7.5000 8 -1.0000 1.0000 1.5150 -6.0000 2.0000 10.0000 -2.0000 6.0000 -10.0000 0.3555 0.1848 0.3221 0.2304 0.1551 1.2479 1.9238 3.4238 
8.0000 7.0000 5.0000 -4.0000 1.0000 7.5000 2 1.0000 0.0000 0.8790 -14.0000 -6.0000 6.0000 -10.0000 2.0000 -2.0000 0.2500 0.2500 0.2500 0.2500 0.2500 1.2500 1.8395 3.3425 
8.0000 23.0000 5.0000 -2.0000 0.0000 -5.0000 2 1.0000 1.0000 0.8480 4.0000 -8.0000 -12.0000 8.0000 -4.0000 0.0000 0.3434 0.2415 0.1592 0.2686 0.2392 1.2519 1.9789 3.4778 
8.0000 50.0000 5.0000 2.0000 0.0000 -7.5000 2 1.0000 1.0000 0.8520 12.0000 0.0000 -4.0000 4.0000 -8.0000 8.0000 0.2783 0.1882 0.2327 0.3193 0.2244 1.2429 1.8729 3.3687 
8.0000 41.0000 5.0000 0.0000 0.0000 5.0000 2 1.0000 0.0000 1.3660 -6.0000 2.0000 10.0000 -2.0000 6.0000 -10.0000 0.1886 0.1628 0.2047 0.3634 0.3354 1.2549 1.9476 3.4474 
8.0000 45.0000 5.0000 2.0000 1.0000 -2.5000 2 1.0000 1.0000 0.8110 8.0000 0.0000 -8.0000 4.0000 -4.0000 12.0000 0.2500 0.2500 0.2500 0.2500 0.2500 1.2500 1.9554 3.4592 
8.0000 49.0000 5.0000 2.0000 1.0000 7.5000 8 -1.0000 1.0000 1.0490 -4.0000 8.0000 12.0000 -8.0000 4.0000 0.0000 0.2500 0.2500 0.2500 0.2500 0.2500 1.2500 1.8947 3.3924 
8.0000 53.0000 5.0000 2.0000 0.0000 0.0000 2 1.0000 0.0000 1.8590 12.0000 4.0000 -4.0000 8.0000 -8.0000 0.0000 0.1622 0.3570 0.2406 0.1635 0.3233 1.2465 1.9415 3.4391 
8.0000 19.0000 5.0000 -2.0000 1.0000 2.5000 8 -1.0000 1.0000 0.8850 4.0000 -8.0000 -12.0000 8.0000 -4.0000 0.0000 0.2500 0.2500 0.2500 0.2500 0.2500 1.2500 1.9677 3.4592 
8.0000 52.0000 5.0000 2.0000 0.0000 -2.5000 2 1.0000 1.0000 0.9430 -8.0000 4.0000 8.0000 0.0000 12.0000 -4.0000 0.2875 0.2535 0.3169 0.1656 0.2208 1.2444 1.9378 3.4371 
8.0000 59.0000 5.0000 4.0000 1.0000 -2.5000 2 1.0000 1.0000 0.6700 -6.0000 2.0000 10.0000 -2.0000 14.0000 6.0000 0.2500 0.2500 0.2500 0.2500 0.2500 1.2500 1.9011 3.4092 
8.0000 65.0000 5.0000 4.0000 0.0000 -5.0000 2 1.0000 1.0000 0.8570 -6.0000 2.0000 14.0000 -2.0000 10.0000 6.0000 0.2412 0.3436 0.2224 0.1963 0.2535 1.2570 1.8661 3.3828 
8.0000 67.0000 5.0000 4.0000 0.0000 0.0000 2 1.0000 0.0000 1.1020 6.0000 -2.0000 -6.0000 14.0000 2.0000 10.0000 0.1548 0.2309 0.3239 0.1849 0.3518 1.2463 1.8554 3.3554 
8.0000 27.0000 5.0000 -2.0000 0.0000 5.0000 8 -1.0000 1.0000 0.7430 8.0000 0.0000 -8.0000 4.0000 -12.0000 -4.0000 0.2106 0.2853 0.3140 0.2363 0.2103 1.2564 1.8917 3.3990 
8.0000 8.0000 5.0000 -4.0000 0.0000 -7.5000 2 1.0000 1.0000 1.2780 2.0000 -10.0000 -14.0000 6.0000 -6.0000 -2.0000 0.1612 0.3469 0.1653 0.3539 0.2159 1.2432 1.7613 3.2525 
8.0000 17.0000 5.0000 -2.0000 1.0000 -2.5000 2 1.0000 1.0000 1.2010 -12.0000 -4.0000 4.0000 -8.0000 8.0000 0.0000 0.2500 0.2500 0.2500 0.2500 0.2500 1.2500 1.8729 3.3759 
8.0000 20.0000 5.0000 -2.0000 1.0000 5.0000 8 -1.0000 1.0000 0.6090 4.0000 -4.0000 -8.0000 0.0000 -12.0000 8.0000 0.2500 0.2500 0.2500 0.2500 0.2500 1.2500 1.8607 3.3592 
8.0000 64.0000 5.0000 4.0000 0.0000 -7.5000 2 1.0000 1.0000 0.5020 14.0000 2.0000 -2.0000 6.0000 -6.0000 10.0000 0.1595 0.2218 0.3437 0.1639 0.3519 1.2409 1.9276 3.4169 
8.0000 11.0000 5.0000 -4.0000 0.0000 0.0000 8 -1.0000 0.0000 1.4300 2.0000 -6.0000 -14.0000 -2.0000 -10.0000 6.0000 0.1581 0.3216 0.2678 0.3099 0.1932 1.2506 1.7741 3.2766 
8.0000 15.0000 5.0000 -2.0000 1.0000 -7.5000 2 1.0000 1.0000 0.7410 4.0000 -4.0000 -12.0000 0.0000 -8.0000 8.0000 0.2500 0.2500 0.2500 0.2500 0.2500 1.2500 1.8686 3.3592 
8.0000 66.0000 5.0000 4.0000 0.0000 -2.5000 8 -1.0000 0.0000 0.8580 10.0000 2.0000 -6.0000 6.0000 -2.0000 14.0000 0.1968 0.3339 0.2428 0.1727 0.3072 1.2534 1.8208 3.3126 
8.0000 62.0000 5.0000 4.0000 1.0000 5.0000 8 -1.0000 1.0000 0.9370 10.0000 2.0000 -2.0000 6.0000 -6.0000 14.0000 0.2500 0.2500 0.2500 0.2500 0.2500 1.2500 1.9943 3.5093 
8.0000 3.0000 5.0000 -4.0000 1.0000 -2.5000 8 -1.0000 0.0000 0.8920 -10.0000 -2.0000 2.0000 -6.0000 6.0000 -14.0000 0.2500 0.2500 0.2500 0.2500 0.2500 1.2500 1.9999 3.5093 
8.0000 32.0000 5.0000 0.0000 1.0000 0.0000 8 -1.0000 0.0000 1.6310 10.0000 -2.0000 -6.0000 2.0000 -10.0000 6.0000 0.2500 0.2500 0.2500 0.2500 0.2500 1.2500 1.8739 3.3758 
8.0000 21.0000 5.0000 -2.0000 1.0000 7.5000 8 -1.0000 1.0000 0.5430 -12.0000 -4.0000 8.0000 -8.0000 4.0000 0.0000 0.2500 0.2500 0.2500 0.2500 0.2500 1.2500 1.9833 3.4927 
8.0000 54.0000 5.0000 2.0000 0.0000 2.5000 2 1.0000 0.0000 0.9640 12.0000 4.0000 -4.0000 8.0000 -8.0000 0.0000 0.2404 0.3159 0.2820 0.2363 0.1801 1.2547 1.7813 3.2972 
8.0000 25.0000 5.0000 -2.0000 0.0000 0.0000 2 1.0000 0.0000 0.8800 -8.0000 0.0000 8.0000 -4.0000 4.0000 -12.0000 0.1850 0.2940 0.1660 0.2672 0.3301 1.2423 1.9875 3.4848 
8.0000 31.0000 5.0000 0.0000 1.0000 -2.5000 2 1.0000 1.0000 0.8360 -6.0000 6.0000 10.0000 -10.0000 2.0000 -2.0000 0.2500 0.2500 0.2500 0.2500 0.2500 1.2500 1.8357 3.3426 
8.0000 40.0000 5.0000 0.0000 0.0000 2.5000 8 -1.0000 1.0000 2.2480 -10.0000 -2.0000 10.0000 -6.0000 6.0000 2.0000 0.2344 0.3488 0.1869 0.2734 0.2097 1.2532 1.7520 3.2457 
8.0000 10.0000 5.0000 -4.0000 0.0000 -2.5000 2 1.0000 1.0000 1.0750 -10.0000 -2.0000 6.0000 -6.0000 2.0000 -14.0000 0.2907 0.2248 0.1961 0.3101 0.2315 1.2531 1.9301 3.4289 
8.0000 48.0000 5.0000 2.0000 1.0000 5.0000 8 -1.0000 1.0000 3.0410 8.0000 0.0000 -4.0000 4.0000 -8.0000 12.0000 0.2500 0.2500 0.2500 0.2500 0.2500 1.2500 1.8201 3.3091 
8.0000 16.0000 5.0000 -2.0000 1.0000 -5.0000 2 1.0000 1.0000 0.7760 8.0000 0.0000 -12.0000 4.0000 -8.0000 -4.0000 0.2500 0.2500 0.2500 0.2500 0.2500 1.2500 1.8220 3.3091 
8.0000 68.0000 5.0000 4.0000 0.0000 2.5000 8 -1.0000 1.0000 1.2130 -2.0000 10.0000 14.0000 -6.0000 6.0000 2.0000 0.2975 0.1916 0.2574 0.3326 0.1657 1.2449 1.9840 3.4708 
8.0000 26.0000 5.0000 -2.0000 0.0000 2.5000 2 1.0000 0.0000 1.2400 8.0000 -4.0000 -8.0000 0.0000 -12.0000 4.0000 0.1706 0.2411 0.3163 0.1556 0.3591 1.2427 1.9620 3.4686 
8.0000 55.0000 5.0000 2.0000 0.0000 5.0000 8 -1.0000 1.0000 0.9270 8.0000 0.0000 -4.0000 4.0000 -8.0000 12.0000 0.2089 0.3695 0.2090 0.1592 0.2937 1.2402 1.8342 3.3328 
8.0000 13.0000 6.0000 -4.0000 0.0000 5.0000 2 1.0000 0.0000 0.6460 -14.0000 -2.0000 2.0000 -6.0000 6.0000 -10.0000 0.1602 0.3564 0.2478 0.3185 0.1641 1.2471 1.7534 3.2562 
8.0000 50.0000 6.0000 2.0000 0.0000 -7.5000 2 1.0000 1.0000 0.7750 8.0000 0.0000 -4.0000 4.0000 -8.0000 12.0000 0.3361 0.2476 0.1545 0.3472 0.1547 1.2402 1.9737 3.4662 
8.0000 22.0000 6.0000 -2.0000 0.0000 -7.5000 2 1.0000 1.0000 0.8410 8.0000 0.0000 -12.0000 4.0000 -8.0000 -4.0000 0.1532 0.3221 0.2080 0.3580 0.2123 1.2536 1.8158 3.3294 
8.0000 21.0000 6.0000 -2.0000 1.0000 7.5000 8 -1.0000 1.0000 1.2540 -8.0000 4.0000 8.0000 -12.0000 0.0000 -4.0000 0.2500 0.2500 0.2500 0.2500 0.2500 1.2500 1.8466 3.3426 
8.0000 19.0000 6.0000 -2.0000 1.0000 2.5000 2 1.0000 0.0000 1.2930 4.0000 -8.0000 -12.0000 8.0000 -4.0000 0.0000 0.2500 0.2500 0.2500 0.2500 0.2500 1.2500 1.8423 3.3425 
8.0000 54.0000 6.0000 2.0000 0.0000 2.5000 8 -1.0000 1.0000 0.7170 8.0000 -4.0000 -8.0000 12.0000 0.0000 4.0000 0.2872 0.2605 0.1842 0.3385 0.1830 1.2535 1.7622 3.2627 
8.0000 20.0000 6.0000 -2.0000 1.0000 5.0000 8 -1.0000 1.0000 2.7950 -8.0000 4.0000 8.0000 -12.0000 0.0000 -4.0000 0.2500 0.2500 0.2500 0.2500 0.2500 1.2500 1.7975 3.2926 
8.0000 44.0000 6.0000 2.0000 1.0000 -5.0000 2 1.0000 1.0000 0.6620 8.0000 0.0000 -8.0000 4.0000 -4.0000 12.0000 0.2500 0.2500 0.2500 0.2500 0.2500 1.2500 1.7608 3.2592 
8.0000 25.0000 6.0000 -2.0000 0.0000 0.0000 8 -1.0000 0.0000 1.6640 -8.0000 4.0000 8.0000 -12.0000 0.0000 -4.0000 0.3611 0.2628 0.1775 0.2049 0.2413 1.2476 1.8313 3.3234 
8.0000 64.0000 6.0000 4.0000 0.0000 -7.5000 2 1.0000 1.0000 1.1100 14.0000 2.0000 -6.0000 6.0000 -2.0000 10.0000 0.1888 0.3369 0.2396 0.2774 0.1978 1.2405 1.7902 3.2831 
8.0000 69.0000 6.0000 4.0000 0.0000 5.0000 8 -1.0000 1.0000 1.8000 -6.0000 6.0000 10.0000 2.0000 14.0000 -2.0000 0.3708 0.1863 0.3371 0.2126 0.1526 1.2595 1.9172 3.4354 
8.0000 39.0000 6.0000 0.0000 0.0000 0.0000 8 -1.0000 0.0000 1.9180 -10.0000 -2.0000 6.0000 -6.0000 10.0000 2.0000 0.2792 0.2391 0.2064 0.2950 0.2282 1.2479 1.8313 3.3405 
8.0000 30.0000 6.0000 0.0000 1.0000 -5.0000 2 1.0000 1.0000 0.8580 -10.0000 2.0000 10.0000 -2.0000 6.0000 -6.0000 0.2500 0.2500 0.2500 0.2500 0.2500 1.2500 1.8236 3.3259 
8.0000 48.0000 6.0000 2.0000 1.0000 5.0000 8 -1.0000 1.0000 1.2240 -4.0000 4.0000 8.0000 0.0000 12.0000 -8.0000 0.2500 0.2500 0.2500 0.2500 0.2500 1.2500 1.8550 3.3592 
8.0000 36.0000 6.0000 0.0000 0.0000 -7.5000 2 1.0000 1.0000 0.8170 2.0000 -6.0000 -10.0000 10.0000 -2.0000 6.0000 0.1887 0.2329 0.3249 0.1700 0.3338 1.2504 1.9823 3.4765 
8.0000 56.0000 6.0000 2.0000 0.0000 7.5000 8 -1.0000 1.0000 2.0200 8.0000 0.0000 -4.0000 4.0000 -8.0000 12.0000 0.2181 0.2906 0.2135 0.3083 0.2188 1.2493 1.7715 3.2751 
8.0000 49.0000 6.0000 2.0000 1.0000 7.5000 8 -1.0000 1.0000 2.5830 -8.0000 0.0000 8.0000 -4.0000 12.0000 4.0000 0.2500 0.2500 0.2500 0.2500 0.2500 1.2500 1.9614 3.4594 
8.0000 2.0000 6.0000 -4.0000 1.0000 -5.0000 2 1.0000 1.0000 0.7440 -2.0000 -10.0000 -14.0000 6.0000 -6.0000 2.0000 0.2500 0.2500 0.2500 0.2500 0.2500 1.2500 1.7942 3.2925 
8.0000 58.0000 6.0000 4.0000 1.0000 -5.0000 2 1.0000 1.0000 1.0490 -2.0000 10.0000 14.0000 -6.0000 6.0000 2.0000 0.2500 0.2500 0.2500 0.2500 0.2500 1.2500 1.9013 3.3926 
8.0000 35.0000 6.0000 0.0000 1.0000 7.5000 8 -1.0000 1.0000 0.7530 6.0000 -2.0000 -10.0000 2.0000 -6.0000 10.0000 0.2500 0.2500 0.2500 0.2500 0.2500 1.2500 1.8075 3.3092 
8.0000 12.0000 6.0000 -4.0000 0.0000 2.5000 2 1.0000 0.0000 0.6090 -14.0000 -2.0000 2.0000 -6.0000 6.0000 -10.0000 0.2905 0.1685 0.1982 0.2651 0.3249 1.2472 1.9743 3.4563 
8.0000 65.0000 6.0000 4.0000 0.0000 -5.0000 2 1.0000 1.0000 0.6580 -2.0000 10.0000 14.0000 -6.0000 6.0000 2.0000 0.1669 0.3836 0.2170 0.3175 0.1582 1.2432 1.9864 3.4859 
8.0000 11.0000 6.0000 -4.0000 0.0000 0.0000 2 1.0000 0.0000 1.2870 -2.0000 -10.0000 -14.0000 6.0000 -6.0000 2.0000 0.1784 0.2056 0.2832 0.2478 0.3406 1.2556 1.8123 3.3315 
8.0000 26.0000 6.0000 -2.0000 0.0000 2.5000 2 1.0000 0.0000 0.5360 8.0000 -4.0000 -12.0000 0.0000 -8.0000 4.0000 0.2554 0.3041 0.1721 0.3308 0.1855 1.2479 1.7832 3.2903 
8.0000 29.0000 6.0000 0.0000 1.0000 -7.5000 2 1.0000 1.0000 0.8660 2.0000 -6.0000 -10.0000 10.0000 -2.0000 6.0000 0.2500 0.2500 0.2500 0.2500 0.2500 1.2500 1.8618 3.3591 
8.0000 62.0000 6.0000 4.0000 1.0000 5.0000 8 -1.0000 1.0000 0.6780 10.0000 2.0000 -2.0000 6.0000 -6.0000 14.0000 0.2500 0.2500 0.2500 0.2500 0.2500 1.2500 1.9096 3.4092 
8.0000 52.0000 6.0000 2.0000 0.0000 -2.5000 2 1.0000 1.0000 0.6990 -8.0000 4.0000 12.0000 0.0000 8.0000 -4.0000 0.3346 0.1871 0.1538 0.3776 0.1970 1.2502 1.8456 3.3428 
8.0000 68.0000 6.0000 4.0000 0.0000 2.5000 8 -1.0000 1.0000 0.9480 14.0000 2.0000 -6.0000 6.0000 -2.0000 10.0000 0.3756 0.2540 0.1547 0.2936 0.1727 1.2506 1.8800 3.3765 
8.0000 1.0000 6.0000 -4.0000 1.0000 -7.5000 2 1.0000 1.0000 0.6520 6.0000 -2.0000 -10.0000 2.0000 -14.0000 -6.0000 0.2500 0.2500 0.2500 0.2500 0.2500 1.2500 1.9585 3.4592 
8.0000 31.0000 6.0000 0.0000 1.0000 -2.5000 8 -1.0000 0.0000 1.2310 -6.0000 2.0000 10.0000 -2.0000 6.0000 -10.0000 0.2500 0.2500 0.2500 0.2500 0.2500 1.2500 1.9254 3.4259 
8.0000 32.0000 6.0000 0.0000 1.0000 0.0000 8 -1.0000 0.0000 1.1140 -10.0000 -2.0000 10.0000 -6.0000 6.0000 2.0000 0.2500 0.2500 0.2500 0.2500 0.2500 1.2500 1.9312 3.4258 
8.0000 47.0000 6.0000 2.0000 1.0000 2.5000 8 -1.0000 1.0000 0.7380 12.0000 0.0000 -4.0000 4.0000 -8.0000 8.0000 0.2500 0.2500 0.2500 0.2500 0.2500 1.2500 1.9794 3.4759 
8.0000 40.0000 6.0000 0.0000 0.0000 2.5000 8 -1.0000 1.0000 0.4130 6.0000 -2.0000 -6.0000 2.0000 -10.0000 10.0000 0.2279 0.1766 0.2081 0.3558 0.2748 1.2431 1.8579 3.3523 
8.0000 60.0000 6.0000 4.0000 1.0000 0.0000 8 -1.0000 0.0000 1.2900 14.0000 6.0000 -2.0000 10.0000 -6.0000 2.0000 0.2500 0.2500 0.2500 0.2500 0.2500 1.2500 1.8483 3.3592 
8.0000 16.0000 6.0000 -2.0000 1.0000 -5.0000 2 1.0000 1.0000 0.8020 8.0000 -4.0000 -12.0000 0.0000 -8.0000 4.0000 0.2500 0.2500 0.2500 0.2500 0.2500 1.2500 1.9295 3.4425 
8.0000 4.0000 6.0000 -4.0000 1.0000 0.0000 2 1.0000 0.0000 1.6210 -6.0000 2.0000 6.0000 -14.0000 -2.0000 -10.0000 0.2500 0.2500 0.2500 0.2500 0.2500 1.2500 1.7754 3.2757 
8.0000 38.0000 6.0000 0.0000 0.0000 -2.5000 2 1.0000 1.0000 1.8980 -10.0000 2.0000 10.0000 -2.0000 6.0000 -6.0000 0.3316 0.1898 0.2494 0.1844 0.2979 1.2531 1.8914 3.3957 
8.0000 28.0000 6.0000 -2.0000 0.0000 7.5000 2 1.0000 0.0000 1.0720 -12.0000 0.0000 8.0000 -4.0000 4.0000 -8.0000 0.1698 0.3724 0.1819 0.3633 0.1723 1.2597 1.7640 3.2688 
8.0000 46.0000 6.0000 2.0000 1.0000 0.0000 2 1.0000 0.0000 0.7700 8.0000 -4.0000 -8.0000 12.0000 0.0000 4.0000 0.2500 0.2500 0.2500 0.2500 0.2500 1.2500 1.9857 3.4926 
8.0000 57.0000 6.0000 4.0000 1.0000 -7.5000 2 1.0000 1.0000 0.5830 10.0000 2.0000 -6.0000 6.0000 -2.0000 14.0000 0.2500 0.2500 0.2500 0.2500 0.2500 1.2500 1.9408 3.4427 
8.0000 7.0000 6.0000 -4.0000 1.0000 7.5000 8 -1.0000 1.0000 0.8110 -14.0000 -2.0000 6.0000 -6.0000 2.0000 -10.0000 0.2500 0.2500 0.2500 0.2500 0.2500 1.2500 1.7759 3.2758 
8.0000 18.0000 6.0000 -2.0000 1.0000 0.0000 8 -1.0000 0.0000 1.6770 -12.0000 0.0000 4.0000 -4.0000 8.0000 -8.0000 0.2500 0.2500 0.2500 0.2500 0.2500 1.2500 1.9929 3.4925 
8.0000 43.0000 6.0000 2.0000 1.0000 -7.5000 2 1.0000 1.0000 0.5450 12.0000 4.0000 -8.0000 8.0000 -4.0000 0.0000 0.2500 0.2500 0.2500 0.2500 0.2500 1.2500 1.8847 3.3759 
8.0000 67.0000 6.0000 4.0000 0.0000 0.0000 8 -1.0000 0.0000 0.7440 10.0000 2.0000 -6.0000 6.0000 -2.0000 14.0000 0.2069 0.1792 0.3755 0.1860 0.3035 1.2511 1.9654 3.4604 
8.0000 9.0000 6.0000 -4.0000 0.0000 -5.0000 2 1.0000 1.0000 0.7800 2.0000 -6.0000 -10.0000 -2.0000 -14.0000 6.0000 0.2364 0.2979 0.2477 0.2059 0.2703 1.2582 1.8174 3.3174 
8.0000 10.0000 6.0000 -4.0000 0.0000 -2.5000 2 1.0000 1.0000 1.0240 6.0000 -2.0000 -14.0000 2.0000 -10.0000 -6.0000 0.3463 0.3022 0.1587 0.1931 0.2422 1.2424 1.9839 3.4852 
8.0000 37.0000 6.0000 0.0000 0.0000 -5.0000 8 -1.0000 0.0000 1.1970 10.0000 -2.0000 -10.0000 2.0000 -6.0000 6.0000 0.3314 0.2243 0.2744 0.2321 0.1872 1.2495 1.8778 3.3921 
8.0000 41.0000 6.0000 0.0000 0.0000 5.0000 2 1.0000 0.0000 1.9580 10.0000 2.0000 -10.0000 6.0000 -6.0000 -2.0000 0.3828 0.1716 0.2337 0.2045 0.2647 1.2573 1.8199 3.3333 
8.0000 27.0000 6.0000 -2.0000 0.0000 5.0000 8 -1.0000 1.0000 1.1380 -4.0000 4.0000 8.0000 -12.0000 0.0000 -8.0000 0.3089 0.1543 0.3878 0.1897 0.2152 1.2558 1.9285 3.4317 
8.0000 15.0000 6.0000 -2.0000 1.0000 -7.5000 2 1.0000 1.0000 0.7180 -12.0000 0.0000 8.0000 -4.0000 4.0000 -8.0000 0.2500 0.2500 0.2500 0.2500 0.2500 1.2500 1.8503 3.3592 
8.0000 51.0000 6.0000 2.0000 0.0000 -5.0000 2 1.0000 1.0000 1.1980 -8.0000 0.0000 8.0000 -4.0000 12.0000 4.0000 0.2563 0.3209 0.2509 0.1749 0.2379 1.2409 1.9471 3.4336 
8.0000 5.0000 6.0000 -4.0000 1.0000 2.5000 8 -1.0000 1.0000 1.8090 -6.0000 2.0000 6.0000 -14.0000 -2.0000 -10.0000 0.2500 0.2500 0.2500 0.2500 0.2500 1.2500 1.9362 3.4426 
8.0000 70.0000 6.0000 4.0000 0.0000 7.5000 8 -1.0000 1.0000 1.6030 -2.0000 6.0000 14.0000 2.0000 10.0000 -6.0000 0.2757 0.1507 0.3782 0.2589 0.1864 1.2499 1.9980 3.4925 
8.0000 3.0000 6.0000 -4.0000 1.0000 -2.5000 8 -1.0000 0.0000 1.8640 6.0000 -6.0000 -14.0000 -2.0000 -10.0000 2.0000 0.2500 0.2500 0.2500 0.2500 0.2500 1.2500 1.9692 3.4592 
8.0000 8.0000 6.0000 -4.0000 0.0000 -7.5000 2 1.0000 1.0000 0.5980 -10.0000 -2.0000 2.0000 -6.0000 6.0000 -14.0000 0.1849 0.2324 0.3604 0.2000 0.2789 1.2566 1.8296 3.3325 
8.0000 17.0000 6.0000 -2.0000 1.0000 -2.5000 2 1.0000 1.0000 1.7380 4.0000 -4.0000 -12.0000 0.0000 -8.0000 8.0000 0.2500 0.2500 0.2500 0.2500 0.2500 1.2500 1.9665 3.4591 
8.0000 59.0000 6.0000 4.0000 1.0000 -2.5000 2 1.0000 1.0000 1.4390 14.0000 6.0000 -6.0000 10.0000 -2.0000 2.0000 0.2500 0.2500 0.2500 0.2500 0.2500 1.2500 1.9586 3.4594 
8.0000 34.0000 6.0000 0.0000 1.0000 5.0000 8 -1.0000 1.0000 1.2260 -6.0000 2.0000 6.0000 -2.0000 10.0000 -10.0000 0.2500 0.2500 0.2500 0.2500 0.2500 1.2500 1.8992 3.4092 
8.0000 45.0000 6.0000 2.0000 1.0000 -2.5000 2 1.0000 1.0000 2.6550 12.0000 0.0000 -4.0000 4.0000 -8.0000 8.0000 0.2500 0.2500 0.2500 0.2500 0.2500 1.2500 1.8710 3.3760 
8.0000 33.0000 6.0000 0.0000 1.0000 2.5000 8 -1.0000 1.0000 1.6300 -10.0000 2.0000 6.0000 -2.0000 10.0000 -6.0000 0.2500 0.2500 0.2500 0.2500 0.2500 1.2500 1.8380 3.3425 
8.0000 42.0000 6.0000 0.0000 0.0000 7.5000 8 -1.0000 1.0000 1.5650 10.0000 2.0000 -6.0000 6.0000 -10.0000 -2.0000 0.1823 0.3295 0.2025 0.3943 0.1500 1.2586 1.8439 3.3511 
8.0000 23.0000 6.0000 -2.0000 0.0000 -5.0000 2 1.0000 1.0000 1.0410 -12.0000 0.0000 4.0000 -4.0000 8.0000 -8.0000 0.1675 0.2066 0.3845 0.2016 0.2866 1.2468 1.9321 3.4227 
8.0000 24.0000 6.0000 -2.0000 0.0000 -2.5000 2 1.0000 1.0000 1.0880 8.0000 0.0000 -8.0000 4.0000 -12.0000 -4.0000 0.1882 0.3409 0.1617 0.3944 0.1558 1.2411 1.8838 3.3670 
8.0000 14.0000 6.0000 -4.0000 0.0000 7.5000 8 -1.0000 1.0000 0.7530 -14.0000 -6.0000 2.0000 -10.0000 6.0000 -2.0000 0.2490 0.1682 0.2047 0.2359 0.3827 1.2406 1.9540 3.4497 
8.0000 63.0000 6.0000 4.0000 1.0000 7.5000 8 -1.0000 1.0000 1.1720 -6.0000 2.0000 10.0000 -2.0000 14.0000 6.0000 0.2500 0.2500 0.2500 0.2500 0.2500 1.2500 1.8211 3.3258 
8.0000 6.0000 6.0000 -4.0000 1.0000 5.0000 8 -1.0000 1.0000 1.5240 -14.0000 -6.0000 6.0000 -10.0000 2.0000 -2.0000 0.2500 0.2500 0.2500 0.2500 0.2500 1.2500 1.9179 3.4093 
8.0000 66.0000 6.0000 4.0000 0.0000 -2.5000 2 1.0000 1.0000 1.7770 6.0000 -2.0000 -6.0000 14.0000 2.0000 10.0000 0.2730 0.2145 0.3309 0.1634 0.2612 1.2430 1.8175 3.3022 
8.0000 61.0000 6.0000 4.0000 1.0000 2.5000 8 -1.0000 1.0000 0.7600 14.0000 2.0000 -2.0000 6.0000 -6.0000 10.0000 0.2500 0.2500 0.2500 0.2500 0.2500 1.2500 1.9049 3.4093 
8.0000 55.0000 6.0000 2.0000 0.0000 5.0000 8 -1.0000 1.0000 0.7330 8.0000 -4.0000 -8.0000 12.0000 0.0000 4.0000 0.2291 0.1610 0.2480 0.2879 0.3214 1.2474 1.9126 3.4233 
8.0000 53.0000 6.0000 2.0000 0.0000 0.0000 2 1.0000 0.0000 0.7930 -4.0000 8.0000 12.0000 -8.0000 4.0000 0.0000 0.1748 0.2524 0.2168 0.2855 0.3291 1.2586 1.9877 3.5011 
