subNo index block mean periodicity testLevel pressedKey answer isCorrect rt s1 s2 s3 s4 s5 s6 t1 t2 t3 t4 t5 seqDuration startInterval trialDuration 
13.0000 11.0000 1.0000 -4.0000 0.0000 0.0000 8 1.0000 0.0000 1.0380 2.0000 -10.0000 -14.0000 6.0000 -6.0000 -2.0000 0.1995 0.3151 0.2475 0.2908 0.1945 1.2474 1.8320 3.3232 
13.0000 56.0000 1.0000 2.0000 0.0000 7.5000 2 -1.0000 1.0000 1.8300 0.0000 8.0000 12.0000 -8.0000 4.0000 -4.0000 0.1696 0.2051 0.2910 0.3708 0.2195 1.2561 1.7752 3.2820 
13.0000 30.0000 1.0000 0.0000 1.0000 -5.0000 8 1.0000 1.0000 0.9250 10.0000 -2.0000 -6.0000 2.0000 -10.0000 6.0000 0.2500 0.2500 0.2500 0.2500 0.2500 1.2500 1.7793 3.2926 
13.0000 46.0000 1.0000 2.0000 1.0000 0.0000 8 1.0000 0.0000 2.7560 -8.0000 4.0000 8.0000 0.0000 12.0000 -4.0000 0.2500 0.2500 0.2500 0.2500 0.2500 1.2500 1.9655 3.4760 
13.0000 27.0000 1.0000 -2.0000 0.0000 5.0000 2 -1.0000 1.0000 1.3510 -4.0000 4.0000 8.0000 -12.0000 0.0000 -8.0000 0.2033 0.3005 0.3762 0.1704 0.2039 1.2542 1.7730 3.2801 
13.0000 14.0000 1.0000 -4.0000 0.0000 7.5000 2 -1.0000 1.0000 0.9690 2.0000 -6.0000 -14.0000 -2.0000 -10.0000 6.0000 0.2431 0.3343 0.1711 0.3099 0.1894 1.2477 1.8304 3.3236 
13.0000 63.0000 1.0000 4.0000 1.0000 7.5000 2 -1.0000 1.0000 0.8950 10.0000 -2.0000 -6.0000 14.0000 2.0000 6.0000 0.2500 0.2500 0.2500 0.2500 0.2500 1.2500 1.9645 3.4592 
13.0000 36.0000 1.0000 0.0000 0.0000 -7.5000 8 1.0000 1.0000 0.6350 10.0000 2.0000 -10.0000 6.0000 -6.0000 -2.0000 0.2058 0.1778 0.3184 0.3886 0.1536 1.2442 1.8476 3.3367 
13.0000 13.0000 1.0000 -4.0000 0.0000 5.0000 2 -1.0000 1.0000 1.5900 -10.0000 -2.0000 2.0000 -6.0000 6.0000 -14.0000 0.2528 0.1753 0.2367 0.3350 0.2566 1.2563 1.9483 3.4488 
13.0000 9.0000 1.0000 -4.0000 0.0000 -5.0000 8 1.0000 1.0000 1.1880 2.0000 -6.0000 -10.0000 -2.0000 -14.0000 6.0000 0.2127 0.2604 0.3137 0.2637 0.1971 1.2477 1.9054 3.4069 
13.0000 40.0000 1.0000 0.0000 0.0000 2.5000 2 -1.0000 1.0000 1.1430 -10.0000 -2.0000 6.0000 -6.0000 10.0000 2.0000 0.2190 0.2821 0.1897 0.2288 0.3235 1.2431 1.8158 3.3024 
13.0000 29.0000 1.0000 0.0000 1.0000 -7.5000 8 1.0000 1.0000 1.0070 -10.0000 -2.0000 6.0000 -6.0000 10.0000 2.0000 0.2500 0.2500 0.2500 0.2500 0.2500 1.2500 1.9904 3.4759 
13.0000 24.0000 1.0000 -2.0000 0.0000 -2.5000 8 1.0000 1.0000 3.8920 -8.0000 0.0000 8.0000 -4.0000 4.0000 -12.0000 0.3420 0.2515 0.1691 0.1963 0.2999 1.2587 1.8904 3.4013 
13.0000 57.0000 1.0000 4.0000 1.0000 -7.5000 8 1.0000 1.0000 1.2380 10.0000 2.0000 -2.0000 6.0000 -6.0000 14.0000 0.2500 0.2500 0.2500 0.2500 0.2500 1.2500 1.8752 3.3759 
13.0000 59.0000 1.0000 4.0000 1.0000 -2.5000 2 -1.0000 0.0000 2.3810 2.0000 10.0000 14.0000 -6.0000 6.0000 -2.0000 0.2500 0.2500 0.2500 0.2500 0.2500 1.2500 1.8135 3.3260 
13.0000 62.0000 1.0000 4.0000 1.0000 5.0000 2 -1.0000 1.0000 0.8150 -2.0000 6.0000 14.0000 2.0000 10.0000 -6.0000 0.2500 0.2500 0.2500 0.2500 0.2500 1.2500 1.9949 3.4927 
13.0000 21.0000 1.0000 -2.0000 1.0000 7.5000 2 -1.0000 1.0000 1.1610 -4.0000 4.0000 8.0000 -12.0000 0.0000 -8.0000 0.2500 0.2500 0.2500 0.2500 0.2500 1.2500 1.9809 3.4760 
13.0000 70.0000 1.0000 4.0000 0.0000 7.5000 2 -1.0000 1.0000 0.9390 10.0000 2.0000 -6.0000 6.0000 -2.0000 14.0000 0.2599 0.1974 0.2442 0.2165 0.3332 1.2513 1.8272 3.3272 
13.0000 41.0000 1.0000 0.0000 0.0000 5.0000 2 -1.0000 1.0000 1.5690 10.0000 2.0000 -10.0000 6.0000 -6.0000 -2.0000 0.2392 0.1622 0.3700 0.3022 0.1666 1.2403 1.8073 3.2995 
13.0000 1.0000 1.0000 -4.0000 1.0000 -7.5000 8 1.0000 1.0000 1.2480 -2.0000 -10.0000 -14.0000 6.0000 -6.0000 2.0000 0.2500 0.2500 0.2500 0.2500 0.2500 1.2500 1.8560 3.3593 
13.0000 67.0000 1.0000 4.0000 0.0000 0.0000 2 -1.0000 0.0000 4.6310 -6.0000 6.0000 10.0000 2.0000 14.0000 -2.0000 0.1991 0.2836 0.1514 0.2193 0.3961 1.2495 1.8472 3.3422 
13.0000 68.0000 1.0000 4.0000 0.0000 2.5000 2 -1.0000 1.0000 4.3860 -6.0000 2.0000 14.0000 -2.0000 10.0000 6.0000 0.2232 0.1737 0.2981 0.1655 0.3944 1.2550 1.9271 3.4310 
13.0000 8.0000 1.0000 -4.0000 0.0000 -7.5000 8 1.0000 1.0000 1.7460 6.0000 -6.0000 -14.0000 -2.0000 -10.0000 2.0000 0.3217 0.2067 0.3654 0.1997 0.1573 1.2508 1.7788 3.2932 
13.0000 15.0000 1.0000 -2.0000 1.0000 -7.5000 8 1.0000 1.0000 0.9110 -8.0000 4.0000 8.0000 -12.0000 0.0000 -4.0000 0.2500 0.2500 0.2500 0.2500 0.2500 1.2500 1.7541 3.2592 
13.0000 55.0000 1.0000 2.0000 0.0000 5.0000 2 -1.0000 1.0000 0.8260 12.0000 0.0000 -8.0000 4.0000 -4.0000 8.0000 0.2185 0.1785 0.3005 0.3881 0.1618 1.2473 1.8471 3.3566 
13.0000 2.0000 1.0000 -4.0000 1.0000 -5.0000 8 1.0000 1.0000 0.9020 -6.0000 2.0000 6.0000 -14.0000 -2.0000 -10.0000 0.2500 0.2500 0.2500 0.2500 0.2500 1.2500 1.9462 3.4426 
13.0000 31.0000 1.0000 0.0000 1.0000 -2.5000 8 1.0000 1.0000 2.5440 10.0000 -2.0000 -6.0000 2.0000 -10.0000 6.0000 0.2500 0.2500 0.2500 0.2500 0.2500 1.2500 1.8855 3.3925 
13.0000 48.0000 1.0000 2.0000 1.0000 5.0000 2 -1.0000 1.0000 1.3000 -4.0000 4.0000 8.0000 0.0000 12.0000 -8.0000 0.2500 0.2500 0.2500 0.2500 0.2500 1.2500 1.7860 3.2926 
13.0000 20.0000 1.0000 -2.0000 1.0000 5.0000 2 -1.0000 1.0000 2.3550 8.0000 -4.0000 -8.0000 0.0000 -12.0000 4.0000 0.2500 0.2500 0.2500 0.2500 0.2500 1.2500 1.9630 3.4592 
13.0000 12.0000 1.0000 -4.0000 0.0000 2.5000 8 1.0000 0.0000 3.0230 6.0000 -6.0000 -14.0000 -2.0000 -10.0000 2.0000 0.3869 0.1994 0.1547 0.2800 0.2254 1.2464 1.9720 3.4724 
13.0000 25.0000 1.0000 -2.0000 0.0000 0.0000 8 1.0000 0.0000 2.5030 8.0000 0.0000 -8.0000 4.0000 -12.0000 -4.0000 0.2412 0.2840 0.1687 0.2394 0.3073 1.2407 1.8754 3.3665 
13.0000 34.0000 1.0000 0.0000 1.0000 5.0000 2 -1.0000 1.0000 0.7270 10.0000 -2.0000 -10.0000 2.0000 -6.0000 6.0000 0.2500 0.2500 0.2500 0.2500 0.2500 1.2500 1.9027 3.3925 
13.0000 16.0000 1.0000 -2.0000 1.0000 -5.0000 8 1.0000 1.0000 0.6900 4.0000 -4.0000 -8.0000 0.0000 -12.0000 8.0000 0.2500 0.2500 0.2500 0.2500 0.2500 1.2500 1.8637 3.3592 
13.0000 7.0000 1.0000 -4.0000 1.0000 7.5000 2 -1.0000 1.0000 1.1340 -10.0000 -2.0000 2.0000 -6.0000 6.0000 -14.0000 0.2500 0.2500 0.2500 0.2500 0.2500 1.2500 1.8246 3.3259 
13.0000 28.0000 1.0000 -2.0000 0.0000 7.5000 2 -1.0000 1.0000 0.9000 -12.0000 0.0000 4.0000 -4.0000 8.0000 -8.0000 0.2592 0.2246 0.3692 0.2352 0.1524 1.2406 1.7877 3.2831 
13.0000 64.0000 1.0000 4.0000 0.0000 -7.5000 8 1.0000 1.0000 2.7990 -6.0000 2.0000 14.0000 -2.0000 10.0000 6.0000 0.1729 0.3474 0.1772 0.2224 0.3353 1.2551 1.8313 3.3477 
13.0000 45.0000 1.0000 2.0000 1.0000 -2.5000 8 1.0000 1.0000 3.3870 12.0000 4.0000 -4.0000 8.0000 -8.0000 0.0000 0.2500 0.2500 0.2500 0.2500 0.2500 1.2500 1.9755 3.4759 
13.0000 32.0000 1.0000 0.0000 1.0000 0.0000 2 -1.0000 0.0000 2.8890 10.0000 2.0000 -10.0000 6.0000 -6.0000 -2.0000 0.2500 0.2500 0.2500 0.2500 0.2500 1.2500 1.8515 3.3591 
13.0000 3.0000 1.0000 -4.0000 1.0000 -2.5000 8 1.0000 1.0000 0.7250 6.0000 -6.0000 -14.0000 -2.0000 -10.0000 2.0000 0.2500 0.2500 0.2500 0.2500 0.2500 1.2500 1.8514 3.3425 
13.0000 60.0000 1.0000 4.0000 1.0000 0.0000 2 -1.0000 0.0000 4.1210 -6.0000 2.0000 14.0000 -2.0000 10.0000 6.0000 0.2500 0.2500 0.2500 0.2500 0.2500 1.2500 1.8399 3.3424 
13.0000 26.0000 1.0000 -2.0000 0.0000 2.5000 8 1.0000 0.0000 4.9030 -8.0000 0.0000 4.0000 -4.0000 8.0000 -12.0000 0.2796 0.1525 0.3280 0.2289 0.2639 1.2530 1.9428 3.4456 
13.0000 37.0000 1.0000 0.0000 0.0000 -5.0000 8 1.0000 1.0000 1.4520 10.0000 -2.0000 -6.0000 2.0000 -10.0000 6.0000 0.3238 0.2266 0.1762 0.3538 0.1687 1.2491 1.8232 3.3083 
13.0000 23.0000 1.0000 -2.0000 0.0000 -5.0000 8 1.0000 1.0000 0.9040 -12.0000 -4.0000 8.0000 -8.0000 4.0000 0.0000 0.2124 0.1683 0.2542 0.3333 0.2763 1.2445 1.8300 3.3369 
13.0000 69.0000 1.0000 4.0000 0.0000 5.0000 2 -1.0000 1.0000 0.9390 14.0000 6.0000 -2.0000 10.0000 -6.0000 2.0000 0.2207 0.2611 0.2022 0.3803 0.1824 1.2467 1.8835 3.3893 
13.0000 44.0000 1.0000 2.0000 1.0000 -5.0000 8 1.0000 1.0000 3.6800 -4.0000 8.0000 12.0000 -8.0000 4.0000 0.0000 0.2500 0.2500 0.2500 0.2500 0.2500 1.2500 1.9796 3.4926 
13.0000 38.0000 1.0000 0.0000 0.0000 -2.5000 8 1.0000 1.0000 2.2370 10.0000 -2.0000 -10.0000 2.0000 -6.0000 6.0000 0.2445 0.3506 0.1659 0.2323 0.2659 1.2592 1.7803 3.2849 
13.0000 66.0000 1.0000 4.0000 0.0000 -2.5000 2 -1.0000 0.0000 2.3480 -6.0000 6.0000 14.0000 2.0000 10.0000 -2.0000 0.2460 0.2740 0.1879 0.2490 0.2836 1.2405 1.8602 3.3497 
13.0000 19.0000 1.0000 -2.0000 1.0000 2.5000 8 1.0000 0.0000 2.8290 -8.0000 4.0000 8.0000 -12.0000 0.0000 -4.0000 0.2500 0.2500 0.2500 0.2500 0.2500 1.2500 1.8621 3.3593 
13.0000 6.0000 1.0000 -4.0000 1.0000 5.0000 8 1.0000 0.0000 3.4330 -10.0000 -2.0000 6.0000 -6.0000 2.0000 -14.0000 0.2500 0.2500 0.2500 0.2500 0.2500 1.2500 1.9147 3.4092 
13.0000 65.0000 1.0000 4.0000 0.0000 -5.0000 8 1.0000 1.0000 3.2380 6.0000 -2.0000 -6.0000 14.0000 2.0000 10.0000 0.1831 0.2998 0.1964 0.3588 0.2132 1.2512 1.8304 3.3270 
13.0000 52.0000 1.0000 2.0000 0.0000 -2.5000 8 1.0000 1.0000 1.4160 -8.0000 4.0000 12.0000 0.0000 8.0000 -4.0000 0.1983 0.1553 0.2057 0.3790 0.3152 1.2535 1.9287 3.4294 
13.0000 10.0000 1.0000 -4.0000 0.0000 -2.5000 8 1.0000 1.0000 0.9240 6.0000 -6.0000 -14.0000 -2.0000 -10.0000 2.0000 0.2412 0.3862 0.1801 0.2394 0.1954 1.2423 1.9306 3.4349 
13.0000 47.0000 1.0000 2.0000 1.0000 2.5000 2 -1.0000 1.0000 2.8580 -4.0000 4.0000 8.0000 0.0000 12.0000 -8.0000 0.2500 0.2500 0.2500 0.2500 0.2500 1.2500 1.7532 3.2591 
13.0000 50.0000 1.0000 2.0000 0.0000 -7.5000 8 1.0000 1.0000 0.7820 8.0000 -4.0000 -8.0000 12.0000 0.0000 4.0000 0.2413 0.1873 0.3471 0.2931 0.1736 1.2424 1.9050 3.4018 
13.0000 17.0000 1.0000 -2.0000 1.0000 -2.5000 8 1.0000 1.0000 1.7110 0.0000 -8.0000 -12.0000 8.0000 -4.0000 4.0000 0.2500 0.2500 0.2500 0.2500 0.2500 1.2500 1.8520 3.3591 
13.0000 42.0000 1.0000 0.0000 0.0000 7.5000 2 -1.0000 1.0000 1.5660 -10.0000 2.0000 10.0000 -2.0000 6.0000 -6.0000 0.1524 0.2429 0.1572 0.2945 0.3934 1.2404 1.8977 3.3830 
13.0000 22.0000 1.0000 -2.0000 0.0000 -7.5000 8 1.0000 1.0000 1.2390 4.0000 -4.0000 -8.0000 0.0000 -12.0000 8.0000 0.3542 0.2684 0.1914 0.2311 0.2020 1.2470 1.8781 3.3728 
13.0000 61.0000 1.0000 4.0000 1.0000 2.5000 2 -1.0000 1.0000 1.0350 -2.0000 6.0000 14.0000 2.0000 10.0000 -6.0000 0.2500 0.2500 0.2500 0.2500 0.2500 1.2500 1.8952 3.3925 
13.0000 53.0000 1.0000 2.0000 0.0000 0.0000 2 -1.0000 0.0000 4.2560 -4.0000 4.0000 12.0000 0.0000 8.0000 -8.0000 0.3557 0.1509 0.1820 0.3415 0.2232 1.2533 1.9310 3.4292 
13.0000 33.0000 1.0000 0.0000 1.0000 2.5000 2 -1.0000 1.0000 1.1730 -10.0000 -2.0000 6.0000 -6.0000 10.0000 2.0000 0.2500 0.2500 0.2500 0.2500 0.2500 1.2500 1.8511 3.3425 
13.0000 58.0000 1.0000 4.0000 1.0000 -5.0000 8 1.0000 1.0000 1.3260 -2.0000 6.0000 14.0000 2.0000 10.0000 -6.0000 0.2500 0.2500 0.2500 0.2500 0.2500 1.2500 1.8176 3.3092 
13.0000 4.0000 1.0000 -4.0000 1.0000 0.0000 8 1.0000 0.0000 0.8710 -10.0000 -2.0000 6.0000 -6.0000 2.0000 -14.0000 0.2500 0.2500 0.2500 0.2500 0.2500 1.2500 1.7720 3.2591 
13.0000 43.0000 1.0000 2.0000 1.0000 -7.5000 8 1.0000 1.0000 0.8650 12.0000 4.0000 -8.0000 8.0000 -4.0000 0.0000 0.2500 0.2500 0.2500 0.2500 0.2500 1.2500 1.9116 3.4258 
13.0000 49.0000 1.0000 2.0000 1.0000 7.5000 2 -1.0000 1.0000 0.5990 -8.0000 4.0000 12.0000 0.0000 8.0000 -4.0000 0.2500 0.2500 0.2500 0.2500 0.2500 1.2500 1.7841 3.2926 
13.0000 51.0000 1.0000 2.0000 0.0000 -5.0000 8 1.0000 1.0000 1.2300 -8.0000 0.0000 8.0000 -4.0000 12.0000 4.0000 0.3259 0.1748 0.3356 0.2370 0.1856 1.2589 1.8734 3.3848 
13.0000 54.0000 1.0000 2.0000 0.0000 2.5000 2 -1.0000 1.0000 0.7270 -8.0000 4.0000 8.0000 0.0000 12.0000 -4.0000 0.2262 0.1712 0.2068 0.3919 0.2586 1.2547 1.9488 3.4641 
13.0000 39.0000 1.0000 0.0000 0.0000 0.0000 2 -1.0000 0.0000 3.5000 -2.0000 6.0000 10.0000 -10.0000 2.0000 -6.0000 0.1591 0.3431 0.1676 0.2534 0.3263 1.2495 1.7947 3.2921 
13.0000 18.0000 1.0000 -2.0000 1.0000 0.0000 8 1.0000 0.0000 3.9150 -12.0000 0.0000 4.0000 -4.0000 8.0000 -8.0000 0.2500 0.2500 0.2500 0.2500 0.2500 1.2500 1.9453 3.4425 
13.0000 5.0000 1.0000 -4.0000 1.0000 2.5000 2 -1.0000 1.0000 1.8650 -2.0000 -10.0000 -14.0000 6.0000 -6.0000 2.0000 0.2500 0.2500 0.2500 0.2500 0.2500 1.2500 1.9302 3.4259 
13.0000 35.0000 1.0000 0.0000 1.0000 7.5000 2 -1.0000 1.0000 0.7090 10.0000 -2.0000 -6.0000 2.0000 -10.0000 6.0000 0.2500 0.2500 0.2500 0.2500 0.2500 1.2500 1.9142 3.4092 
13.0000 23.0000 2.0000 -2.0000 0.0000 -5.0000 8 1.0000 1.0000 1.0220 8.0000 0.0000 -8.0000 4.0000 -12.0000 -4.0000 0.1956 0.3341 0.2523 0.1945 0.2669 1.2435 1.9327 3.4194 
13.0000 8.0000 2.0000 -4.0000 0.0000 -7.5000 8 1.0000 1.0000 0.7140 -10.0000 2.0000 6.0000 -14.0000 -2.0000 -6.0000 0.2971 0.2002 0.3144 0.1617 0.2675 1.2408 1.8115 3.3000 
13.0000 67.0000 2.0000 4.0000 0.0000 0.0000 8 1.0000 0.0000 4.9420 10.0000 2.0000 -2.0000 6.0000 -6.0000 14.0000 0.3201 0.2853 0.1654 0.2880 0.2000 1.2588 1.8193 3.3179 
13.0000 40.0000 2.0000 0.0000 0.0000 2.5000 8 1.0000 0.0000 1.5650 6.0000 -6.0000 -10.0000 10.0000 -2.0000 2.0000 0.1705 0.3060 0.2439 0.3722 0.1561 1.2487 1.8933 3.3912 
13.0000 27.0000 2.0000 -2.0000 0.0000 5.0000 2 -1.0000 1.0000 1.7450 4.0000 -4.0000 -8.0000 0.0000 -12.0000 8.0000 0.1875 0.3894 0.2365 0.1938 0.2475 1.2547 1.9551 3.4639 
13.0000 63.0000 2.0000 4.0000 1.0000 7.5000 2 -1.0000 1.0000 1.2690 14.0000 6.0000 -6.0000 10.0000 -2.0000 2.0000 0.2500 0.2500 0.2500 0.2500 0.2500 1.2500 1.7924 3.2926 
13.0000 3.0000 2.0000 -4.0000 1.0000 -2.5000 8 1.0000 1.0000 1.1260 2.0000 -6.0000 -10.0000 -2.0000 -14.0000 6.0000 0.2500 0.2500 0.2500 0.2500 0.2500 1.2500 1.9567 3.4593 
13.0000 15.0000 2.0000 -2.0000 1.0000 -7.5000 8 1.0000 1.0000 0.6700 8.0000 -4.0000 -8.0000 0.0000 -12.0000 4.0000 0.2500 0.2500 0.2500 0.2500 0.2500 1.2500 1.9067 3.4092 
13.0000 33.0000 2.0000 0.0000 1.0000 2.5000 2 -1.0000 1.0000 2.0920 10.0000 2.0000 -10.0000 6.0000 -6.0000 -2.0000 0.2500 0.2500 0.2500 0.2500 0.2500 1.2500 1.8449 3.3426 
13.0000 7.0000 2.0000 -4.0000 1.0000 7.5000 2 -1.0000 1.0000 0.6810 2.0000 -10.0000 -14.0000 6.0000 -6.0000 -2.0000 0.2500 0.2500 0.2500 0.2500 0.2500 1.2500 1.8406 3.3425 
13.0000 62.0000 2.0000 4.0000 1.0000 5.0000 2 -1.0000 1.0000 0.6930 -6.0000 6.0000 10.0000 2.0000 14.0000 -2.0000 0.2500 0.2500 0.2500 0.2500 0.2500 1.2500 1.8489 3.3425 
13.0000 60.0000 2.0000 4.0000 1.0000 0.0000 2 -1.0000 0.0000 1.0110 -2.0000 6.0000 10.0000 2.0000 14.0000 -6.0000 0.2500 0.2500 0.2500 0.2500 0.2500 1.2500 1.8413 3.3425 
13.0000 46.0000 2.0000 2.0000 1.0000 0.0000 2 -1.0000 0.0000 3.0490 -4.0000 4.0000 12.0000 0.0000 8.0000 -8.0000 0.2500 0.2500 0.2500 0.2500 0.2500 1.2500 1.9060 3.3925 
13.0000 9.0000 2.0000 -4.0000 0.0000 -5.0000 8 1.0000 1.0000 1.1070 -2.0000 -10.0000 -14.0000 6.0000 -6.0000 2.0000 0.1934 0.3356 0.1689 0.3680 0.1926 1.2586 1.9354 3.4511 
13.0000 51.0000 2.0000 2.0000 0.0000 -5.0000 8 1.0000 1.0000 1.4630 -4.0000 4.0000 12.0000 0.0000 8.0000 -8.0000 0.1504 0.3426 0.3020 0.1760 0.2702 1.2413 1.8566 3.3504 
13.0000 25.0000 2.0000 -2.0000 0.0000 0.0000 8 1.0000 0.0000 2.2020 8.0000 -4.0000 -8.0000 0.0000 -12.0000 4.0000 0.2596 0.3568 0.1928 0.2556 0.1888 1.2536 1.8522 3.3630 
13.0000 10.0000 2.0000 -4.0000 0.0000 -2.5000 8 1.0000 1.0000 4.2680 -14.0000 -6.0000 6.0000 -10.0000 2.0000 -2.0000 0.3447 0.2600 0.1608 0.2872 0.1946 1.2473 1.8222 3.3232 
13.0000 45.0000 2.0000 2.0000 1.0000 -2.5000 2 -1.0000 0.0000 1.3150 -4.0000 8.0000 12.0000 -8.0000 4.0000 0.0000 0.2500 0.2500 0.2500 0.2500 0.2500 1.2500 1.9795 3.4761 
13.0000 50.0000 2.0000 2.0000 0.0000 -7.5000 8 1.0000 1.0000 0.7170 -4.0000 4.0000 12.0000 0.0000 8.0000 -8.0000 0.2458 0.2203 0.1562 0.2815 0.3512 1.2551 1.8174 3.3309 
13.0000 6.0000 2.0000 -4.0000 1.0000 5.0000 2 -1.0000 1.0000 2.8910 -10.0000 2.0000 6.0000 -14.0000 -2.0000 -6.0000 0.2500 0.2500 0.2500 0.2500 0.2500 1.2500 1.9973 3.4927 
13.0000 42.0000 2.0000 0.0000 0.0000 7.5000 2 -1.0000 1.0000 0.6910 10.0000 2.0000 -6.0000 6.0000 -10.0000 -2.0000 0.1713 0.2396 0.2850 0.2030 0.3425 1.2415 1.9740 3.4674 
13.0000 66.0000 2.0000 4.0000 0.0000 -2.5000 2 -1.0000 0.0000 1.7650 14.0000 2.0000 -6.0000 6.0000 -2.0000 10.0000 0.2236 0.2941 0.2020 0.1501 0.3810 1.2507 1.7701 3.2598 
13.0000 35.0000 2.0000 0.0000 1.0000 7.5000 2 -1.0000 1.0000 0.7570 -2.0000 6.0000 10.0000 -10.0000 2.0000 -6.0000 0.2500 0.2500 0.2500 0.2500 0.2500 1.2500 1.8615 3.3593 
13.0000 37.0000 2.0000 0.0000 0.0000 -5.0000 8 1.0000 1.0000 0.8610 10.0000 -2.0000 -10.0000 2.0000 -6.0000 6.0000 0.1697 0.2417 0.1994 0.3007 0.3410 1.2525 1.9549 3.4452 
13.0000 55.0000 2.0000 2.0000 0.0000 5.0000 2 -1.0000 1.0000 0.6700 -8.0000 0.0000 12.0000 -4.0000 8.0000 4.0000 0.1534 0.2028 0.3409 0.3037 0.2516 1.2525 1.9200 3.4286 
13.0000 53.0000 2.0000 2.0000 0.0000 0.0000 2 -1.0000 0.0000 1.1450 12.0000 4.0000 -4.0000 8.0000 -8.0000 0.0000 0.1779 0.3181 0.2631 0.1580 0.3273 1.2443 1.8679 3.3702 
13.0000 43.0000 2.0000 2.0000 1.0000 -7.5000 8 1.0000 1.0000 0.8140 -4.0000 4.0000 8.0000 0.0000 12.0000 -8.0000 0.2500 0.2500 0.2500 0.2500 0.2500 1.2500 1.7755 3.2759 
13.0000 36.0000 2.0000 0.0000 0.0000 -7.5000 8 1.0000 1.0000 0.7050 6.0000 -2.0000 -10.0000 2.0000 -6.0000 10.0000 0.1734 0.3801 0.1585 0.2336 0.3053 1.2509 1.9836 3.4933 
13.0000 18.0000 2.0000 -2.0000 1.0000 0.0000 NR 0.0000 0.0000 0.0000 -8.0000 4.0000 8.0000 -12.0000 0.0000 -4.0000 0.2500 0.2500 0.2500 0.2500 0.2500 1.2500 1.7514 3.2592 
13.0000 41.0000 2.0000 0.0000 0.0000 5.0000 2 -1.0000 1.0000 0.6060 -6.0000 2.0000 6.0000 -2.0000 10.0000 -10.0000 0.3398 0.1964 0.2879 0.1786 0.2402 1.2429 1.8561 3.3522 
13.0000 49.0000 2.0000 2.0000 1.0000 7.5000 2 -1.0000 1.0000 0.7410 12.0000 4.0000 -8.0000 8.0000 -4.0000 0.0000 0.2500 0.2500 0.2500 0.2500 0.2500 1.2500 1.9124 3.4093 
13.0000 30.0000 2.0000 0.0000 1.0000 -5.0000 8 1.0000 1.0000 0.9570 6.0000 -2.0000 -10.0000 2.0000 -6.0000 10.0000 0.2500 0.2500 0.2500 0.2500 0.2500 1.2500 1.9117 3.4093 
13.0000 22.0000 2.0000 -2.0000 0.0000 -7.5000 8 1.0000 1.0000 1.8590 8.0000 -4.0000 -8.0000 0.0000 -12.0000 4.0000 0.2803 0.2235 0.2579 0.3268 0.1606 1.2491 1.7532 3.2417 
13.0000 70.0000 2.0000 4.0000 0.0000 7.5000 2 -1.0000 1.0000 0.8680 -2.0000 6.0000 10.0000 2.0000 14.0000 -6.0000 0.3532 0.2035 0.2663 0.1884 0.2289 1.2403 1.9888 3.4662 
13.0000 34.0000 2.0000 0.0000 1.0000 5.0000 2 -1.0000 1.0000 2.9560 -6.0000 6.0000 10.0000 -10.0000 2.0000 -2.0000 0.2500 0.2500 0.2500 0.2500 0.2500 1.2500 1.8004 3.2925 
13.0000 17.0000 2.0000 -2.0000 1.0000 -2.5000 8 1.0000 1.0000 0.9780 -12.0000 -4.0000 4.0000 -8.0000 8.0000 0.0000 0.2500 0.2500 0.2500 0.2500 0.2500 1.2500 1.8794 3.3925 
13.0000 24.0000 2.0000 -2.0000 0.0000 -2.5000 8 1.0000 1.0000 1.0420 -12.0000 -4.0000 8.0000 -8.0000 4.0000 0.0000 0.2292 0.2695 0.2115 0.1704 0.3736 1.2542 1.8403 3.3468 
13.0000 31.0000 2.0000 0.0000 1.0000 -2.5000 2 -1.0000 0.0000 2.6260 10.0000 -2.0000 -10.0000 2.0000 -6.0000 6.0000 0.2500 0.2500 0.2500 0.2500 0.2500 1.2500 1.7986 3.3092 
13.0000 48.0000 2.0000 2.0000 1.0000 5.0000 2 -1.0000 1.0000 0.5970 -8.0000 0.0000 12.0000 -4.0000 8.0000 4.0000 0.2500 0.2500 0.2500 0.2500 0.2500 1.2500 1.9380 3.4427 
13.0000 47.0000 2.0000 2.0000 1.0000 2.5000 2 -1.0000 1.0000 0.9750 4.0000 -4.0000 -8.0000 12.0000 0.0000 8.0000 0.2500 0.2500 0.2500 0.2500 0.2500 1.2500 1.9827 3.4925 
13.0000 2.0000 2.0000 -4.0000 1.0000 -5.0000 8 1.0000 1.0000 0.8520 -10.0000 -2.0000 2.0000 -6.0000 6.0000 -14.0000 0.2500 0.2500 0.2500 0.2500 0.2500 1.2500 1.9338 3.4426 
13.0000 11.0000 2.0000 -4.0000 0.0000 0.0000 8 1.0000 0.0000 1.1820 6.0000 -6.0000 -10.0000 -2.0000 -14.0000 2.0000 0.1882 0.3254 0.3000 0.2028 0.2367 1.2531 1.9730 3.4790 
13.0000 13.0000 2.0000 -4.0000 0.0000 5.0000 2 -1.0000 1.0000 1.9650 -14.0000 -2.0000 2.0000 -6.0000 6.0000 -10.0000 0.2419 0.1793 0.2111 0.3418 0.2795 1.2535 1.8561 3.3627 
13.0000 19.0000 2.0000 -2.0000 1.0000 2.5000 2 -1.0000 1.0000 1.9660 8.0000 -4.0000 -12.0000 0.0000 -8.0000 4.0000 0.2500 0.2500 0.2500 0.2500 0.2500 1.2500 1.8730 3.3758 
13.0000 54.0000 2.0000 2.0000 0.0000 2.5000 2 -1.0000 1.0000 2.4490 0.0000 8.0000 12.0000 -8.0000 4.0000 -4.0000 0.1761 0.2315 0.3665 0.1511 0.3236 1.2487 1.9730 3.4747 
13.0000 38.0000 2.0000 0.0000 0.0000 -2.5000 2 -1.0000 0.0000 1.9010 -10.0000 2.0000 10.0000 -2.0000 6.0000 -6.0000 0.1803 0.2078 0.2485 0.2931 0.3229 1.2527 1.9559 3.4453 
13.0000 28.0000 2.0000 -2.0000 0.0000 7.5000 2 -1.0000 1.0000 1.7300 8.0000 0.0000 -8.0000 4.0000 -12.0000 -4.0000 0.2164 0.1616 0.3077 0.1776 0.3877 1.2511 1.7510 3.2602 
13.0000 20.0000 2.0000 -2.0000 1.0000 5.0000 2 -1.0000 1.0000 3.0150 8.0000 0.0000 -8.0000 4.0000 -12.0000 -4.0000 0.2500 0.2500 0.2500 0.2500 0.2500 1.2500 1.9787 3.4926 
13.0000 69.0000 2.0000 4.0000 0.0000 5.0000 2 -1.0000 1.0000 0.8190 10.0000 -2.0000 -6.0000 14.0000 2.0000 6.0000 0.3166 0.1763 0.2029 0.2451 0.3181 1.2590 1.8861 3.4015 
13.0000 26.0000 2.0000 -2.0000 0.0000 2.5000 2 -1.0000 1.0000 2.3250 -12.0000 0.0000 4.0000 -4.0000 8.0000 -8.0000 0.2255 0.3318 0.3056 0.1538 0.2329 1.2496 1.8134 3.3087 
13.0000 32.0000 2.0000 0.0000 1.0000 0.0000 2 -1.0000 0.0000 2.2650 10.0000 2.0000 -10.0000 6.0000 -6.0000 -2.0000 0.2500 0.2500 0.2500 0.2500 0.2500 1.2500 1.7934 3.2925 
13.0000 4.0000 2.0000 -4.0000 1.0000 0.0000 8 1.0000 0.0000 0.6980 -10.0000 -2.0000 2.0000 -6.0000 6.0000 -14.0000 0.2500 0.2500 0.2500 0.2500 0.2500 1.2500 1.7736 3.2757 
13.0000 56.0000 2.0000 2.0000 0.0000 7.5000 2 -1.0000 1.0000 0.6840 -8.0000 0.0000 8.0000 -4.0000 12.0000 4.0000 0.1723 0.2393 0.1924 0.3872 0.2509 1.2422 1.8737 3.3681 
13.0000 68.0000 2.0000 4.0000 0.0000 2.5000 2 -1.0000 1.0000 1.0620 14.0000 2.0000 -6.0000 6.0000 -2.0000 10.0000 0.1807 0.3260 0.2422 0.2906 0.2199 1.2594 1.7822 3.2852 
13.0000 64.0000 2.0000 4.0000 0.0000 -7.5000 8 1.0000 1.0000 0.6260 14.0000 2.0000 -2.0000 6.0000 -6.0000 10.0000 0.3637 0.1577 0.2063 0.3203 0.2101 1.2581 1.8665 3.3672 
13.0000 29.0000 2.0000 0.0000 1.0000 -7.5000 8 1.0000 1.0000 1.0280 2.0000 -6.0000 -10.0000 10.0000 -2.0000 6.0000 0.2500 0.2500 0.2500 0.2500 0.2500 1.2500 1.7870 3.2759 
13.0000 57.0000 2.0000 4.0000 1.0000 -7.5000 8 1.0000 1.0000 1.7510 10.0000 2.0000 -6.0000 6.0000 -2.0000 14.0000 0.2500 0.2500 0.2500 0.2500 0.2500 1.2500 1.7608 3.2592 
13.0000 12.0000 2.0000 -4.0000 0.0000 2.5000 2 -1.0000 1.0000 2.9100 -10.0000 -2.0000 2.0000 -6.0000 6.0000 -14.0000 0.2679 0.3291 0.2754 0.2240 0.1617 1.2582 1.9185 3.4342 
13.0000 1.0000 2.0000 -4.0000 1.0000 -7.5000 8 1.0000 1.0000 0.6220 2.0000 -10.0000 -14.0000 6.0000 -6.0000 -2.0000 0.2500 0.2500 0.2500 0.2500 0.2500 1.2500 1.8906 3.3927 
13.0000 16.0000 2.0000 -2.0000 1.0000 -5.0000 8 1.0000 1.0000 0.7030 8.0000 0.0000 -12.0000 4.0000 -8.0000 -4.0000 0.2500 0.2500 0.2500 0.2500 0.2500 1.2500 1.7937 3.2925 
13.0000 58.0000 2.0000 4.0000 1.0000 -5.0000 2 -1.0000 0.0000 2.7420 -6.0000 6.0000 10.0000 2.0000 14.0000 -2.0000 0.2500 0.2500 0.2500 0.2500 0.2500 1.2500 1.7846 3.2925 
13.0000 61.0000 2.0000 4.0000 1.0000 2.5000 2 -1.0000 1.0000 0.7640 14.0000 6.0000 -2.0000 10.0000 -6.0000 2.0000 0.2500 0.2500 0.2500 0.2500 0.2500 1.2500 1.9356 3.4426 
13.0000 14.0000 2.0000 -4.0000 0.0000 7.5000 2 -1.0000 1.0000 1.1220 6.0000 -2.0000 -14.0000 2.0000 -10.0000 -6.0000 0.2314 0.2769 0.3185 0.2002 0.2288 1.2559 1.8887 3.3986 
13.0000 59.0000 2.0000 4.0000 1.0000 -2.5000 8 1.0000 1.0000 3.8480 14.0000 6.0000 -6.0000 10.0000 -2.0000 2.0000 0.2500 0.2500 0.2500 0.2500 0.2500 1.2500 1.7946 3.2925 
13.0000 52.0000 2.0000 2.0000 0.0000 -2.5000 8 1.0000 1.0000 1.7510 8.0000 0.0000 -8.0000 4.0000 -4.0000 12.0000 0.1546 0.3614 0.3089 0.2586 0.1615 1.2449 1.8274 3.3208 
13.0000 39.0000 2.0000 0.0000 0.0000 0.0000 2 -1.0000 0.0000 1.2360 -10.0000 2.0000 6.0000 -2.0000 10.0000 -6.0000 0.2143 0.2630 0.3612 0.1666 0.2494 1.2545 1.9808 3.4804 
13.0000 5.0000 2.0000 -4.0000 1.0000 2.5000 2 -1.0000 1.0000 1.0480 -10.0000 -2.0000 6.0000 -6.0000 2.0000 -14.0000 0.2500 0.2500 0.2500 0.2500 0.2500 1.2500 1.9067 3.3925 
13.0000 21.0000 2.0000 -2.0000 1.0000 7.5000 2 -1.0000 1.0000 0.9850 -8.0000 0.0000 8.0000 -4.0000 4.0000 -12.0000 0.2500 0.2500 0.2500 0.2500 0.2500 1.2500 1.7975 3.2924 
13.0000 65.0000 2.0000 4.0000 0.0000 -5.0000 8 1.0000 1.0000 3.3390 -6.0000 2.0000 14.0000 -2.0000 10.0000 6.0000 0.2424 0.3943 0.1679 0.2068 0.2441 1.2554 1.9736 3.4813 
13.0000 44.0000 2.0000 2.0000 1.0000 -5.0000 8 1.0000 1.0000 0.8030 12.0000 0.0000 -8.0000 4.0000 -4.0000 8.0000 0.2500 0.2500 0.2500 0.2500 0.2500 1.2500 1.8432 3.3426 
13.0000 58.0000 3.0000 4.0000 1.0000 -5.0000 8 1.0000 1.0000 1.0720 10.0000 -2.0000 -6.0000 14.0000 2.0000 6.0000 0.2500 0.2500 0.2500 0.2500 0.2500 1.2500 1.8500 3.3592 
13.0000 18.0000 3.0000 -2.0000 1.0000 0.0000 8 1.0000 0.0000 2.3210 -12.0000 -4.0000 8.0000 -8.0000 4.0000 0.0000 0.2500 0.2500 0.2500 0.2500 0.2500 1.2500 1.9760 3.4760 
13.0000 21.0000 3.0000 -2.0000 1.0000 7.5000 2 -1.0000 1.0000 0.5750 8.0000 -4.0000 -8.0000 0.0000 -12.0000 4.0000 0.2500 0.2500 0.2500 0.2500 0.2500 1.2500 1.9881 3.4927 
13.0000 4.0000 3.0000 -4.0000 1.0000 0.0000 2 -1.0000 0.0000 1.5460 -14.0000 -2.0000 2.0000 -6.0000 6.0000 -10.0000 0.2500 0.2500 0.2500 0.2500 0.2500 1.2500 1.8291 3.3258 
13.0000 42.0000 3.0000 0.0000 0.0000 7.5000 2 -1.0000 1.0000 0.6140 -6.0000 2.0000 6.0000 -2.0000 10.0000 -10.0000 0.3117 0.2749 0.3160 0.1600 0.1857 1.2483 1.9728 3.4743 
13.0000 7.0000 3.0000 -4.0000 1.0000 7.5000 2 -1.0000 1.0000 0.7000 -14.0000 -2.0000 2.0000 -6.0000 6.0000 -10.0000 0.2500 0.2500 0.2500 0.2500 0.2500 1.2500 1.9209 3.4093 
13.0000 45.0000 3.0000 2.0000 1.0000 -2.5000 8 1.0000 1.0000 1.1430 -8.0000 4.0000 8.0000 0.0000 12.0000 -4.0000 0.2500 0.2500 0.2500 0.2500 0.2500 1.2500 1.8753 3.3759 
13.0000 31.0000 3.0000 0.0000 1.0000 -2.5000 8 1.0000 1.0000 0.6110 6.0000 -2.0000 -6.0000 2.0000 -10.0000 10.0000 0.2500 0.2500 0.2500 0.2500 0.2500 1.2500 1.8024 3.3092 
13.0000 10.0000 3.0000 -4.0000 0.0000 -2.5000 8 1.0000 1.0000 1.6440 -10.0000 -2.0000 2.0000 -6.0000 6.0000 -14.0000 0.2461 0.2727 0.2452 0.1707 0.3189 1.2535 1.9970 3.5129 
13.0000 22.0000 3.0000 -2.0000 0.0000 -7.5000 8 1.0000 1.0000 1.1850 0.0000 -8.0000 -12.0000 8.0000 -4.0000 4.0000 0.2644 0.1670 0.3067 0.2337 0.2868 1.2585 1.8314 3.3511 
13.0000 11.0000 3.0000 -4.0000 0.0000 0.0000 8 1.0000 0.0000 1.9450 -14.0000 -6.0000 6.0000 -10.0000 2.0000 -2.0000 0.3135 0.2094 0.2627 0.1833 0.2722 1.2410 1.8659 3.3670 
13.0000 68.0000 3.0000 4.0000 0.0000 2.5000 2 -1.0000 1.0000 0.9830 -6.0000 2.0000 10.0000 -2.0000 14.0000 6.0000 0.2031 0.3133 0.1933 0.2330 0.3135 1.2561 1.9195 3.4320 
13.0000 3.0000 3.0000 -4.0000 1.0000 -2.5000 NR 0.0000 0.0000 0.0000 -10.0000 -2.0000 6.0000 -6.0000 2.0000 -14.0000 0.2500 0.2500 0.2500 0.2500 0.2500 1.2500 1.8417 3.3425 
13.0000 47.0000 3.0000 2.0000 1.0000 2.5000 2 -1.0000 1.0000 0.7460 8.0000 -4.0000 -8.0000 12.0000 0.0000 4.0000 0.2500 0.2500 0.2500 0.2500 0.2500 1.2500 1.9023 3.3925 
13.0000 25.0000 3.0000 -2.0000 0.0000 0.0000 8 1.0000 0.0000 1.0150 -12.0000 -4.0000 4.0000 -8.0000 8.0000 0.0000 0.2610 0.2162 0.2509 0.1825 0.3397 1.2504 1.7569 3.2596 
13.0000 13.0000 3.0000 -4.0000 0.0000 5.0000 2 -1.0000 1.0000 0.9050 -6.0000 2.0000 6.0000 -14.0000 -2.0000 -10.0000 0.1819 0.3751 0.2250 0.2792 0.1929 1.2540 1.9982 3.4966 
13.0000 70.0000 3.0000 4.0000 0.0000 7.5000 2 -1.0000 1.0000 0.9990 14.0000 2.0000 -2.0000 6.0000 -6.0000 10.0000 0.3013 0.3385 0.1934 0.2518 0.1704 1.2554 1.9904 3.4981 
13.0000 33.0000 3.0000 0.0000 1.0000 2.5000 2 -1.0000 1.0000 1.7480 6.0000 -2.0000 -6.0000 2.0000 -10.0000 10.0000 0.2500 0.2500 0.2500 0.2500 0.2500 1.2500 1.9685 3.4592 
13.0000 37.0000 3.0000 0.0000 0.0000 -5.0000 8 1.0000 1.0000 1.2580 6.0000 -2.0000 -10.0000 2.0000 -6.0000 10.0000 0.1700 0.2570 0.1725 0.3465 0.2991 1.2451 1.9567 3.4543 
13.0000 39.0000 3.0000 0.0000 0.0000 0.0000 NR 0.0000 0.0000 0.0000 6.0000 -2.0000 -6.0000 2.0000 -10.0000 10.0000 0.3456 0.1669 0.3658 0.2103 0.1695 1.2581 1.8289 3.3506 
13.0000 62.0000 3.0000 4.0000 1.0000 5.0000 2 -1.0000 1.0000 0.6020 10.0000 2.0000 -2.0000 6.0000 -6.0000 14.0000 0.2500 0.2500 0.2500 0.2500 0.2500 1.2500 1.8572 3.3592 
13.0000 44.0000 3.0000 2.0000 1.0000 -5.0000 8 1.0000 1.0000 1.9980 12.0000 4.0000 -4.0000 8.0000 -8.0000 0.0000 0.2500 0.2500 0.2500 0.2500 0.2500 1.2500 1.7568 3.2591 
13.0000 69.0000 3.0000 4.0000 0.0000 5.0000 2 -1.0000 1.0000 1.5460 -6.0000 6.0000 10.0000 2.0000 14.0000 -2.0000 0.2761 0.1770 0.2438 0.3562 0.2063 1.2594 1.9429 3.4521 
13.0000 43.0000 3.0000 2.0000 1.0000 -7.5000 8 1.0000 1.0000 1.3100 12.0000 4.0000 -4.0000 8.0000 -8.0000 0.0000 0.2500 0.2500 0.2500 0.2500 0.2500 1.2500 1.7508 3.2426 
13.0000 30.0000 3.0000 0.0000 1.0000 -5.0000 8 1.0000 1.0000 1.0440 -10.0000 2.0000 10.0000 -2.0000 6.0000 -6.0000 0.2500 0.2500 0.2500 0.2500 0.2500 1.2500 1.7962 3.2926 
13.0000 50.0000 3.0000 2.0000 0.0000 -7.5000 8 1.0000 1.0000 1.3410 0.0000 8.0000 12.0000 -8.0000 4.0000 -4.0000 0.2049 0.1778 0.3723 0.1968 0.2926 1.2444 1.8035 3.2871 
13.0000 17.0000 3.0000 -2.0000 1.0000 -2.5000 8 1.0000 1.0000 0.7820 -8.0000 4.0000 8.0000 -12.0000 0.0000 -4.0000 0.2500 0.2500 0.2500 0.2500 0.2500 1.2500 1.8960 3.3927 
13.0000 6.0000 3.0000 -4.0000 1.0000 5.0000 2 -1.0000 1.0000 1.1370 -14.0000 -6.0000 6.0000 -10.0000 2.0000 -2.0000 0.2500 0.2500 0.2500 0.2500 0.2500 1.2500 1.8363 3.3259 
13.0000 26.0000 3.0000 -2.0000 0.0000 2.5000 2 -1.0000 1.0000 1.2870 -12.0000 0.0000 4.0000 -4.0000 8.0000 -8.0000 0.3059 0.2084 0.2493 0.1550 0.3352 1.2538 1.9565 3.4465 
13.0000 41.0000 3.0000 0.0000 0.0000 5.0000 2 -1.0000 1.0000 0.7980 -2.0000 6.0000 10.0000 -10.0000 2.0000 -6.0000 0.2660 0.2310 0.1536 0.2707 0.3322 1.2535 1.7519 3.2627 
13.0000 14.0000 3.0000 -4.0000 0.0000 7.5000 2 -1.0000 1.0000 1.1840 -10.0000 2.0000 6.0000 -14.0000 -2.0000 -6.0000 0.1799 0.3774 0.2806 0.1851 0.2309 1.2541 1.7737 3.2800 
13.0000 12.0000 3.0000 -4.0000 0.0000 2.5000 2 -1.0000 1.0000 2.6930 2.0000 -6.0000 -10.0000 -2.0000 -14.0000 6.0000 0.1564 0.2719 0.3841 0.1759 0.2648 1.2532 1.9182 3.4292 
13.0000 56.0000 3.0000 2.0000 0.0000 7.5000 2 -1.0000 1.0000 0.8210 12.0000 4.0000 -8.0000 8.0000 -4.0000 0.0000 0.3432 0.1795 0.3041 0.1750 0.2531 1.2550 1.8871 3.3974 
13.0000 48.0000 3.0000 2.0000 1.0000 5.0000 2 -1.0000 1.0000 0.9810 4.0000 -4.0000 -8.0000 12.0000 0.0000 8.0000 0.2500 0.2500 0.2500 0.2500 0.2500 1.2500 1.8700 3.3759 
13.0000 54.0000 3.0000 2.0000 0.0000 2.5000 8 1.0000 0.0000 4.8640 8.0000 0.0000 -4.0000 4.0000 -8.0000 12.0000 0.3119 0.2202 0.1629 0.3172 0.2296 1.2419 1.9902 3.4844 
13.0000 29.0000 3.0000 0.0000 1.0000 -7.5000 8 1.0000 1.0000 0.9130 10.0000 -2.0000 -10.0000 2.0000 -6.0000 6.0000 0.2500 0.2500 0.2500 0.2500 0.2500 1.2500 1.8899 3.3926 
13.0000 15.0000 3.0000 -2.0000 1.0000 -7.5000 8 1.0000 1.0000 0.8280 -12.0000 -4.0000 4.0000 -8.0000 8.0000 0.0000 0.2500 0.2500 0.2500 0.2500 0.2500 1.2500 1.9302 3.4259 
13.0000 67.0000 3.0000 4.0000 0.0000 0.0000 2 -1.0000 0.0000 4.2930 -2.0000 6.0000 10.0000 2.0000 14.0000 -6.0000 0.1708 0.3276 0.2387 0.3190 0.1881 1.2442 1.9673 3.4535 
13.0000 9.0000 3.0000 -4.0000 0.0000 -5.0000 8 1.0000 1.0000 4.9440 -14.0000 -6.0000 6.0000 -10.0000 2.0000 -2.0000 0.2062 0.2389 0.1979 0.2482 0.3643 1.2555 1.9254 3.4314 
13.0000 61.0000 3.0000 4.0000 1.0000 2.5000 2 -1.0000 1.0000 1.7640 14.0000 6.0000 -2.0000 10.0000 -6.0000 2.0000 0.2500 0.2500 0.2500 0.2500 0.2500 1.2500 1.8813 3.3927 
13.0000 65.0000 3.0000 4.0000 0.0000 -5.0000 2 -1.0000 0.0000 3.6840 10.0000 2.0000 -2.0000 6.0000 -6.0000 14.0000 0.1542 0.3632 0.3003 0.2400 0.2006 1.2584 1.8602 3.3677 
13.0000 23.0000 3.0000 -2.0000 0.0000 -5.0000 8 1.0000 1.0000 1.9220 0.0000 -8.0000 -12.0000 8.0000 -4.0000 4.0000 0.1830 0.2094 0.3977 0.1877 0.2680 1.2459 1.7697 3.2717 
13.0000 49.0000 3.0000 2.0000 1.0000 7.5000 2 -1.0000 1.0000 1.2640 -8.0000 0.0000 12.0000 -4.0000 8.0000 4.0000 0.2500 0.2500 0.2500 0.2500 0.2500 1.2500 1.9870 3.4926 
13.0000 51.0000 3.0000 2.0000 0.0000 -5.0000 8 1.0000 1.0000 1.0390 8.0000 -4.0000 -8.0000 12.0000 0.0000 4.0000 0.2656 0.2322 0.3531 0.2175 0.1893 1.2577 1.7948 3.3003 
13.0000 20.0000 3.0000 -2.0000 1.0000 5.0000 2 -1.0000 1.0000 1.5780 8.0000 0.0000 -12.0000 4.0000 -8.0000 -4.0000 0.2500 0.2500 0.2500 0.2500 0.2500 1.2500 1.9501 3.4427 
13.0000 59.0000 3.0000 4.0000 1.0000 -2.5000 8 1.0000 1.0000 3.3010 -2.0000 6.0000 14.0000 2.0000 10.0000 -6.0000 0.2500 0.2500 0.2500 0.2500 0.2500 1.2500 1.7947 3.2926 
13.0000 35.0000 3.0000 0.0000 1.0000 7.5000 2 -1.0000 1.0000 0.7280 10.0000 -2.0000 -10.0000 2.0000 -6.0000 6.0000 0.2500 0.2500 0.2500 0.2500 0.2500 1.2500 1.8948 3.3926 
13.0000 53.0000 3.0000 2.0000 0.0000 0.0000 8 1.0000 0.0000 3.0180 -8.0000 4.0000 12.0000 0.0000 8.0000 -4.0000 0.2904 0.1575 0.2329 0.3219 0.2518 1.2545 1.8948 3.3970 
13.0000 2.0000 3.0000 -4.0000 1.0000 -5.0000 8 1.0000 1.0000 3.9750 -14.0000 -6.0000 6.0000 -10.0000 2.0000 -2.0000 0.2500 0.2500 0.2500 0.2500 0.2500 1.2500 1.8453 3.3592 
13.0000 64.0000 3.0000 4.0000 0.0000 -7.5000 8 1.0000 1.0000 0.9130 6.0000 -2.0000 -6.0000 14.0000 2.0000 10.0000 0.3317 0.2297 0.3026 0.2197 0.1641 1.2478 1.7958 3.3069 
13.0000 24.0000 3.0000 -2.0000 0.0000 -2.5000 8 1.0000 1.0000 0.9500 0.0000 -8.0000 -12.0000 8.0000 -4.0000 4.0000 0.3014 0.2506 0.2158 0.3084 0.1711 1.2474 1.8074 3.3066 
13.0000 27.0000 3.0000 -2.0000 0.0000 5.0000 2 -1.0000 1.0000 1.5910 -12.0000 -4.0000 4.0000 -8.0000 8.0000 0.0000 0.3533 0.2052 0.2942 0.1660 0.2261 1.2448 1.8596 3.3539 
13.0000 1.0000 3.0000 -4.0000 1.0000 -7.5000 8 1.0000 1.0000 1.2680 -10.0000 2.0000 6.0000 -14.0000 -2.0000 -6.0000 0.2500 0.2500 0.2500 0.2500 0.2500 1.2500 1.7559 3.2592 
13.0000 34.0000 3.0000 0.0000 1.0000 5.0000 2 -1.0000 1.0000 2.3530 -6.0000 2.0000 6.0000 -2.0000 10.0000 -10.0000 0.2500 0.2500 0.2500 0.2500 0.2500 1.2500 1.7973 3.2925 
13.0000 32.0000 3.0000 0.0000 1.0000 0.0000 8 1.0000 0.0000 1.5550 10.0000 2.0000 -6.0000 6.0000 -10.0000 -2.0000 0.2500 0.2500 0.2500 0.2500 0.2500 1.2500 1.8415 3.3426 
13.0000 57.0000 3.0000 4.0000 1.0000 -7.5000 8 1.0000 1.0000 0.7150 -6.0000 2.0000 14.0000 -2.0000 10.0000 6.0000 0.2500 0.2500 0.2500 0.2500 0.2500 1.2500 1.9057 3.4092 
13.0000 66.0000 3.0000 4.0000 0.0000 -2.5000 2 -1.0000 0.0000 1.2430 -2.0000 10.0000 14.0000 -6.0000 6.0000 2.0000 0.3462 0.2443 0.1962 0.2519 0.2055 1.2441 1.9842 3.4700 
13.0000 38.0000 3.0000 0.0000 0.0000 -2.5000 8 1.0000 1.0000 1.0460 -6.0000 2.0000 10.0000 -2.0000 6.0000 -10.0000 0.2427 0.3753 0.1646 0.3046 0.1687 1.2560 1.9393 3.4318 
13.0000 5.0000 3.0000 -4.0000 1.0000 2.5000 2 -1.0000 1.0000 1.7490 -6.0000 2.0000 6.0000 -14.0000 -2.0000 -10.0000 0.2500 0.2500 0.2500 0.2500 0.2500 1.2500 1.8281 3.3258 
13.0000 63.0000 3.0000 4.0000 1.0000 7.5000 2 -1.0000 1.0000 0.8800 -6.0000 2.0000 10.0000 -2.0000 14.0000 6.0000 0.2500 0.2500 0.2500 0.2500 0.2500 1.2500 1.8237 3.3259 
13.0000 19.0000 3.0000 -2.0000 1.0000 2.5000 2 -1.0000 1.0000 2.0090 8.0000 -4.0000 -8.0000 0.0000 -12.0000 4.0000 0.2500 0.2500 0.2500 0.2500 0.2500 1.2500 1.7627 3.2759 
13.0000 36.0000 3.0000 0.0000 0.0000 -7.5000 8 1.0000 1.0000 1.0240 6.0000 -2.0000 -10.0000 2.0000 -6.0000 10.0000 0.2166 0.1747 0.3580 0.2925 0.2129 1.2547 1.7513 3.2639 
13.0000 40.0000 3.0000 0.0000 0.0000 2.5000 2 -1.0000 1.0000 1.0330 6.0000 -6.0000 -10.0000 10.0000 -2.0000 2.0000 0.2594 0.3713 0.1914 0.1638 0.2704 1.2563 1.9883 3.4989 
13.0000 60.0000 3.0000 4.0000 1.0000 0.0000 2 -1.0000 0.0000 3.4040 -6.0000 2.0000 14.0000 -2.0000 10.0000 6.0000 0.2500 0.2500 0.2500 0.2500 0.2500 1.2500 1.9671 3.4758 
13.0000 16.0000 3.0000 -2.0000 1.0000 -5.0000 8 1.0000 1.0000 1.3430 -8.0000 0.0000 8.0000 -4.0000 4.0000 -12.0000 0.2500 0.2500 0.2500 0.2500 0.2500 1.2500 1.7634 3.2592 
13.0000 55.0000 3.0000 2.0000 0.0000 5.0000 NR 0.0000 0.0000 0.0000 8.0000 -4.0000 -8.0000 12.0000 0.0000 4.0000 0.3095 0.1831 0.2314 0.2992 0.2176 1.2408 1.9284 3.4167 
13.0000 52.0000 3.0000 2.0000 0.0000 -2.5000 2 -1.0000 0.0000 3.7350 -8.0000 0.0000 8.0000 -4.0000 12.0000 4.0000 0.3417 0.2483 0.2887 0.1595 0.2166 1.2549 1.7516 3.2474 
13.0000 28.0000 3.0000 -2.0000 0.0000 7.5000 2 -1.0000 1.0000 1.7490 8.0000 -4.0000 -8.0000 0.0000 -12.0000 4.0000 0.3735 0.2210 0.2648 0.1788 0.2094 1.2476 1.9465 3.4402 
13.0000 46.0000 3.0000 2.0000 1.0000 0.0000 8 1.0000 0.0000 3.4010 12.0000 4.0000 -4.0000 8.0000 -8.0000 0.0000 0.2500 0.2500 0.2500 0.2500 0.2500 1.2500 1.7958 3.2925 
13.0000 8.0000 3.0000 -4.0000 0.0000 -7.5000 8 1.0000 1.0000 0.8410 -2.0000 -10.0000 -14.0000 6.0000 -6.0000 2.0000 0.1935 0.3010 0.3481 0.2496 0.1536 1.2458 1.8641 3.3717 
13.0000 64.0000 4.0000 4.0000 0.0000 -7.5000 8 1.0000 1.0000 2.4460 2.0000 10.0000 14.0000 -6.0000 6.0000 -2.0000 0.2171 0.1541 0.3184 0.1954 0.3720 1.2570 1.8064 3.3162 
13.0000 37.0000 4.0000 0.0000 0.0000 -5.0000 8 1.0000 1.0000 1.9190 -2.0000 6.0000 10.0000 -10.0000 2.0000 -6.0000 0.3645 0.1562 0.3129 0.2435 0.1668 1.2439 1.7828 3.2864 
13.0000 30.0000 4.0000 0.0000 1.0000 -5.0000 8 1.0000 1.0000 1.3040 -2.0000 6.0000 10.0000 -10.0000 2.0000 -6.0000 0.2500 0.2500 0.2500 0.2500 0.2500 1.2500 1.9020 3.4092 
13.0000 10.0000 4.0000 -4.0000 0.0000 -2.5000 2 -1.0000 0.0000 4.6230 2.0000 -10.0000 -14.0000 6.0000 -6.0000 -2.0000 0.1666 0.3411 0.2725 0.2188 0.2490 1.2480 1.7727 3.2737 
13.0000 23.0000 4.0000 -2.0000 0.0000 -5.0000 8 1.0000 1.0000 0.5360 -12.0000 -4.0000 4.0000 -8.0000 8.0000 0.0000 0.2485 0.1566 0.2690 0.1927 0.3869 1.2538 1.9549 3.4630 
13.0000 32.0000 4.0000 0.0000 1.0000 0.0000 2 -1.0000 0.0000 4.4350 -10.0000 -2.0000 10.0000 -6.0000 6.0000 2.0000 0.2500 0.2500 0.2500 0.2500 0.2500 1.2500 1.8788 3.3758 
13.0000 12.0000 4.0000 -4.0000 0.0000 2.5000 2 -1.0000 1.0000 1.0730 -10.0000 -2.0000 2.0000 -6.0000 6.0000 -14.0000 0.1840 0.3147 0.2423 0.1801 0.3236 1.2447 1.8080 3.3040 
13.0000 51.0000 4.0000 2.0000 0.0000 -5.0000 8 1.0000 1.0000 0.6910 -8.0000 0.0000 8.0000 -4.0000 12.0000 4.0000 0.3223 0.2275 0.1585 0.3157 0.2358 1.2597 1.7605 3.2690 
13.0000 54.0000 4.0000 2.0000 0.0000 2.5000 2 -1.0000 1.0000 0.9610 12.0000 0.0000 -4.0000 4.0000 -8.0000 8.0000 0.1952 0.2218 0.3379 0.1750 0.3126 1.2425 1.7781 3.2682 
13.0000 11.0000 4.0000 -4.0000 0.0000 0.0000 8 1.0000 0.0000 2.1660 6.0000 -2.0000 -14.0000 2.0000 -10.0000 -6.0000 0.3985 0.2582 0.1609 0.2569 0.1770 1.2515 1.9493 3.4608 
13.0000 36.0000 4.0000 0.0000 0.0000 -7.5000 8 1.0000 1.0000 0.7910 10.0000 2.0000 -10.0000 6.0000 -6.0000 -2.0000 0.2609 0.3783 0.1784 0.2435 0.1898 1.2511 1.8012 3.3102 
13.0000 25.0000 4.0000 -2.0000 0.0000 0.0000 2 -1.0000 0.0000 3.8810 -12.0000 -4.0000 4.0000 -8.0000 8.0000 0.0000 0.2048 0.3441 0.2821 0.1761 0.2526 1.2597 1.7658 3.2855 
13.0000 69.0000 4.0000 4.0000 0.0000 5.0000 2 -1.0000 1.0000 0.6060 10.0000 -2.0000 -6.0000 14.0000 2.0000 6.0000 0.2040 0.2503 0.2091 0.3652 0.2312 1.2597 1.8634 3.3689 
13.0000 48.0000 4.0000 2.0000 1.0000 5.0000 2 -1.0000 1.0000 0.8250 -8.0000 0.0000 12.0000 -4.0000 8.0000 4.0000 0.2500 0.2500 0.2500 0.2500 0.2500 1.2500 1.9722 3.4761 
13.0000 35.0000 4.0000 0.0000 1.0000 7.5000 2 -1.0000 1.0000 0.7750 2.0000 -6.0000 -10.0000 10.0000 -2.0000 6.0000 0.2500 0.2500 0.2500 0.2500 0.2500 1.2500 1.8531 3.3593 
13.0000 65.0000 4.0000 4.0000 0.0000 -5.0000 8 1.0000 1.0000 3.1710 14.0000 2.0000 -2.0000 6.0000 -6.0000 10.0000 0.2162 0.3533 0.2611 0.1780 0.2383 1.2470 1.9557 3.4563 
13.0000 40.0000 4.0000 0.0000 0.0000 2.5000 2 -1.0000 1.0000 0.7580 -10.0000 -2.0000 6.0000 -6.0000 10.0000 2.0000 0.3072 0.2652 0.2171 0.2549 0.2010 1.2454 1.8112 3.3045 
13.0000 50.0000 4.0000 2.0000 0.0000 -7.5000 8 1.0000 1.0000 4.9050 8.0000 -4.0000 -8.0000 12.0000 0.0000 4.0000 0.1606 0.2500 0.3682 0.2104 0.2676 1.2568 1.8436 3.3492 
13.0000 6.0000 4.0000 -4.0000 1.0000 5.0000 2 -1.0000 1.0000 1.0540 2.0000 -10.0000 -14.0000 6.0000 -6.0000 -2.0000 0.2500 0.2500 0.2500 0.2500 0.2500 1.2500 1.7722 3.2591 
13.0000 15.0000 4.0000 -2.0000 1.0000 -7.5000 8 1.0000 1.0000 1.2660 4.0000 -8.0000 -12.0000 8.0000 -4.0000 0.0000 0.2500 0.2500 0.2500 0.2500 0.2500 1.2500 1.9066 3.4091 
13.0000 19.0000 4.0000 -2.0000 1.0000 2.5000 2 -1.0000 1.0000 1.4370 -12.0000 0.0000 8.0000 -4.0000 4.0000 -8.0000 0.2500 0.2500 0.2500 0.2500 0.2500 1.2500 1.8570 3.3591 
13.0000 2.0000 4.0000 -4.0000 1.0000 -5.0000 8 1.0000 1.0000 1.1340 -2.0000 -10.0000 -14.0000 6.0000 -6.0000 2.0000 0.2500 0.2500 0.2500 0.2500 0.2500 1.2500 1.9933 3.4925 
13.0000 16.0000 4.0000 -2.0000 1.0000 -5.0000 NR 0.0000 0.0000 0.0000 -12.0000 -4.0000 4.0000 -8.0000 8.0000 0.0000 0.2500 0.2500 0.2500 0.2500 0.2500 1.2500 1.8072 3.3092 
13.0000 46.0000 4.0000 2.0000 1.0000 0.0000 2 -1.0000 0.0000 1.8500 12.0000 4.0000 -8.0000 8.0000 -4.0000 0.0000 0.2500 0.2500 0.2500 0.2500 0.2500 1.2500 1.8047 3.3092 
13.0000 70.0000 4.0000 4.0000 0.0000 7.5000 2 -1.0000 1.0000 0.5890 -6.0000 2.0000 10.0000 -2.0000 14.0000 6.0000 0.2820 0.2217 0.3410 0.2137 0.1884 1.2468 1.9078 3.4060 
13.0000 49.0000 4.0000 2.0000 1.0000 7.5000 2 -1.0000 1.0000 0.6240 4.0000 -4.0000 -8.0000 12.0000 0.0000 8.0000 0.2500 0.2500 0.2500 0.2500 0.2500 1.2500 1.7914 3.2924 
13.0000 56.0000 4.0000 2.0000 0.0000 7.5000 2 -1.0000 1.0000 0.7250 8.0000 0.0000 -4.0000 4.0000 -8.0000 12.0000 0.2353 0.1574 0.2486 0.2161 0.3945 1.2518 1.9479 3.4444 
13.0000 7.0000 4.0000 -4.0000 1.0000 7.5000 NR 0.0000 0.0000 0.0000 2.0000 -10.0000 -14.0000 6.0000 -6.0000 -2.0000 0.2500 0.2500 0.2500 0.2500 0.2500 1.2500 1.9708 3.4593 
13.0000 24.0000 4.0000 -2.0000 0.0000 -2.5000 8 1.0000 1.0000 1.5040 -4.0000 4.0000 8.0000 -12.0000 0.0000 -8.0000 0.2991 0.2021 0.1526 0.3658 0.2333 1.2529 1.8989 3.3955 
13.0000 41.0000 4.0000 0.0000 0.0000 5.0000 2 -1.0000 1.0000 0.6280 10.0000 -2.0000 -10.0000 2.0000 -6.0000 6.0000 0.2889 0.2380 0.1911 0.3420 0.1965 1.2566 1.9830 3.4991 
13.0000 44.0000 4.0000 2.0000 1.0000 -5.0000 8 1.0000 1.0000 1.8210 -4.0000 8.0000 12.0000 -8.0000 4.0000 0.0000 0.2500 0.2500 0.2500 0.2500 0.2500 1.2500 1.7672 3.2759 
13.0000 45.0000 4.0000 2.0000 1.0000 -2.5000 8 1.0000 1.0000 1.7690 0.0000 8.0000 12.0000 -8.0000 4.0000 -4.0000 0.2500 0.2500 0.2500 0.2500 0.2500 1.2500 1.9044 3.4092 
13.0000 4.0000 4.0000 -4.0000 1.0000 0.0000 2 -1.0000 0.0000 1.1280 -10.0000 -2.0000 6.0000 -6.0000 2.0000 -14.0000 0.2500 0.2500 0.2500 0.2500 0.2500 1.2500 1.9025 3.4093 
13.0000 21.0000 4.0000 -2.0000 1.0000 7.5000 2 -1.0000 1.0000 0.6570 -12.0000 0.0000 8.0000 -4.0000 4.0000 -8.0000 0.2500 0.2500 0.2500 0.2500 0.2500 1.2500 1.8878 3.3926 
13.0000 3.0000 4.0000 -4.0000 1.0000 -2.5000 8 1.0000 1.0000 1.1490 -14.0000 -2.0000 2.0000 -6.0000 6.0000 -10.0000 0.2500 0.2500 0.2500 0.2500 0.2500 1.2500 1.9299 3.4259 
13.0000 17.0000 4.0000 -2.0000 1.0000 -2.5000 8 1.0000 1.0000 1.5730 8.0000 -4.0000 -8.0000 0.0000 -12.0000 4.0000 0.2500 0.2500 0.2500 0.2500 0.2500 1.2500 1.8850 3.3925 
13.0000 9.0000 4.0000 -4.0000 0.0000 -5.0000 8 1.0000 1.0000 1.5970 -14.0000 -2.0000 2.0000 -6.0000 6.0000 -10.0000 0.2073 0.2377 0.3763 0.2747 0.1525 1.2485 1.8984 3.3910 
13.0000 31.0000 4.0000 0.0000 1.0000 -2.5000 8 1.0000 1.0000 1.8010 -6.0000 2.0000 6.0000 -2.0000 10.0000 -10.0000 0.2500 0.2500 0.2500 0.2500 0.2500 1.2500 1.9071 3.4092 
13.0000 63.0000 4.0000 4.0000 1.0000 7.5000 2 -1.0000 1.0000 1.1100 14.0000 2.0000 -6.0000 6.0000 -2.0000 10.0000 0.2500 0.2500 0.2500 0.2500 0.2500 1.2500 1.7604 3.2591 
13.0000 52.0000 4.0000 2.0000 0.0000 -2.5000 2 -1.0000 0.0000 0.9550 -8.0000 4.0000 12.0000 0.0000 8.0000 -4.0000 0.2605 0.3204 0.1781 0.2550 0.2290 1.2430 1.8626 3.3522 
13.0000 26.0000 4.0000 -2.0000 0.0000 2.5000 2 -1.0000 1.0000 0.7830 -8.0000 0.0000 4.0000 -4.0000 8.0000 -12.0000 0.1613 0.2537 0.3171 0.2009 0.3238 1.2567 1.9276 3.4494 
13.0000 39.0000 4.0000 0.0000 0.0000 0.0000 2 -1.0000 0.0000 4.7690 -10.0000 2.0000 10.0000 -2.0000 6.0000 -6.0000 0.2706 0.1963 0.2699 0.1667 0.3440 1.2475 1.8134 3.3235 
13.0000 66.0000 4.0000 4.0000 0.0000 -2.5000 8 1.0000 1.0000 3.4960 2.0000 10.0000 14.0000 -6.0000 6.0000 -2.0000 0.2063 0.3166 0.1803 0.3276 0.2099 1.2407 1.8738 3.3666 
13.0000 67.0000 4.0000 4.0000 0.0000 0.0000 2 -1.0000 0.0000 1.3000 -2.0000 6.0000 10.0000 2.0000 14.0000 -6.0000 0.3264 0.2178 0.1831 0.1534 0.3686 1.2494 1.8219 3.3253 
13.0000 38.0000 4.0000 0.0000 0.0000 -2.5000 2 -1.0000 0.0000 3.0680 -10.0000 -2.0000 6.0000 -6.0000 10.0000 2.0000 0.3434 0.2415 0.1592 0.2686 0.2392 1.2519 1.9789 3.4778 
13.0000 55.0000 4.0000 2.0000 0.0000 5.0000 2 -1.0000 1.0000 0.7270 12.0000 0.0000 -4.0000 4.0000 -8.0000 8.0000 0.2783 0.1882 0.2327 0.3193 0.2244 1.2429 1.8729 3.3687 
13.0000 33.0000 4.0000 0.0000 1.0000 2.5000 2 -1.0000 1.0000 4.2360 -6.0000 2.0000 10.0000 -2.0000 6.0000 -10.0000 0.2500 0.2500 0.2500 0.2500 0.2500 1.2500 1.7908 3.2925 
13.0000 14.0000 4.0000 -4.0000 0.0000 7.5000 2 -1.0000 1.0000 3.6560 6.0000 -6.0000 -10.0000 -2.0000 -14.0000 2.0000 0.2064 0.3377 0.2776 0.2337 0.1909 1.2462 1.8598 3.3554 
13.0000 34.0000 4.0000 0.0000 1.0000 5.0000 2 -1.0000 1.0000 0.5960 -10.0000 -2.0000 10.0000 -6.0000 6.0000 2.0000 0.2500 0.2500 0.2500 0.2500 0.2500 1.2500 1.8911 3.3927 
13.0000 13.0000 4.0000 -4.0000 0.0000 5.0000 2 -1.0000 1.0000 0.8360 -14.0000 -6.0000 6.0000 -10.0000 2.0000 -2.0000 0.2679 0.3295 0.1632 0.3349 0.1536 1.2493 1.9000 3.3918 
13.0000 61.0000 4.0000 4.0000 1.0000 2.5000 2 -1.0000 1.0000 0.7860 14.0000 6.0000 -6.0000 10.0000 -2.0000 2.0000 0.2500 0.2500 0.2500 0.2500 0.2500 1.2500 1.9652 3.4760 
13.0000 42.0000 4.0000 0.0000 0.0000 7.5000 2 -1.0000 1.0000 0.7570 10.0000 2.0000 -6.0000 6.0000 -10.0000 -2.0000 0.2752 0.2385 0.2644 0.1606 0.3091 1.2479 1.7805 3.2905 
13.0000 5.0000 4.0000 -4.0000 1.0000 2.5000 2 -1.0000 1.0000 1.2610 -14.0000 -2.0000 6.0000 -6.0000 2.0000 -10.0000 0.2500 0.2500 0.2500 0.2500 0.2500 1.2500 1.9165 3.4258 
13.0000 29.0000 4.0000 0.0000 1.0000 -7.5000 8 1.0000 1.0000 1.0070 -6.0000 2.0000 10.0000 -2.0000 6.0000 -10.0000 0.2500 0.2500 0.2500 0.2500 0.2500 1.2500 1.9378 3.4424 
13.0000 20.0000 4.0000 -2.0000 1.0000 5.0000 2 -1.0000 1.0000 0.5870 -12.0000 -4.0000 4.0000 -8.0000 8.0000 0.0000 0.2500 0.2500 0.2500 0.2500 0.2500 1.2500 1.9011 3.4094 
13.0000 47.0000 4.0000 2.0000 1.0000 2.5000 2 -1.0000 1.0000 2.5060 -8.0000 0.0000 12.0000 -4.0000 8.0000 4.0000 0.2500 0.2500 0.2500 0.2500 0.2500 1.2500 1.8796 3.3758 
13.0000 58.0000 4.0000 4.0000 1.0000 -5.0000 NR 0.0000 0.0000 0.0000 -2.0000 10.0000 14.0000 -6.0000 6.0000 2.0000 0.2500 0.2500 0.2500 0.2500 0.2500 1.2500 1.9716 3.4760 
13.0000 68.0000 4.0000 4.0000 0.0000 2.5000 2 -1.0000 1.0000 1.1740 6.0000 -2.0000 -6.0000 14.0000 2.0000 10.0000 0.1979 0.3125 0.2564 0.3254 0.1663 1.2585 1.9054 3.4179 
13.0000 22.0000 4.0000 -2.0000 0.0000 -7.5000 8 1.0000 1.0000 0.6280 -12.0000 0.0000 4.0000 -4.0000 8.0000 -8.0000 0.3469 0.1653 0.3539 0.2159 0.1613 1.2433 1.9237 3.4191 
13.0000 18.0000 4.0000 -2.0000 1.0000 0.0000 8 1.0000 0.0000 1.7550 -12.0000 0.0000 8.0000 -4.0000 4.0000 -8.0000 0.2500 0.2500 0.2500 0.2500 0.2500 1.2500 1.8761 3.3759 
13.0000 1.0000 4.0000 -4.0000 1.0000 -7.5000 8 1.0000 1.0000 0.4480 6.0000 -2.0000 -10.0000 2.0000 -14.0000 -6.0000 0.2500 0.2500 0.2500 0.2500 0.2500 1.2500 1.7845 3.2757 
13.0000 27.0000 4.0000 -2.0000 0.0000 5.0000 2 -1.0000 1.0000 1.2330 4.0000 -4.0000 -12.0000 0.0000 -8.0000 8.0000 0.2135 0.1576 0.2751 0.3448 0.2614 1.2525 1.9422 3.4451 
13.0000 62.0000 4.0000 4.0000 1.0000 5.0000 2 -1.0000 1.0000 0.5050 -2.0000 6.0000 10.0000 2.0000 14.0000 -6.0000 0.2500 0.2500 0.2500 0.2500 0.2500 1.2500 1.7935 3.2925 
13.0000 57.0000 4.0000 4.0000 1.0000 -7.5000 8 1.0000 1.0000 0.9040 6.0000 -2.0000 -6.0000 14.0000 2.0000 10.0000 0.2500 0.2500 0.2500 0.2500 0.2500 1.2500 1.9858 3.4926 
13.0000 8.0000 4.0000 -4.0000 0.0000 -7.5000 8 1.0000 1.0000 0.5300 -14.0000 -2.0000 2.0000 -6.0000 6.0000 -10.0000 0.1807 0.3493 0.2194 0.2768 0.2241 1.2503 1.8686 3.3761 
13.0000 59.0000 4.0000 4.0000 1.0000 -2.5000 2 -1.0000 0.0000 1.2380 14.0000 6.0000 -6.0000 10.0000 -2.0000 2.0000 0.2500 0.2500 0.2500 0.2500 0.2500 1.2500 1.8239 3.3258 
13.0000 28.0000 4.0000 -2.0000 0.0000 7.5000 2 -1.0000 1.0000 0.7960 8.0000 0.0000 -8.0000 4.0000 -12.0000 -4.0000 0.1773 0.3426 0.1853 0.2172 0.3306 1.2531 1.8832 3.3789 
13.0000 60.0000 4.0000 4.0000 1.0000 0.0000 2 -1.0000 0.0000 0.9230 14.0000 2.0000 -6.0000 6.0000 -2.0000 10.0000 0.2500 0.2500 0.2500 0.2500 0.2500 1.2500 1.8721 3.3759 
13.0000 53.0000 4.0000 2.0000 0.0000 0.0000 2 -1.0000 0.0000 0.8990 -8.0000 4.0000 12.0000 0.0000 8.0000 -4.0000 0.2949 0.2591 0.1783 0.3264 0.1961 1.2548 1.7835 3.2805 
13.0000 43.0000 4.0000 2.0000 1.0000 -7.5000 8 1.0000 1.0000 0.8210 12.0000 0.0000 -8.0000 4.0000 -4.0000 8.0000 0.2500 0.2500 0.2500 0.2500 0.2500 1.2500 1.8686 3.3592 
