subNo index block mean periodicity testLevel pressedKey answer isCorrect rt s1 s2 s3 s4 s5 s6 t1 t2 t3 t4 t5 seqDuration startInterval trialDuration 
7.0000 22.0000 1.0000 -2.0000 0.0000 -7.3350 8 1.0000 1.0000 1.4500 8.0000 -4.0000 -8.0000 0.0000 -12.0000 4.0000 0.1728 0.3427 0.3003 0.2436 0.1817 1.2412 1.9186 3.4172 
7.0000 60.0000 1.0000 4.0000 1.0000 0.0000 8 1.0000 0.0000 1.6640 10.0000 -2.0000 -6.0000 14.0000 2.0000 6.0000 0.2500 0.2500 0.2500 0.2500 0.2500 1.2500 1.8279 3.3259 
7.0000 2.0000 1.0000 -4.0000 1.0000 -4.8900 8 1.0000 1.0000 1.7720 6.0000 -6.0000 -10.0000 -2.0000 -14.0000 2.0000 0.2500 0.2500 0.2500 0.2500 0.2500 1.2500 1.9061 3.4092 
7.0000 38.0000 1.0000 0.0000 0.0000 -2.4450 2 -1.0000 0.0000 1.6230 -2.0000 6.0000 10.0000 -10.0000 2.0000 -6.0000 0.2036 0.3048 0.1908 0.2317 0.3253 1.2561 1.7985 3.2987 
7.0000 33.0000 1.0000 0.0000 1.0000 2.4450 2 -1.0000 1.0000 1.2740 2.0000 -6.0000 -10.0000 10.0000 -2.0000 6.0000 0.2500 0.2500 0.2500 0.2500 0.2500 1.2500 1.7677 3.2591 
7.0000 48.0000 1.0000 2.0000 1.0000 4.8900 2 -1.0000 1.0000 1.3540 4.0000 -4.0000 -8.0000 12.0000 0.0000 8.0000 0.2500 0.2500 0.2500 0.2500 0.2500 1.2500 1.9464 3.4426 
7.0000 26.0000 1.0000 -2.0000 0.0000 2.4450 8 1.0000 0.0000 1.7700 8.0000 -4.0000 -12.0000 0.0000 -8.0000 4.0000 0.3054 0.2406 0.2077 0.2906 0.2136 1.2579 1.9205 3.4171 
7.0000 12.0000 1.0000 -4.0000 0.0000 2.4450 2 -1.0000 1.0000 1.7610 2.0000 -6.0000 -10.0000 -2.0000 -14.0000 6.0000 0.3224 0.2705 0.1593 0.2035 0.2860 1.2417 1.9121 3.4010 
7.0000 52.0000 1.0000 2.0000 0.0000 -2.4450 8 1.0000 1.0000 1.7570 -4.0000 4.0000 12.0000 0.0000 8.0000 -8.0000 0.1737 0.3399 0.1973 0.2300 0.3058 1.2468 1.7731 3.2727 
7.0000 53.0000 1.0000 2.0000 0.0000 0.0000 8 1.0000 0.0000 1.1920 12.0000 4.0000 -4.0000 8.0000 -8.0000 0.0000 0.2533 0.2112 0.3233 0.2743 0.1780 1.2400 1.8302 3.3327 
7.0000 58.0000 1.0000 4.0000 1.0000 -4.8900 2 -1.0000 0.0000 2.6650 -2.0000 6.0000 14.0000 2.0000 10.0000 -6.0000 0.2500 0.2500 0.2500 0.2500 0.2500 1.2500 1.7934 3.2924 
7.0000 41.0000 1.0000 0.0000 0.0000 4.8900 2 -1.0000 1.0000 1.9480 6.0000 -2.0000 -6.0000 2.0000 -10.0000 10.0000 0.1650 0.1976 0.3248 0.3589 0.2135 1.2598 1.8753 3.3857 
7.0000 67.0000 1.0000 4.0000 0.0000 0.0000 8 1.0000 0.0000 1.9720 -2.0000 6.0000 10.0000 2.0000 14.0000 -6.0000 0.3909 0.1734 0.3219 0.1632 0.2059 1.2552 1.8841 3.3979 
7.0000 8.0000 1.0000 -4.0000 0.0000 -7.3350 8 1.0000 1.0000 2.3010 -10.0000 2.0000 6.0000 -14.0000 -2.0000 -6.0000 0.3048 0.1901 0.2894 0.1763 0.2987 1.2593 1.8543 3.3684 
7.0000 25.0000 1.0000 -2.0000 0.0000 0.0000 8 1.0000 0.0000 2.3150 8.0000 -4.0000 -12.0000 0.0000 -8.0000 4.0000 0.2390 0.3291 0.2765 0.2405 0.1580 1.2431 1.8017 3.2856 
7.0000 63.0000 1.0000 4.0000 1.0000 7.3350 2 -1.0000 1.0000 1.0280 -2.0000 6.0000 10.0000 2.0000 14.0000 -6.0000 0.2500 0.2500 0.2500 0.2500 0.2500 1.2500 1.8846 3.3758 
7.0000 31.0000 1.0000 0.0000 1.0000 -2.4450 2 -1.0000 0.0000 2.5830 -6.0000 6.0000 10.0000 -10.0000 2.0000 -2.0000 0.2500 0.2500 0.2500 0.2500 0.2500 1.2500 1.9645 3.4593 
7.0000 42.0000 1.0000 0.0000 0.0000 7.3350 2 -1.0000 1.0000 1.3900 -10.0000 2.0000 6.0000 -2.0000 10.0000 -6.0000 0.2010 0.2732 0.3723 0.2288 0.1735 1.2488 1.9281 3.4248 
7.0000 32.0000 1.0000 0.0000 1.0000 0.0000 8 1.0000 0.0000 1.6460 10.0000 2.0000 -6.0000 6.0000 -10.0000 -2.0000 0.2500 0.2500 0.2500 0.2500 0.2500 1.2500 1.9648 3.4759 
7.0000 7.0000 1.0000 -4.0000 1.0000 7.3350 8 1.0000 0.0000 1.5040 -14.0000 -6.0000 6.0000 -10.0000 2.0000 -2.0000 0.2500 0.2500 0.2500 0.2500 0.2500 1.2500 1.9623 3.4759 
7.0000 65.0000 1.0000 4.0000 0.0000 -4.8900 8 1.0000 1.0000 1.0970 14.0000 2.0000 -2.0000 6.0000 -6.0000 10.0000 0.2176 0.1597 0.2654 0.2055 0.3964 1.2446 1.8744 3.3704 
7.0000 18.0000 1.0000 -2.0000 1.0000 0.0000 8 1.0000 0.0000 1.3770 -12.0000 -4.0000 8.0000 -8.0000 4.0000 0.0000 0.2500 0.2500 0.2500 0.2500 0.2500 1.2500 1.9606 3.4592 
7.0000 10.0000 1.0000 -4.0000 0.0000 -2.4450 8 1.0000 1.0000 1.2960 6.0000 -6.0000 -10.0000 -2.0000 -14.0000 2.0000 0.2877 0.1533 0.2483 0.1710 0.3992 1.2595 1.8549 3.3687 
7.0000 40.0000 1.0000 0.0000 0.0000 2.4450 2 -1.0000 1.0000 1.0950 -6.0000 6.0000 10.0000 -10.0000 2.0000 -2.0000 0.2225 0.1867 0.3739 0.1639 0.2968 1.2439 1.9926 3.4864 
7.0000 57.0000 1.0000 4.0000 1.0000 -7.3350 8 1.0000 1.0000 1.4700 6.0000 -2.0000 -6.0000 14.0000 2.0000 10.0000 0.2500 0.2500 0.2500 0.2500 0.2500 1.2500 1.8004 3.2926 
7.0000 49.0000 1.0000 2.0000 1.0000 7.3350 2 -1.0000 1.0000 0.8690 -8.0000 4.0000 12.0000 0.0000 8.0000 -4.0000 0.2500 0.2500 0.2500 0.2500 0.2500 1.2500 1.7956 3.2925 
7.0000 20.0000 1.0000 -2.0000 1.0000 4.8900 2 -1.0000 1.0000 1.6610 4.0000 -8.0000 -12.0000 8.0000 -4.0000 0.0000 0.2500 0.2500 0.2500 0.2500 0.2500 1.2500 1.9626 3.4592 
7.0000 56.0000 1.0000 2.0000 0.0000 7.3350 2 -1.0000 1.0000 1.5510 -8.0000 0.0000 12.0000 -4.0000 8.0000 4.0000 0.2820 0.2207 0.1951 0.3877 0.1567 1.2422 1.8018 3.2847 
7.0000 1.0000 1.0000 -4.0000 1.0000 -7.3350 8 1.0000 1.0000 2.9130 -14.0000 -6.0000 2.0000 -10.0000 6.0000 -2.0000 0.2500 0.2500 0.2500 0.2500 0.2500 1.2500 1.8091 3.3091 
7.0000 11.0000 1.0000 -4.0000 0.0000 0.0000 8 1.0000 0.0000 1.8820 -10.0000 -2.0000 2.0000 -6.0000 6.0000 -14.0000 0.2131 0.3152 0.2526 0.2263 0.2526 1.2598 1.8636 3.3857 
7.0000 24.0000 1.0000 -2.0000 0.0000 -2.4450 2 -1.0000 0.0000 1.3970 -4.0000 4.0000 8.0000 -12.0000 0.0000 -8.0000 0.2587 0.1674 0.2068 0.3799 0.2342 1.2469 1.9030 3.4063 
7.0000 35.0000 1.0000 0.0000 1.0000 7.3350 2 -1.0000 1.0000 1.1850 10.0000 2.0000 -10.0000 6.0000 -6.0000 -2.0000 0.2500 0.2500 0.2500 0.2500 0.2500 1.2500 1.9615 3.4594 
7.0000 62.0000 1.0000 4.0000 1.0000 4.8900 2 -1.0000 1.0000 1.0330 14.0000 2.0000 -6.0000 6.0000 -2.0000 10.0000 0.2500 0.2500 0.2500 0.2500 0.2500 1.2500 1.8822 3.3926 
7.0000 6.0000 1.0000 -4.0000 1.0000 4.8900 2 -1.0000 1.0000 1.3730 -14.0000 -6.0000 6.0000 -10.0000 2.0000 -2.0000 0.2500 0.2500 0.2500 0.2500 0.2500 1.2500 1.9002 3.4092 
7.0000 50.0000 1.0000 2.0000 0.0000 -7.3350 8 1.0000 1.0000 1.1850 8.0000 -4.0000 -8.0000 12.0000 0.0000 4.0000 0.1504 0.2698 0.3840 0.2648 0.1713 1.2403 1.7545 3.2494 
7.0000 9.0000 1.0000 -4.0000 0.0000 -4.8900 8 1.0000 1.0000 1.3690 -14.0000 -6.0000 6.0000 -10.0000 2.0000 -2.0000 0.1886 0.3313 0.1620 0.1976 0.3668 1.2463 1.9008 3.3889 
7.0000 39.0000 1.0000 0.0000 0.0000 0.0000 8 1.0000 0.0000 1.3580 -10.0000 -2.0000 10.0000 -6.0000 6.0000 2.0000 0.2354 0.3152 0.1811 0.2140 0.3086 1.2542 1.7587 3.2634 
7.0000 17.0000 1.0000 -2.0000 1.0000 -2.4450 8 1.0000 1.0000 1.5850 -4.0000 4.0000 8.0000 -12.0000 0.0000 -8.0000 0.2500 0.2500 0.2500 0.2500 0.2500 1.2500 1.8012 3.2924 
7.0000 27.0000 1.0000 -2.0000 0.0000 4.8900 2 -1.0000 1.0000 1.9290 -12.0000 -4.0000 8.0000 -8.0000 4.0000 0.0000 0.2486 0.2018 0.2779 0.3238 0.1914 1.2435 1.9376 3.4195 
7.0000 5.0000 1.0000 -4.0000 1.0000 2.4450 8 1.0000 0.0000 1.1280 -14.0000 -6.0000 2.0000 -10.0000 6.0000 -2.0000 0.2500 0.2500 0.2500 0.2500 0.2500 1.2500 1.8928 3.3925 
7.0000 3.0000 1.0000 -4.0000 1.0000 -2.4450 2 -1.0000 0.0000 1.3930 -14.0000 -2.0000 6.0000 -6.0000 2.0000 -10.0000 0.2500 0.2500 0.2500 0.2500 0.2500 1.2500 1.8804 3.3924 
7.0000 16.0000 1.0000 -2.0000 1.0000 -4.8900 8 1.0000 1.0000 1.3560 -12.0000 0.0000 4.0000 -4.0000 8.0000 -8.0000 0.2500 0.2500 0.2500 0.2500 0.2500 1.2500 1.9577 3.4593 
7.0000 44.0000 1.0000 2.0000 1.0000 -4.8900 8 1.0000 1.0000 1.1620 8.0000 -4.0000 -8.0000 12.0000 0.0000 4.0000 0.2500 0.2500 0.2500 0.2500 0.2500 1.2500 1.9419 3.4425 
7.0000 61.0000 1.0000 4.0000 1.0000 2.4450 2 -1.0000 1.0000 1.2980 -6.0000 2.0000 10.0000 -2.0000 14.0000 6.0000 0.2500 0.2500 0.2500 0.2500 0.2500 1.2500 1.9149 3.4258 
7.0000 43.0000 1.0000 2.0000 1.0000 -7.3350 8 1.0000 1.0000 0.8900 0.0000 8.0000 12.0000 -8.0000 4.0000 -4.0000 0.2500 0.2500 0.2500 0.2500 0.2500 1.2500 1.9616 3.4593 
7.0000 70.0000 1.0000 4.0000 0.0000 7.3350 2 -1.0000 1.0000 1.9740 14.0000 6.0000 -2.0000 10.0000 -6.0000 2.0000 0.2049 0.3025 0.2769 0.3104 0.1555 1.2503 1.8550 3.3597 
7.0000 37.0000 1.0000 0.0000 0.0000 -4.8900 8 1.0000 1.0000 2.9540 -10.0000 -2.0000 6.0000 -6.0000 10.0000 2.0000 0.2565 0.1853 0.1580 0.3697 0.2758 1.2453 1.7885 3.2878 
7.0000 59.0000 1.0000 4.0000 1.0000 -2.4450 8 1.0000 1.0000 2.0870 10.0000 -2.0000 -6.0000 14.0000 2.0000 6.0000 0.2500 0.2500 0.2500 0.2500 0.2500 1.2500 1.9019 3.3925 
7.0000 28.0000 1.0000 -2.0000 0.0000 7.3350 8 1.0000 0.0000 1.7190 -12.0000 0.0000 4.0000 -4.0000 8.0000 -8.0000 0.1601 0.3518 0.1647 0.3668 0.1984 1.2418 1.9709 3.4511 
7.0000 66.0000 1.0000 4.0000 0.0000 -2.4450 8 1.0000 1.0000 1.6950 14.0000 6.0000 -6.0000 10.0000 -2.0000 2.0000 0.3551 0.2634 0.1552 0.2583 0.2097 1.2417 1.8036 3.2844 
7.0000 64.0000 1.0000 4.0000 0.0000 -7.3350 8 1.0000 1.0000 1.7810 -6.0000 6.0000 14.0000 2.0000 10.0000 -2.0000 0.1649 0.2810 0.2490 0.2999 0.2465 1.2413 1.9874 3.4673 
7.0000 4.0000 1.0000 -4.0000 1.0000 0.0000 2 -1.0000 0.0000 1.9480 2.0000 -10.0000 -14.0000 6.0000 -6.0000 -2.0000 0.2500 0.2500 0.2500 0.2500 0.2500 1.2500 1.8817 3.3925 
7.0000 23.0000 1.0000 -2.0000 0.0000 -4.8900 8 1.0000 1.0000 1.0660 -8.0000 0.0000 8.0000 -4.0000 4.0000 -12.0000 0.3113 0.1764 0.2588 0.2009 0.2957 1.2430 1.9313 3.4356 
7.0000 46.0000 1.0000 2.0000 1.0000 0.0000 2 -1.0000 0.0000 1.0900 0.0000 8.0000 12.0000 -8.0000 4.0000 -4.0000 0.2500 0.2500 0.2500 0.2500 0.2500 1.2500 1.7567 3.2592 
7.0000 54.0000 1.0000 2.0000 0.0000 2.4450 2 -1.0000 1.0000 1.4350 0.0000 8.0000 12.0000 -8.0000 4.0000 -4.0000 0.2468 0.1815 0.3715 0.1659 0.2766 1.2423 1.9474 3.4349 
7.0000 45.0000 1.0000 2.0000 1.0000 -2.4450 8 1.0000 1.0000 1.0890 4.0000 -4.0000 -8.0000 12.0000 0.0000 8.0000 0.2500 0.2500 0.2500 0.2500 0.2500 1.2500 1.8807 3.3759 
7.0000 68.0000 1.0000 4.0000 0.0000 2.4450 2 -1.0000 1.0000 1.4890 -2.0000 6.0000 14.0000 2.0000 10.0000 -6.0000 0.1829 0.3846 0.3512 0.1849 0.1528 1.2563 1.9890 3.4989 
7.0000 55.0000 1.0000 2.0000 0.0000 4.8900 2 -1.0000 1.0000 2.2020 8.0000 0.0000 -8.0000 4.0000 -4.0000 12.0000 0.2751 0.2102 0.2547 0.1888 0.3247 1.2536 1.8989 3.3961 
7.0000 34.0000 1.0000 0.0000 1.0000 4.8900 2 -1.0000 1.0000 2.0390 6.0000 -2.0000 -10.0000 2.0000 -6.0000 10.0000 0.2500 0.2500 0.2500 0.2500 0.2500 1.2500 1.9179 3.4093 
7.0000 19.0000 1.0000 -2.0000 1.0000 2.4450 8 1.0000 0.0000 2.4160 -12.0000 -4.0000 8.0000 -8.0000 4.0000 0.0000 0.2500 0.2500 0.2500 0.2500 0.2500 1.2500 1.7927 3.2926 
7.0000 29.0000 1.0000 0.0000 1.0000 -7.3350 2 -1.0000 0.0000 1.3870 -10.0000 -2.0000 6.0000 -6.0000 10.0000 2.0000 0.2500 0.2500 0.2500 0.2500 0.2500 1.2500 1.9763 3.4758 
7.0000 69.0000 1.0000 4.0000 0.0000 4.8900 2 -1.0000 1.0000 1.3620 10.0000 2.0000 -2.0000 6.0000 -6.0000 14.0000 0.2222 0.2840 0.3162 0.2282 0.2010 1.2516 1.8401 3.3443 
7.0000 47.0000 1.0000 2.0000 1.0000 2.4450 2 -1.0000 1.0000 1.8950 12.0000 4.0000 -8.0000 8.0000 -4.0000 0.0000 0.2500 0.2500 0.2500 0.2500 0.2500 1.2500 1.7847 3.2926 
7.0000 36.0000 1.0000 0.0000 0.0000 -7.3350 2 -1.0000 0.0000 1.1330 -10.0000 -2.0000 6.0000 -6.0000 10.0000 2.0000 0.2561 0.3069 0.2514 0.1986 0.2401 1.2532 1.7715 3.2790 
7.0000 14.0000 1.0000 -4.0000 0.0000 7.3350 2 -1.0000 1.0000 1.9760 -14.0000 -6.0000 2.0000 -10.0000 6.0000 -2.0000 0.1762 0.2833 0.3242 0.1690 0.3050 1.2577 1.9994 3.5169 
7.0000 30.0000 1.0000 0.0000 1.0000 -4.8900 8 1.0000 1.0000 0.9780 -6.0000 6.0000 10.0000 -10.0000 2.0000 -2.0000 0.2500 0.2500 0.2500 0.2500 0.2500 1.2500 1.7989 3.3092 
7.0000 21.0000 1.0000 -2.0000 1.0000 7.3350 2 -1.0000 1.0000 1.5240 -8.0000 0.0000 8.0000 -4.0000 4.0000 -12.0000 0.2500 0.2500 0.2500 0.2500 0.2500 1.2500 1.9998 3.4927 
7.0000 51.0000 1.0000 2.0000 0.0000 -4.8900 8 1.0000 1.0000 0.9530 -8.0000 0.0000 12.0000 -4.0000 8.0000 4.0000 0.2509 0.1717 0.2041 0.2706 0.3526 1.2499 1.8135 3.3091 
7.0000 13.0000 1.0000 -4.0000 0.0000 4.8900 2 -1.0000 1.0000 1.6650 -10.0000 -2.0000 6.0000 -6.0000 2.0000 -14.0000 0.3505 0.1974 0.2362 0.2824 0.1803 1.2467 1.9428 3.4394 
7.0000 15.0000 1.0000 -2.0000 1.0000 -7.3350 2 -1.0000 0.0000 1.5680 -12.0000 -4.0000 4.0000 -8.0000 8.0000 0.0000 0.2500 0.2500 0.2500 0.2500 0.2500 1.2500 1.7574 3.2592 
7.0000 26.0000 2.0000 -2.0000 0.0000 2.4450 2 -1.0000 1.0000 2.9190 -12.0000 0.0000 8.0000 -4.0000 4.0000 -8.0000 0.2996 0.2280 0.1576 0.3726 0.1854 1.2432 1.9494 3.4358 
7.0000 35.0000 2.0000 0.0000 1.0000 7.3350 2 -1.0000 1.0000 1.2810 -2.0000 6.0000 10.0000 -10.0000 2.0000 -6.0000 0.2500 0.2500 0.2500 0.2500 0.2500 1.2500 1.8304 3.3258 
7.0000 28.0000 2.0000 -2.0000 0.0000 7.3350 2 -1.0000 1.0000 1.4660 8.0000 -4.0000 -12.0000 0.0000 -8.0000 4.0000 0.1769 0.2370 0.3488 0.2315 0.2586 1.2527 1.9265 3.4453 
7.0000 7.0000 2.0000 -4.0000 1.0000 7.3350 2 -1.0000 1.0000 2.8580 -10.0000 -2.0000 6.0000 -6.0000 2.0000 -14.0000 0.2500 0.2500 0.2500 0.2500 0.2500 1.2500 1.9821 3.4925 
7.0000 25.0000 2.0000 -2.0000 0.0000 0.0000 2 -1.0000 0.0000 1.8640 -12.0000 0.0000 4.0000 -4.0000 8.0000 -8.0000 0.3064 0.1922 0.3627 0.2051 0.1761 1.2424 1.9859 3.4848 
7.0000 40.0000 2.0000 0.0000 0.0000 2.4450 2 -1.0000 1.0000 1.9560 -6.0000 2.0000 6.0000 -2.0000 10.0000 -10.0000 0.1738 0.3369 0.2024 0.3352 0.2042 1.2526 1.8828 3.3950 
7.0000 19.0000 2.0000 -2.0000 1.0000 2.4450 8 1.0000 0.0000 1.8500 -4.0000 4.0000 8.0000 -12.0000 0.0000 -8.0000 0.2500 0.2500 0.2500 0.2500 0.2500 1.2500 1.9224 3.4259 
7.0000 1.0000 2.0000 -4.0000 1.0000 -7.3350 8 1.0000 1.0000 1.0940 -2.0000 -10.0000 -14.0000 6.0000 -6.0000 2.0000 0.2500 0.2500 0.2500 0.2500 0.2500 1.2500 1.9387 3.4427 
7.0000 51.0000 2.0000 2.0000 0.0000 -4.8900 8 1.0000 1.0000 2.2990 4.0000 -4.0000 -8.0000 12.0000 0.0000 8.0000 0.2529 0.1520 0.2299 0.2549 0.3685 1.2583 1.8227 3.3341 
7.0000 9.0000 2.0000 -4.0000 0.0000 -4.8900 8 1.0000 1.0000 2.1300 -14.0000 -2.0000 6.0000 -6.0000 2.0000 -10.0000 0.1993 0.2428 0.1603 0.3493 0.2904 1.2421 1.7558 3.2513 
7.0000 6.0000 2.0000 -4.0000 1.0000 4.8900 8 1.0000 0.0000 2.4810 -14.0000 -6.0000 2.0000 -10.0000 6.0000 -2.0000 0.2500 0.2500 0.2500 0.2500 0.2500 1.2500 1.9592 3.4593 
7.0000 20.0000 2.0000 -2.0000 1.0000 4.8900 2 -1.0000 1.0000 1.3220 -12.0000 0.0000 4.0000 -4.0000 8.0000 -8.0000 0.2500 0.2500 0.2500 0.2500 0.2500 1.2500 1.7608 3.2591 
7.0000 34.0000 2.0000 0.0000 1.0000 4.8900 2 -1.0000 1.0000 1.9300 -10.0000 -2.0000 10.0000 -6.0000 6.0000 2.0000 0.2500 0.2500 0.2500 0.2500 0.2500 1.2500 1.8672 3.3758 
7.0000 70.0000 2.0000 4.0000 0.0000 7.3350 2 -1.0000 1.0000 1.2290 14.0000 6.0000 -2.0000 10.0000 -6.0000 2.0000 0.2722 0.1981 0.2963 0.2268 0.2597 1.2531 1.9727 3.4791 
7.0000 32.0000 2.0000 0.0000 1.0000 0.0000 2 -1.0000 0.0000 1.6290 -2.0000 6.0000 10.0000 -10.0000 2.0000 -6.0000 0.2500 0.2500 0.2500 0.2500 0.2500 1.2500 1.8412 3.3425 
7.0000 29.0000 2.0000 0.0000 1.0000 -7.3350 8 1.0000 1.0000 1.2970 10.0000 2.0000 -10.0000 6.0000 -6.0000 -2.0000 0.2500 0.2500 0.2500 0.2500 0.2500 1.2500 1.8991 3.4091 
7.0000 3.0000 2.0000 -4.0000 1.0000 -2.4450 8 1.0000 1.0000 0.7990 -14.0000 -6.0000 6.0000 -10.0000 2.0000 -2.0000 0.2500 0.2500 0.2500 0.2500 0.2500 1.2500 1.7996 3.3091 
7.0000 43.0000 2.0000 2.0000 1.0000 -7.3350 8 1.0000 1.0000 0.9470 12.0000 0.0000 -4.0000 4.0000 -8.0000 8.0000 0.2500 0.2500 0.2500 0.2500 0.2500 1.2500 1.9533 3.4592 
7.0000 42.0000 2.0000 0.0000 0.0000 7.3350 2 -1.0000 1.0000 0.9900 6.0000 -2.0000 -6.0000 2.0000 -10.0000 10.0000 0.1656 0.2708 0.2018 0.3399 0.2763 1.2543 1.8481 3.3468 
7.0000 46.0000 2.0000 2.0000 1.0000 0.0000 2 -1.0000 0.0000 1.2100 4.0000 -4.0000 -8.0000 12.0000 0.0000 8.0000 0.2500 0.2500 0.2500 0.2500 0.2500 1.2500 1.7791 3.2758 
7.0000 63.0000 2.0000 4.0000 1.0000 7.3350 2 -1.0000 1.0000 0.7460 10.0000 2.0000 -2.0000 6.0000 -6.0000 14.0000 0.2500 0.2500 0.2500 0.2500 0.2500 1.2500 1.8051 3.3091 
7.0000 41.0000 2.0000 0.0000 0.0000 4.8900 2 -1.0000 1.0000 0.9100 -10.0000 2.0000 6.0000 -2.0000 10.0000 -6.0000 0.1556 0.2813 0.3620 0.2561 0.1982 1.2532 1.8338 3.3290 
7.0000 22.0000 2.0000 -2.0000 0.0000 -7.3350 8 1.0000 1.0000 0.7830 -8.0000 0.0000 8.0000 -4.0000 4.0000 -12.0000 0.2938 0.1974 0.3799 0.2161 0.1531 1.2404 1.8214 3.2995 
7.0000 59.0000 2.0000 4.0000 1.0000 -2.4450 8 1.0000 1.0000 1.5940 -6.0000 2.0000 10.0000 -2.0000 14.0000 6.0000 0.2500 0.2500 0.2500 0.2500 0.2500 1.2500 1.7627 3.2591 
7.0000 17.0000 2.0000 -2.0000 1.0000 -2.4450 8 1.0000 1.0000 1.0550 8.0000 -4.0000 -12.0000 0.0000 -8.0000 4.0000 0.2500 0.2500 0.2500 0.2500 0.2500 1.2500 1.8930 3.3925 
7.0000 39.0000 2.0000 0.0000 0.0000 0.0000 2 -1.0000 0.0000 0.7230 10.0000 -2.0000 -10.0000 2.0000 -6.0000 6.0000 0.1990 0.3476 0.2740 0.1882 0.2414 1.2502 1.8756 3.3760 
7.0000 31.0000 2.0000 0.0000 1.0000 -2.4450 2 -1.0000 0.0000 2.1200 10.0000 2.0000 -10.0000 6.0000 -6.0000 -2.0000 0.2500 0.2500 0.2500 0.2500 0.2500 1.2500 1.9772 3.4761 
7.0000 57.0000 2.0000 4.0000 1.0000 -7.3350 8 1.0000 1.0000 1.5300 10.0000 2.0000 -2.0000 6.0000 -6.0000 14.0000 0.2500 0.2500 0.2500 0.2500 0.2500 1.2500 1.8718 3.3758 
7.0000 64.0000 2.0000 4.0000 0.0000 -7.3350 8 1.0000 1.0000 0.9120 14.0000 6.0000 -6.0000 10.0000 -2.0000 2.0000 0.3615 0.1713 0.2477 0.3074 0.1676 1.2556 1.7830 3.2980 
7.0000 47.0000 2.0000 2.0000 1.0000 2.4450 2 -1.0000 1.0000 0.9510 -4.0000 8.0000 12.0000 -8.0000 4.0000 0.0000 0.2500 0.2500 0.2500 0.2500 0.2500 1.2500 1.7822 3.2758 
7.0000 65.0000 2.0000 4.0000 0.0000 -4.8900 2 -1.0000 0.0000 2.1190 14.0000 2.0000 -2.0000 6.0000 -6.0000 10.0000 0.2050 0.2617 0.3815 0.2223 0.1783 1.2488 1.8965 3.3915 
7.0000 48.0000 2.0000 2.0000 1.0000 4.8900 2 -1.0000 1.0000 2.2050 -4.0000 4.0000 12.0000 0.0000 8.0000 -8.0000 0.2500 0.2500 0.2500 0.2500 0.2500 1.2500 1.8044 3.3091 
7.0000 23.0000 2.0000 -2.0000 0.0000 -4.8900 8 1.0000 1.0000 2.3920 -8.0000 0.0000 4.0000 -4.0000 8.0000 -12.0000 0.1621 0.1877 0.2622 0.3065 0.3412 1.2597 1.9394 3.4522 
7.0000 67.0000 2.0000 4.0000 0.0000 0.0000 2 -1.0000 0.0000 2.5480 14.0000 6.0000 -2.0000 10.0000 -6.0000 2.0000 0.2297 0.1878 0.3728 0.2783 0.1738 1.2424 1.8021 3.2850 
7.0000 50.0000 2.0000 2.0000 0.0000 -7.3350 8 1.0000 1.0000 1.1630 12.0000 4.0000 -4.0000 8.0000 -8.0000 0.0000 0.1850 0.2493 0.3756 0.2416 0.2073 1.2589 1.8500 3.3681 
7.0000 66.0000 2.0000 4.0000 0.0000 -2.4450 8 1.0000 1.0000 1.8640 -6.0000 2.0000 10.0000 -2.0000 14.0000 6.0000 0.1710 0.3461 0.2279 0.3405 0.1690 1.2545 1.9466 3.4638 
7.0000 10.0000 2.0000 -4.0000 0.0000 -2.4450 8 1.0000 1.0000 1.4370 -10.0000 -2.0000 2.0000 -6.0000 6.0000 -14.0000 0.2660 0.1561 0.3905 0.1957 0.2369 1.2451 1.8232 3.3211 
7.0000 13.0000 2.0000 -4.0000 0.0000 4.8900 8 1.0000 0.0000 1.4190 -10.0000 -2.0000 6.0000 -6.0000 2.0000 -14.0000 0.2021 0.1727 0.3466 0.1921 0.3440 1.2575 1.8730 3.3836 
7.0000 69.0000 2.0000 4.0000 0.0000 4.8900 2 -1.0000 1.0000 0.9080 14.0000 2.0000 -2.0000 6.0000 -6.0000 10.0000 0.3361 0.1640 0.3269 0.2473 0.1722 1.2466 1.7993 3.3057 
7.0000 55.0000 2.0000 2.0000 0.0000 4.8900 2 -1.0000 1.0000 0.9310 8.0000 -4.0000 -8.0000 12.0000 0.0000 4.0000 0.3453 0.2254 0.2956 0.2364 0.1510 1.2537 1.9860 3.4963 
7.0000 61.0000 2.0000 4.0000 1.0000 2.4450 2 -1.0000 1.0000 1.8490 -6.0000 2.0000 14.0000 -2.0000 10.0000 6.0000 0.2500 0.2500 0.2500 0.2500 0.2500 1.2500 1.9245 3.4258 
7.0000 60.0000 2.0000 4.0000 1.0000 0.0000 2 -1.0000 0.0000 1.5440 14.0000 6.0000 -2.0000 10.0000 -6.0000 2.0000 0.2500 0.2500 0.2500 0.2500 0.2500 1.2500 1.8049 3.3092 
7.0000 62.0000 2.0000 4.0000 1.0000 4.8900 2 -1.0000 1.0000 1.1490 6.0000 -2.0000 -6.0000 14.0000 2.0000 10.0000 0.2500 0.2500 0.2500 0.2500 0.2500 1.2500 1.9940 3.4927 
7.0000 18.0000 2.0000 -2.0000 1.0000 0.0000 8 1.0000 0.0000 1.8690 -12.0000 -4.0000 4.0000 -8.0000 8.0000 0.0000 0.2500 0.2500 0.2500 0.2500 0.2500 1.2500 1.9017 3.3926 
7.0000 56.0000 2.0000 2.0000 0.0000 7.3350 8 1.0000 0.0000 1.6300 -8.0000 4.0000 8.0000 0.0000 12.0000 -4.0000 0.2949 0.3387 0.1763 0.2363 0.2055 1.2517 1.9800 3.4775 
7.0000 37.0000 2.0000 0.0000 0.0000 -4.8900 8 1.0000 1.0000 0.8620 -6.0000 2.0000 10.0000 -2.0000 6.0000 -10.0000 0.2845 0.2095 0.2479 0.3559 0.1541 1.2519 1.9628 3.4778 
7.0000 45.0000 2.0000 2.0000 1.0000 -2.4450 2 -1.0000 0.0000 1.9950 -8.0000 0.0000 8.0000 -4.0000 12.0000 4.0000 0.2500 0.2500 0.2500 0.2500 0.2500 1.2500 1.8293 3.3425 
7.0000 16.0000 2.0000 -2.0000 1.0000 -4.8900 8 1.0000 1.0000 1.1410 -8.0000 0.0000 4.0000 -4.0000 8.0000 -12.0000 0.2500 0.2500 0.2500 0.2500 0.2500 1.2500 1.8141 3.3258 
7.0000 21.0000 2.0000 -2.0000 1.0000 7.3350 2 -1.0000 1.0000 2.0050 -4.0000 4.0000 8.0000 -12.0000 0.0000 -8.0000 0.2500 0.2500 0.2500 0.2500 0.2500 1.2500 1.8890 3.3925 
7.0000 27.0000 2.0000 -2.0000 0.0000 4.8900 2 -1.0000 1.0000 2.2320 8.0000 0.0000 -12.0000 4.0000 -8.0000 -4.0000 0.2652 0.3463 0.1622 0.3164 0.1633 1.2534 1.9249 3.4292 
7.0000 38.0000 2.0000 0.0000 0.0000 -2.4450 8 1.0000 1.0000 1.7980 -10.0000 2.0000 6.0000 -2.0000 10.0000 -6.0000 0.2671 0.3838 0.1686 0.2260 0.1983 1.2438 1.8670 3.3697 
7.0000 36.0000 2.0000 0.0000 0.0000 -7.3350 8 1.0000 1.0000 1.3470 10.0000 -2.0000 -10.0000 2.0000 -6.0000 6.0000 0.1691 0.3459 0.1733 0.2948 0.2669 1.2499 1.9157 3.4092 
7.0000 8.0000 2.0000 -4.0000 0.0000 -7.3350 8 1.0000 1.0000 2.4720 -6.0000 2.0000 6.0000 -14.0000 -2.0000 -10.0000 0.1839 0.3077 0.3844 0.2279 0.1502 1.2541 1.7837 3.2800 
7.0000 2.0000 2.0000 -4.0000 1.0000 -4.8900 8 1.0000 1.0000 1.5780 -10.0000 -2.0000 6.0000 -6.0000 2.0000 -14.0000 0.2500 0.2500 0.2500 0.2500 0.2500 1.2500 1.9092 3.4093 
7.0000 15.0000 2.0000 -2.0000 1.0000 -7.3350 8 1.0000 1.0000 1.2770 -8.0000 4.0000 8.0000 -12.0000 0.0000 -4.0000 0.2500 0.2500 0.2500 0.2500 0.2500 1.2500 1.9905 3.4927 
7.0000 11.0000 2.0000 -4.0000 0.0000 0.0000 8 1.0000 0.0000 1.5040 -2.0000 -10.0000 -14.0000 6.0000 -6.0000 2.0000 0.2244 0.2779 0.2376 0.1767 0.3392 1.2557 1.9179 3.4150 
7.0000 68.0000 2.0000 4.0000 0.0000 2.4450 2 -1.0000 1.0000 1.0930 6.0000 -2.0000 -6.0000 14.0000 2.0000 10.0000 0.2557 0.1777 0.2061 0.2485 0.3610 1.2490 1.8289 3.3415 
7.0000 5.0000 2.0000 -4.0000 1.0000 2.4450 8 1.0000 0.0000 1.9930 2.0000 -10.0000 -14.0000 6.0000 -6.0000 -2.0000 0.2500 0.2500 0.2500 0.2500 0.2500 1.2500 1.7883 3.2925 
7.0000 33.0000 2.0000 0.0000 1.0000 2.4450 8 1.0000 0.0000 2.0010 10.0000 2.0000 -6.0000 6.0000 -10.0000 -2.0000 0.2500 0.2500 0.2500 0.2500 0.2500 1.2500 1.8710 3.3759 
7.0000 49.0000 2.0000 2.0000 1.0000 7.3350 2 -1.0000 1.0000 0.9060 0.0000 8.0000 12.0000 -8.0000 4.0000 -4.0000 0.2500 0.2500 0.2500 0.2500 0.2500 1.2500 1.9967 3.4927 
7.0000 54.0000 2.0000 2.0000 0.0000 2.4450 2 -1.0000 1.0000 2.3360 0.0000 8.0000 12.0000 -8.0000 4.0000 -4.0000 0.2057 0.1690 0.3455 0.2465 0.2785 1.2451 1.7716 3.2710 
7.0000 24.0000 2.0000 -2.0000 0.0000 -2.4450 8 1.0000 1.0000 1.9980 4.0000 -4.0000 -12.0000 0.0000 -8.0000 8.0000 0.3481 0.2400 0.1884 0.2458 0.2188 1.2411 1.8163 3.3002 
7.0000 30.0000 2.0000 0.0000 1.0000 -4.8900 8 1.0000 1.0000 1.4080 10.0000 -2.0000 -6.0000 2.0000 -10.0000 6.0000 0.2500 0.2500 0.2500 0.2500 0.2500 1.2500 1.7982 3.2924 
7.0000 52.0000 2.0000 2.0000 0.0000 -2.4450 2 -1.0000 0.0000 2.6970 12.0000 0.0000 -4.0000 4.0000 -8.0000 8.0000 0.3898 0.1732 0.2604 0.1662 0.2676 1.2572 1.7819 3.2830 
7.0000 58.0000 2.0000 4.0000 1.0000 -4.8900 8 1.0000 1.0000 1.7960 10.0000 2.0000 -6.0000 6.0000 -2.0000 14.0000 0.2500 0.2500 0.2500 0.2500 0.2500 1.2500 1.8865 3.3759 
7.0000 53.0000 2.0000 2.0000 0.0000 0.0000 8 1.0000 0.0000 1.9480 12.0000 0.0000 -4.0000 4.0000 -8.0000 8.0000 0.1704 0.3091 0.2815 0.3172 0.1726 1.2509 1.8673 3.3600 
7.0000 14.0000 2.0000 -4.0000 0.0000 7.3350 2 -1.0000 1.0000 3.0070 6.0000 -2.0000 -14.0000 2.0000 -10.0000 -6.0000 0.3129 0.1606 0.2407 0.3587 0.1783 1.2511 1.8017 3.3104 
7.0000 44.0000 2.0000 2.0000 1.0000 -4.8900 8 1.0000 1.0000 0.8790 -4.0000 4.0000 12.0000 0.0000 8.0000 -8.0000 0.2500 0.2500 0.2500 0.2500 0.2500 1.2500 1.7890 3.2925 
7.0000 12.0000 2.0000 -4.0000 0.0000 2.4450 8 1.0000 0.0000 1.3400 2.0000 -6.0000 -10.0000 -2.0000 -14.0000 6.0000 0.2472 0.1642 0.3697 0.2618 0.2095 1.2525 1.8668 3.3783 
7.0000 4.0000 2.0000 -4.0000 1.0000 0.0000 8 1.0000 0.0000 2.2640 6.0000 -2.0000 -14.0000 2.0000 -10.0000 -6.0000 0.2500 0.2500 0.2500 0.2500 0.2500 1.2500 1.9400 3.4427 
7.0000 66.0000 3.0000 4.0000 0.0000 -2.4450 8 1.0000 1.0000 0.9780 10.0000 2.0000 -2.0000 6.0000 -6.0000 14.0000 0.2321 0.1596 0.2796 0.3203 0.2632 1.2549 1.9349 3.4308 
7.0000 31.0000 3.0000 0.0000 1.0000 -2.4450 2 -1.0000 0.0000 0.9240 -6.0000 2.0000 6.0000 -2.0000 10.0000 -10.0000 0.2500 0.2500 0.2500 0.2500 0.2500 1.2500 1.8271 3.3258 
7.0000 17.0000 3.0000 -2.0000 1.0000 -2.4450 8 1.0000 1.0000 1.6000 -8.0000 4.0000 8.0000 -12.0000 0.0000 -4.0000 0.2500 0.2500 0.2500 0.2500 0.2500 1.2500 1.8763 3.3759 
7.0000 48.0000 3.0000 2.0000 1.0000 4.8900 2 -1.0000 1.0000 1.0260 0.0000 8.0000 12.0000 -8.0000 4.0000 -4.0000 0.2500 0.2500 0.2500 0.2500 0.2500 1.2500 1.9595 3.4593 
7.0000 61.0000 3.0000 4.0000 1.0000 2.4450 2 -1.0000 1.0000 1.1560 -2.0000 10.0000 14.0000 -6.0000 6.0000 2.0000 0.2500 0.2500 0.2500 0.2500 0.2500 1.2500 1.9794 3.4760 
7.0000 36.0000 3.0000 0.0000 0.0000 -7.3350 8 1.0000 1.0000 0.8630 -6.0000 2.0000 6.0000 -2.0000 10.0000 -10.0000 0.3089 0.2798 0.1563 0.3153 0.1951 1.2554 1.7828 3.2979 
7.0000 30.0000 3.0000 0.0000 1.0000 -4.8900 8 1.0000 1.0000 1.0710 10.0000 -2.0000 -6.0000 2.0000 -10.0000 6.0000 0.2500 0.2500 0.2500 0.2500 0.2500 1.2500 1.7950 3.3092 
7.0000 12.0000 3.0000 -4.0000 0.0000 2.4450 8 1.0000 0.0000 1.9350 -10.0000 -2.0000 2.0000 -6.0000 6.0000 -14.0000 0.1709 0.2753 0.2502 0.1656 0.3793 1.2413 1.9363 3.4340 
7.0000 49.0000 3.0000 2.0000 1.0000 7.3350 2 -1.0000 1.0000 1.1700 -8.0000 4.0000 8.0000 0.0000 12.0000 -4.0000 0.2500 0.2500 0.2500 0.2500 0.2500 1.2500 1.8437 3.3427 
7.0000 43.0000 3.0000 2.0000 1.0000 -7.3350 8 1.0000 1.0000 1.0990 -4.0000 4.0000 12.0000 0.0000 8.0000 -8.0000 0.2500 0.2500 0.2500 0.2500 0.2500 1.2500 1.8360 3.3426 
7.0000 26.0000 3.0000 -2.0000 0.0000 2.4450 2 -1.0000 1.0000 1.8200 8.0000 0.0000 -12.0000 4.0000 -8.0000 -4.0000 0.2578 0.2019 0.2470 0.3238 0.2256 1.2563 1.7715 3.2820 
7.0000 32.0000 3.0000 0.0000 1.0000 0.0000 2 -1.0000 0.0000 1.2310 -10.0000 2.0000 10.0000 -2.0000 6.0000 -6.0000 0.2500 0.2500 0.2500 0.2500 0.2500 1.2500 1.9500 3.4426 
7.0000 13.0000 3.0000 -4.0000 0.0000 4.8900 2 -1.0000 1.0000 1.4750 2.0000 -6.0000 -10.0000 -2.0000 -14.0000 6.0000 0.2966 0.2414 0.2099 0.1597 0.3505 1.2580 1.9184 3.4172 
7.0000 10.0000 3.0000 -4.0000 0.0000 -2.4450 8 1.0000 1.0000 1.7770 6.0000 -6.0000 -10.0000 -2.0000 -14.0000 2.0000 0.3169 0.2740 0.2104 0.1795 0.2692 1.2499 1.8353 3.3259 
7.0000 29.0000 3.0000 0.0000 1.0000 -7.3350 8 1.0000 1.0000 1.2270 10.0000 2.0000 -10.0000 6.0000 -6.0000 -2.0000 0.2500 0.2500 0.2500 0.2500 0.2500 1.2500 1.8080 3.3091 
7.0000 52.0000 3.0000 2.0000 0.0000 -2.4450 2 -1.0000 0.0000 1.5030 -8.0000 4.0000 8.0000 0.0000 12.0000 -4.0000 0.2360 0.2704 0.2347 0.3435 0.1577 1.2423 1.9461 3.4350 
7.0000 45.0000 3.0000 2.0000 1.0000 -2.4450 2 -1.0000 0.0000 1.7410 8.0000 0.0000 -8.0000 4.0000 -4.0000 12.0000 0.2500 0.2500 0.2500 0.2500 0.2500 1.2500 1.7737 3.2758 
7.0000 16.0000 3.0000 -2.0000 1.0000 -4.8900 8 1.0000 1.0000 0.8520 -8.0000 0.0000 8.0000 -4.0000 4.0000 -12.0000 0.2500 0.2500 0.2500 0.2500 0.2500 1.2500 1.8878 3.3925 
7.0000 47.0000 3.0000 2.0000 1.0000 2.4450 2 -1.0000 1.0000 0.9080 -8.0000 4.0000 12.0000 0.0000 8.0000 -4.0000 0.2500 0.2500 0.2500 0.2500 0.2500 1.2500 1.9843 3.4926 
7.0000 40.0000 3.0000 0.0000 0.0000 2.4450 2 -1.0000 1.0000 1.4790 -6.0000 2.0000 6.0000 -2.0000 10.0000 -10.0000 0.3266 0.2344 0.2897 0.1518 0.2510 1.2535 1.8460 3.3459 
7.0000 37.0000 3.0000 0.0000 0.0000 -4.8900 2 -1.0000 0.0000 1.8380 -10.0000 -2.0000 6.0000 -6.0000 10.0000 2.0000 0.3051 0.2043 0.3145 0.2489 0.1747 1.2476 1.7956 3.2902 
7.0000 44.0000 3.0000 2.0000 1.0000 -4.8900 8 1.0000 1.0000 1.5740 8.0000 -4.0000 -8.0000 12.0000 0.0000 4.0000 0.2500 0.2500 0.2500 0.2500 0.2500 1.2500 1.8296 3.3259 
7.0000 18.0000 3.0000 -2.0000 1.0000 0.0000 8 1.0000 0.0000 1.4440 8.0000 -4.0000 -8.0000 0.0000 -12.0000 4.0000 0.2500 0.2500 0.2500 0.2500 0.2500 1.2500 1.9103 3.4091 
7.0000 56.0000 3.0000 2.0000 0.0000 7.3350 2 -1.0000 1.0000 1.1120 12.0000 4.0000 -4.0000 8.0000 -8.0000 0.0000 0.2709 0.3382 0.1674 0.2844 0.1809 1.2419 1.7665 3.2511 
7.0000 70.0000 3.0000 4.0000 0.0000 7.3350 2 -1.0000 1.0000 0.8070 -6.0000 2.0000 10.0000 -2.0000 14.0000 6.0000 0.3198 0.1808 0.2144 0.2467 0.2980 1.2596 1.9415 3.4521 
7.0000 46.0000 3.0000 2.0000 1.0000 0.0000 2 -1.0000 0.0000 2.1900 8.0000 0.0000 -8.0000 4.0000 -4.0000 12.0000 0.2500 0.2500 0.2500 0.2500 0.2500 1.2500 1.9256 3.4258 
7.0000 23.0000 3.0000 -2.0000 0.0000 -4.8900 2 -1.0000 0.0000 1.4080 -8.0000 4.0000 8.0000 -12.0000 0.0000 -4.0000 0.2254 0.3502 0.1828 0.3065 0.1816 1.2464 1.7783 3.2723 
7.0000 51.0000 3.0000 2.0000 0.0000 -4.8900 8 1.0000 1.0000 1.3020 4.0000 -4.0000 -8.0000 12.0000 0.0000 8.0000 0.1578 0.2636 0.2093 0.3642 0.2485 1.2434 1.9119 3.4193 
7.0000 19.0000 3.0000 -2.0000 1.0000 2.4450 8 1.0000 0.0000 1.7110 -12.0000 0.0000 8.0000 -4.0000 4.0000 -8.0000 0.2500 0.2500 0.2500 0.2500 0.2500 1.2500 1.8456 3.3594 
7.0000 15.0000 3.0000 -2.0000 1.0000 -7.3350 8 1.0000 1.0000 0.9140 -12.0000 0.0000 8.0000 -4.0000 4.0000 -8.0000 0.2500 0.2500 0.2500 0.2500 0.2500 1.2500 1.8865 3.3926 
7.0000 60.0000 3.0000 4.0000 1.0000 0.0000 2 -1.0000 0.0000 2.0230 14.0000 6.0000 -6.0000 10.0000 -2.0000 2.0000 0.2500 0.2500 0.2500 0.2500 0.2500 1.2500 1.9760 3.4760 
7.0000 67.0000 3.0000 4.0000 0.0000 0.0000 8 1.0000 0.0000 0.9070 -6.0000 6.0000 10.0000 2.0000 14.0000 -2.0000 0.2274 0.2734 0.2103 0.3076 0.2234 1.2421 1.9629 3.4515 
7.0000 38.0000 3.0000 0.0000 0.0000 -2.4450 8 1.0000 1.0000 1.9580 10.0000 -2.0000 -6.0000 2.0000 -10.0000 6.0000 0.2645 0.1667 0.3336 0.1741 0.3149 1.2539 1.9087 3.4132 
7.0000 24.0000 3.0000 -2.0000 0.0000 -2.4450 8 1.0000 1.0000 1.3690 0.0000 -8.0000 -12.0000 8.0000 -4.0000 4.0000 0.3264 0.2177 0.2765 0.2379 0.1889 1.2474 1.9619 3.4567 
7.0000 4.0000 3.0000 -4.0000 1.0000 0.0000 8 1.0000 0.0000 1.2700 6.0000 -2.0000 -14.0000 2.0000 -10.0000 -6.0000 0.2500 0.2500 0.2500 0.2500 0.2500 1.2500 1.8022 3.2926 
7.0000 58.0000 3.0000 4.0000 1.0000 -4.8900 8 1.0000 1.0000 1.4740 -6.0000 6.0000 14.0000 2.0000 10.0000 -2.0000 0.2500 0.2500 0.2500 0.2500 0.2500 1.2500 1.8616 3.3593 
7.0000 6.0000 3.0000 -4.0000 1.0000 4.8900 2 -1.0000 1.0000 1.8870 6.0000 -6.0000 -14.0000 -2.0000 -10.0000 2.0000 0.2500 0.2500 0.2500 0.2500 0.2500 1.2500 1.8407 3.3425 
7.0000 33.0000 3.0000 0.0000 1.0000 2.4450 2 -1.0000 1.0000 1.0960 -10.0000 -2.0000 10.0000 -6.0000 6.0000 2.0000 0.2500 0.2500 0.2500 0.2500 0.2500 1.2500 1.7784 3.2759 
7.0000 50.0000 3.0000 2.0000 0.0000 -7.3350 8 1.0000 1.0000 0.8900 -4.0000 4.0000 8.0000 0.0000 12.0000 -8.0000 0.2458 0.1669 0.3811 0.2642 0.1945 1.2525 1.8254 3.3283 
7.0000 21.0000 3.0000 -2.0000 1.0000 7.3350 8 1.0000 0.0000 1.8320 8.0000 0.0000 -12.0000 4.0000 -8.0000 -4.0000 0.2500 0.2500 0.2500 0.2500 0.2500 1.2500 1.8014 3.3092 
7.0000 63.0000 3.0000 4.0000 1.0000 7.3350 2 -1.0000 1.0000 1.1370 14.0000 2.0000 -6.0000 6.0000 -2.0000 10.0000 0.2500 0.2500 0.2500 0.2500 0.2500 1.2500 1.8451 3.3426 
7.0000 20.0000 3.0000 -2.0000 1.0000 4.8900 2 -1.0000 1.0000 1.7420 4.0000 -4.0000 -8.0000 0.0000 -12.0000 8.0000 0.2500 0.2500 0.2500 0.2500 0.2500 1.2500 1.7609 3.2592 
7.0000 55.0000 3.0000 2.0000 0.0000 4.8900 2 -1.0000 1.0000 1.3090 12.0000 0.0000 -4.0000 4.0000 -8.0000 8.0000 0.2026 0.3043 0.2424 0.3113 0.1883 1.2490 1.8999 3.4082 
7.0000 1.0000 3.0000 -4.0000 1.0000 -7.3350 8 1.0000 1.0000 1.6020 -2.0000 -10.0000 -14.0000 6.0000 -6.0000 2.0000 0.2500 0.2500 0.2500 0.2500 0.2500 1.2500 1.8172 3.3258 
7.0000 68.0000 3.0000 4.0000 0.0000 2.4450 2 -1.0000 1.0000 0.9980 10.0000 2.0000 -6.0000 6.0000 -2.0000 14.0000 0.1526 0.1857 0.3501 0.2401 0.3217 1.2503 1.7668 3.2594 
7.0000 41.0000 3.0000 0.0000 0.0000 4.8900 2 -1.0000 1.0000 1.5200 -6.0000 2.0000 10.0000 -2.0000 6.0000 -10.0000 0.2637 0.1978 0.3536 0.1595 0.2716 1.2462 1.9936 3.4888 
7.0000 64.0000 3.0000 4.0000 0.0000 -7.3350 8 1.0000 1.0000 1.1950 14.0000 2.0000 -6.0000 6.0000 -2.0000 10.0000 0.2850 0.1713 0.2424 0.3193 0.2287 1.2467 1.8469 3.3390 
7.0000 57.0000 3.0000 4.0000 1.0000 -7.3350 8 1.0000 1.0000 1.9120 14.0000 2.0000 -6.0000 6.0000 -2.0000 10.0000 0.2500 0.2500 0.2500 0.2500 0.2500 1.2500 1.7656 3.2591 
7.0000 59.0000 3.0000 4.0000 1.0000 -2.4450 2 -1.0000 0.0000 1.7280 10.0000 2.0000 -2.0000 6.0000 -6.0000 14.0000 0.2500 0.2500 0.2500 0.2500 0.2500 1.2500 1.9243 3.4258 
7.0000 9.0000 3.0000 -4.0000 0.0000 -4.8900 8 1.0000 1.0000 1.9380 -10.0000 -2.0000 6.0000 -6.0000 2.0000 -14.0000 0.1537 0.2307 0.3334 0.2180 0.3226 1.2584 1.8798 3.4011 
7.0000 3.0000 3.0000 -4.0000 1.0000 -2.4450 2 -1.0000 0.0000 1.9100 -14.0000 -6.0000 2.0000 -10.0000 6.0000 -2.0000 0.2500 0.2500 0.2500 0.2500 0.2500 1.2500 1.9848 3.4925 
7.0000 69.0000 3.0000 4.0000 0.0000 4.8900 2 -1.0000 1.0000 0.8330 14.0000 2.0000 -2.0000 6.0000 -6.0000 10.0000 0.1801 0.2550 0.3312 0.1516 0.3311 1.2490 1.7868 3.2915 
7.0000 2.0000 3.0000 -4.0000 1.0000 -4.8900 8 1.0000 1.0000 1.6800 6.0000 -6.0000 -10.0000 -2.0000 -14.0000 2.0000 0.2500 0.2500 0.2500 0.2500 0.2500 1.2500 1.8478 3.3593 
7.0000 34.0000 3.0000 0.0000 1.0000 4.8900 2 -1.0000 1.0000 1.6870 -2.0000 6.0000 10.0000 -10.0000 2.0000 -6.0000 0.2500 0.2500 0.2500 0.2500 0.2500 1.2500 1.8287 3.3260 
7.0000 28.0000 3.0000 -2.0000 0.0000 7.3350 2 -1.0000 1.0000 1.8980 8.0000 -4.0000 -12.0000 0.0000 -8.0000 4.0000 0.3429 0.1611 0.2132 0.3663 0.1729 1.2564 1.8201 3.3322 
7.0000 35.0000 3.0000 0.0000 1.0000 7.3350 2 -1.0000 1.0000 1.0950 -6.0000 6.0000 10.0000 -10.0000 2.0000 -2.0000 0.2500 0.2500 0.2500 0.2500 0.2500 1.2500 1.8170 3.3092 
7.0000 42.0000 3.0000 0.0000 0.0000 7.3350 2 -1.0000 1.0000 1.1730 -10.0000 2.0000 6.0000 -2.0000 10.0000 -6.0000 0.2612 0.1596 0.3424 0.1698 0.3199 1.2528 1.7879 3.2954 
7.0000 14.0000 3.0000 -4.0000 0.0000 7.3350 2 -1.0000 1.0000 1.3700 -10.0000 -2.0000 6.0000 -6.0000 2.0000 -14.0000 0.2722 0.2458 0.1857 0.3246 0.2137 1.2420 1.7960 3.2846 
7.0000 54.0000 3.0000 2.0000 0.0000 2.4450 2 -1.0000 1.0000 2.1510 -4.0000 8.0000 12.0000 -8.0000 4.0000 0.0000 0.1528 0.1981 0.2531 0.3919 0.2563 1.2522 1.9502 3.4448 
7.0000 62.0000 3.0000 4.0000 1.0000 4.8900 2 -1.0000 1.0000 1.0040 -2.0000 6.0000 14.0000 2.0000 10.0000 -6.0000 0.2500 0.2500 0.2500 0.2500 0.2500 1.2500 1.9766 3.4759 
7.0000 7.0000 3.0000 -4.0000 1.0000 7.3350 8 1.0000 0.0000 1.0980 -10.0000 2.0000 6.0000 -14.0000 -2.0000 -6.0000 0.2500 0.2500 0.2500 0.2500 0.2500 1.2500 1.8621 3.3758 
7.0000 11.0000 3.0000 -4.0000 0.0000 0.0000 2 -1.0000 0.0000 2.2770 -6.0000 2.0000 6.0000 -14.0000 -2.0000 -10.0000 0.2738 0.1829 0.3579 0.1730 0.2702 1.2579 1.8565 3.3670 
7.0000 8.0000 3.0000 -4.0000 0.0000 -7.3350 8 1.0000 1.0000 1.0050 -6.0000 2.0000 6.0000 -14.0000 -2.0000 -10.0000 0.1963 0.2998 0.3356 0.2456 0.1636 1.2409 1.7802 3.2834 
7.0000 22.0000 3.0000 -2.0000 0.0000 -7.3350 8 1.0000 1.0000 0.8520 -12.0000 -4.0000 4.0000 -8.0000 8.0000 0.0000 0.2042 0.1587 0.2375 0.3939 0.2496 1.2440 1.8272 3.3199 
7.0000 65.0000 3.0000 4.0000 0.0000 -4.8900 8 1.0000 1.0000 1.1280 6.0000 -2.0000 -6.0000 14.0000 2.0000 10.0000 0.3637 0.1783 0.2069 0.2860 0.2093 1.2443 1.9612 3.4535 
7.0000 5.0000 3.0000 -4.0000 1.0000 2.4450 8 1.0000 0.0000 0.8650 -2.0000 -10.0000 -14.0000 6.0000 -6.0000 2.0000 0.2500 0.2500 0.2500 0.2500 0.2500 1.2500 1.8693 3.3759 
7.0000 53.0000 3.0000 2.0000 0.0000 0.0000 2 -1.0000 0.0000 1.1060 -8.0000 0.0000 8.0000 -4.0000 12.0000 4.0000 0.2799 0.1891 0.2287 0.1532 0.3964 1.2474 1.9428 3.4399 
7.0000 27.0000 3.0000 -2.0000 0.0000 4.8900 2 -1.0000 1.0000 0.9760 -8.0000 0.0000 8.0000 -4.0000 4.0000 -12.0000 0.1683 0.3027 0.3631 0.2593 0.1605 1.2540 1.9929 3.4967 
7.0000 39.0000 3.0000 0.0000 0.0000 0.0000 8 1.0000 0.0000 1.3500 -2.0000 6.0000 10.0000 -10.0000 2.0000 -6.0000 0.2666 0.1902 0.2620 0.3579 0.1639 1.2406 1.9384 3.4333 
7.0000 25.0000 3.0000 -2.0000 0.0000 0.0000 8 1.0000 0.0000 2.2450 -4.0000 4.0000 8.0000 -12.0000 0.0000 -8.0000 0.3163 0.2772 0.2206 0.2639 0.1635 1.2416 1.7552 3.2341 
7.0000 15.0000 4.0000 -2.0000 1.0000 -7.3350 8 1.0000 1.0000 0.9080 -8.0000 0.0000 8.0000 -4.0000 4.0000 -12.0000 0.2500 0.2500 0.2500 0.2500 0.2500 1.2500 1.8443 3.3425 
7.0000 61.0000 4.0000 4.0000 1.0000 2.4450 2 -1.0000 1.0000 0.8200 -2.0000 6.0000 10.0000 2.0000 14.0000 -6.0000 0.2500 0.2500 0.2500 0.2500 0.2500 1.2500 1.9720 3.4593 
7.0000 21.0000 4.0000 -2.0000 1.0000 7.3350 2 -1.0000 1.0000 2.3010 -8.0000 0.0000 4.0000 -4.0000 8.0000 -12.0000 0.2500 0.2500 0.2500 0.2500 0.2500 1.2500 1.9752 3.4759 
7.0000 57.0000 4.0000 4.0000 1.0000 -7.3350 8 1.0000 1.0000 0.9480 14.0000 2.0000 -6.0000 6.0000 -2.0000 10.0000 0.2500 0.2500 0.2500 0.2500 0.2500 1.2500 1.9772 3.4759 
7.0000 13.0000 4.0000 -4.0000 0.0000 4.8900 2 -1.0000 1.0000 1.3980 -10.0000 2.0000 6.0000 -14.0000 -2.0000 -6.0000 0.3249 0.1621 0.3678 0.2167 0.1849 1.2563 1.7751 3.2822 
7.0000 9.0000 4.0000 -4.0000 0.0000 -4.8900 8 1.0000 1.0000 2.3750 2.0000 -10.0000 -14.0000 6.0000 -6.0000 -2.0000 0.2880 0.2581 0.1990 0.2392 0.2746 1.2590 1.8579 3.3681 
7.0000 70.0000 4.0000 4.0000 0.0000 7.3350 2 -1.0000 1.0000 1.6930 -6.0000 6.0000 10.0000 2.0000 14.0000 -2.0000 0.2236 0.1860 0.3026 0.1829 0.3599 1.2551 1.9132 3.4143 
7.0000 27.0000 4.0000 -2.0000 0.0000 4.8900 8 1.0000 0.0000 1.7160 4.0000 -8.0000 -12.0000 8.0000 -4.0000 0.0000 0.2025 0.2644 0.2148 0.1721 0.3917 1.2455 1.9606 3.4549 
7.0000 8.0000 4.0000 -4.0000 0.0000 -7.3350 8 1.0000 1.0000 0.9430 6.0000 -2.0000 -14.0000 2.0000 -10.0000 -6.0000 0.1525 0.2636 0.3388 0.2014 0.2909 1.2473 1.8679 3.3564 
7.0000 52.0000 4.0000 2.0000 0.0000 -2.4450 2 -1.0000 0.0000 1.6550 12.0000 4.0000 -4.0000 8.0000 -8.0000 0.0000 0.2600 0.3204 0.1673 0.3303 0.1745 1.2525 1.9428 3.4450 
7.0000 16.0000 4.0000 -2.0000 1.0000 -4.8900 8 1.0000 1.0000 1.0140 -8.0000 4.0000 8.0000 -12.0000 0.0000 -4.0000 0.2500 0.2500 0.2500 0.2500 0.2500 1.2500 1.8165 3.3092 
7.0000 45.0000 4.0000 2.0000 1.0000 -2.4450 8 1.0000 1.0000 1.0800 8.0000 0.0000 -8.0000 4.0000 -4.0000 12.0000 0.2500 0.2500 0.2500 0.2500 0.2500 1.2500 1.8139 3.3092 
7.0000 64.0000 4.0000 4.0000 0.0000 -7.3350 8 1.0000 1.0000 1.0590 14.0000 6.0000 -2.0000 10.0000 -6.0000 2.0000 0.1798 0.2850 0.2082 0.3597 0.2086 1.2414 1.9138 3.4006 
7.0000 54.0000 4.0000 2.0000 0.0000 2.4450 2 -1.0000 1.0000 1.0850 -4.0000 4.0000 12.0000 0.0000 8.0000 -8.0000 0.3440 0.2075 0.2947 0.1784 0.2189 1.2435 1.7533 3.2527 
7.0000 42.0000 4.0000 0.0000 0.0000 7.3350 2 -1.0000 1.0000 2.0740 2.0000 -6.0000 -10.0000 10.0000 -2.0000 6.0000 0.1803 0.3000 0.2235 0.3835 0.1572 1.2445 1.7787 3.2872 
7.0000 20.0000 4.0000 -2.0000 1.0000 4.8900 2 -1.0000 1.0000 2.1060 -12.0000 0.0000 8.0000 -4.0000 4.0000 -8.0000 0.2500 0.2500 0.2500 0.2500 0.2500 1.2500 1.9600 3.4592 
7.0000 2.0000 4.0000 -4.0000 1.0000 -4.8900 8 1.0000 1.0000 0.8610 -14.0000 -6.0000 6.0000 -10.0000 2.0000 -2.0000 0.2500 0.2500 0.2500 0.2500 0.2500 1.2500 1.8752 3.3758 
7.0000 19.0000 4.0000 -2.0000 1.0000 2.4450 2 -1.0000 1.0000 1.8710 -12.0000 0.0000 8.0000 -4.0000 4.0000 -8.0000 0.2500 0.2500 0.2500 0.2500 0.2500 1.2500 1.9423 3.4426 
7.0000 17.0000 4.0000 -2.0000 1.0000 -2.4450 8 1.0000 1.0000 1.1880 -12.0000 0.0000 8.0000 -4.0000 4.0000 -8.0000 0.2500 0.2500 0.2500 0.2500 0.2500 1.2500 1.8829 3.3758 
7.0000 62.0000 4.0000 4.0000 1.0000 4.8900 2 -1.0000 1.0000 1.1070 -6.0000 2.0000 14.0000 -2.0000 10.0000 6.0000 0.2500 0.2500 0.2500 0.2500 0.2500 1.2500 1.8830 3.3760 
7.0000 44.0000 4.0000 2.0000 1.0000 -4.8900 8 1.0000 1.0000 0.9260 12.0000 0.0000 -8.0000 4.0000 -4.0000 8.0000 0.2500 0.2500 0.2500 0.2500 0.2500 1.2500 1.8662 3.3592 
7.0000 32.0000 4.0000 0.0000 1.0000 0.0000 8 1.0000 0.0000 2.1000 -10.0000 -2.0000 10.0000 -6.0000 6.0000 2.0000 0.2500 0.2500 0.2500 0.2500 0.2500 1.2500 1.9723 3.4593 
7.0000 28.0000 4.0000 -2.0000 0.0000 7.3350 2 -1.0000 1.0000 1.1810 -12.0000 0.0000 4.0000 -4.0000 8.0000 -8.0000 0.3987 0.2599 0.2346 0.1607 0.1957 1.2496 1.7523 3.2421 
7.0000 3.0000 4.0000 -4.0000 1.0000 -2.4450 8 1.0000 1.0000 1.3230 -10.0000 -2.0000 2.0000 -6.0000 6.0000 -14.0000 0.2500 0.2500 0.2500 0.2500 0.2500 1.2500 1.9090 3.4093 
7.0000 69.0000 4.0000 4.0000 0.0000 4.8900 2 -1.0000 1.0000 1.4800 -6.0000 2.0000 10.0000 -2.0000 14.0000 6.0000 0.2555 0.3272 0.1507 0.1891 0.3350 1.2575 1.7748 3.2833 
7.0000 18.0000 4.0000 -2.0000 1.0000 0.0000 8 1.0000 0.0000 1.1980 -12.0000 0.0000 8.0000 -4.0000 4.0000 -8.0000 0.2500 0.2500 0.2500 0.2500 0.2500 1.2500 1.8192 3.3258 
7.0000 37.0000 4.0000 0.0000 0.0000 -4.8900 8 1.0000 1.0000 1.3890 -10.0000 2.0000 10.0000 -2.0000 6.0000 -6.0000 0.2272 0.1964 0.2524 0.3394 0.2259 1.2413 1.8407 3.3338 
7.0000 51.0000 4.0000 2.0000 0.0000 -4.8900 8 1.0000 1.0000 1.3950 -4.0000 4.0000 8.0000 0.0000 12.0000 -8.0000 0.1585 0.2886 0.2136 0.2472 0.3366 1.2445 1.8972 3.3870 
7.0000 33.0000 4.0000 0.0000 1.0000 2.4450 2 -1.0000 1.0000 2.1710 10.0000 2.0000 -10.0000 6.0000 -6.0000 -2.0000 0.2500 0.2500 0.2500 0.2500 0.2500 1.2500 1.8648 3.3593 
7.0000 23.0000 4.0000 -2.0000 0.0000 -4.8900 8 1.0000 1.0000 1.8650 -12.0000 0.0000 4.0000 -4.0000 8.0000 -8.0000 0.2805 0.1547 0.2245 0.2714 0.3244 1.2555 1.7830 3.2813 
7.0000 47.0000 4.0000 2.0000 1.0000 2.4450 2 -1.0000 1.0000 1.5120 8.0000 0.0000 -4.0000 4.0000 -8.0000 12.0000 0.2500 0.2500 0.2500 0.2500 0.2500 1.2500 1.8145 3.3091 
7.0000 56.0000 4.0000 2.0000 0.0000 7.3350 2 -1.0000 1.0000 1.0600 12.0000 4.0000 -4.0000 8.0000 -8.0000 0.0000 0.2316 0.2778 0.2075 0.3062 0.2347 1.2578 1.9728 3.4838 
7.0000 22.0000 4.0000 -2.0000 0.0000 -7.3350 8 1.0000 1.0000 1.6810 8.0000 -4.0000 -8.0000 0.0000 -12.0000 4.0000 0.1918 0.3789 0.2289 0.2860 0.1569 1.2425 1.9126 3.4018 
7.0000 30.0000 4.0000 0.0000 1.0000 -4.8900 8 1.0000 1.0000 1.0980 -2.0000 6.0000 10.0000 -10.0000 2.0000 -6.0000 0.2500 0.2500 0.2500 0.2500 0.2500 1.2500 1.9557 3.4425 
7.0000 10.0000 4.0000 -4.0000 0.0000 -2.4450 8 1.0000 1.0000 1.1080 -2.0000 -10.0000 -14.0000 6.0000 -6.0000 2.0000 0.2026 0.2938 0.1601 0.3567 0.2303 1.2434 1.9260 3.4193 
7.0000 12.0000 4.0000 -4.0000 0.0000 2.4450 2 -1.0000 1.0000 1.1460 -14.0000 -2.0000 6.0000 -6.0000 2.0000 -10.0000 0.3194 0.2233 0.1879 0.2744 0.2354 1.2404 1.7970 3.2996 
7.0000 50.0000 4.0000 2.0000 0.0000 -7.3350 2 -1.0000 0.0000 1.8050 8.0000 0.0000 -4.0000 4.0000 -8.0000 12.0000 0.2207 0.2646 0.2394 0.1699 0.3566 1.2511 1.7848 3.2937 
7.0000 1.0000 4.0000 -4.0000 1.0000 -7.3350 8 1.0000 1.0000 1.2640 6.0000 -6.0000 -14.0000 -2.0000 -10.0000 2.0000 0.2500 0.2500 0.2500 0.2500 0.2500 1.2500 1.7791 3.2758 
7.0000 43.0000 4.0000 2.0000 1.0000 -7.3350 8 1.0000 1.0000 1.8120 12.0000 0.0000 -8.0000 4.0000 -4.0000 8.0000 0.2500 0.2500 0.2500 0.2500 0.2500 1.2500 1.8804 3.3759 
7.0000 66.0000 4.0000 4.0000 0.0000 -2.4450 2 -1.0000 0.0000 1.3250 -6.0000 6.0000 10.0000 2.0000 14.0000 -2.0000 0.1624 0.3790 0.3295 0.1670 0.2071 1.2449 1.9696 3.4708 
7.0000 38.0000 4.0000 0.0000 0.0000 -2.4450 8 1.0000 1.0000 1.6070 10.0000 2.0000 -6.0000 6.0000 -10.0000 -2.0000 0.2327 0.3705 0.1790 0.2146 0.2606 1.2575 1.9185 3.4333 
7.0000 35.0000 4.0000 0.0000 1.0000 7.3350 2 -1.0000 1.0000 1.2050 6.0000 -2.0000 -10.0000 2.0000 -6.0000 10.0000 0.2500 0.2500 0.2500 0.2500 0.2500 1.2500 1.8331 3.3258 
7.0000 25.0000 4.0000 -2.0000 0.0000 0.0000 8 1.0000 0.0000 1.0320 4.0000 -4.0000 -8.0000 0.0000 -12.0000 8.0000 0.3444 0.2264 0.1732 0.3417 0.1735 1.2593 1.8340 3.3351 
7.0000 41.0000 4.0000 0.0000 0.0000 4.8900 2 -1.0000 1.0000 1.4430 -10.0000 -2.0000 10.0000 -6.0000 6.0000 2.0000 0.2513 0.1778 0.2928 0.2245 0.2992 1.2455 1.9037 3.3881 
7.0000 29.0000 4.0000 0.0000 1.0000 -7.3350 8 1.0000 1.0000 1.0560 10.0000 2.0000 -10.0000 6.0000 -6.0000 -2.0000 0.2500 0.2500 0.2500 0.2500 0.2500 1.2500 1.9361 3.4259 
7.0000 36.0000 4.0000 0.0000 0.0000 -7.3350 8 1.0000 1.0000 0.9990 6.0000 -2.0000 -6.0000 2.0000 -10.0000 10.0000 0.2326 0.3065 0.2205 0.3419 0.1575 1.2591 1.8555 3.3516 
7.0000 53.0000 4.0000 2.0000 0.0000 0.0000 8 1.0000 0.0000 1.6040 -8.0000 4.0000 8.0000 0.0000 12.0000 -4.0000 0.2019 0.3130 0.1991 0.1521 0.3805 1.2467 1.8950 3.4059 
7.0000 40.0000 4.0000 0.0000 0.0000 2.4450 8 1.0000 0.0000 1.7560 10.0000 -2.0000 -6.0000 2.0000 -10.0000 6.0000 0.1761 0.3878 0.2537 0.2264 0.1981 1.2422 1.8284 3.3348 
7.0000 39.0000 4.0000 0.0000 0.0000 0.0000 8 1.0000 0.0000 2.1650 -10.0000 -2.0000 10.0000 -6.0000 6.0000 2.0000 0.2501 0.1762 0.3669 0.2535 0.2034 1.2500 1.8004 3.3092 
7.0000 4.0000 4.0000 -4.0000 1.0000 0.0000 8 1.0000 0.0000 2.2900 -14.0000 -6.0000 6.0000 -10.0000 2.0000 -2.0000 0.2500 0.2500 0.2500 0.2500 0.2500 1.2500 1.9192 3.4260 
7.0000 34.0000 4.0000 0.0000 1.0000 4.8900 2 -1.0000 1.0000 1.8930 10.0000 2.0000 -6.0000 6.0000 -10.0000 -2.0000 0.2500 0.2500 0.2500 0.2500 0.2500 1.2500 1.9381 3.4426 
7.0000 11.0000 4.0000 -4.0000 0.0000 0.0000 8 1.0000 0.0000 2.4300 2.0000 -6.0000 -10.0000 -2.0000 -14.0000 6.0000 0.2235 0.1774 0.2070 0.2794 0.3633 1.2506 1.8886 3.3932 
7.0000 55.0000 4.0000 2.0000 0.0000 4.8900 2 -1.0000 1.0000 0.8160 -4.0000 4.0000 12.0000 0.0000 8.0000 -8.0000 0.1981 0.3220 0.2822 0.1525 0.2913 1.2461 1.9784 3.4719 
7.0000 6.0000 4.0000 -4.0000 1.0000 4.8900 8 1.0000 0.0000 1.3530 -6.0000 2.0000 6.0000 -14.0000 -2.0000 -10.0000 0.2500 0.2500 0.2500 0.2500 0.2500 1.2500 1.8213 3.3258 
7.0000 46.0000 4.0000 2.0000 1.0000 0.0000 8 1.0000 0.0000 1.6530 -8.0000 0.0000 12.0000 -4.0000 8.0000 4.0000 0.2500 0.2500 0.2500 0.2500 0.2500 1.2500 1.8157 3.3092 
7.0000 24.0000 4.0000 -2.0000 0.0000 -2.4450 8 1.0000 1.0000 1.1470 -12.0000 -4.0000 8.0000 -8.0000 4.0000 0.0000 0.3073 0.1933 0.3164 0.1809 0.2431 1.2410 1.8519 3.3335 
7.0000 65.0000 4.0000 4.0000 0.0000 -4.8900 8 1.0000 1.0000 1.4850 10.0000 -2.0000 -6.0000 14.0000 2.0000 6.0000 0.3114 0.2366 0.3140 0.1772 0.2094 1.2487 1.8263 3.3245 
7.0000 68.0000 4.0000 4.0000 0.0000 2.4450 2 -1.0000 1.0000 1.6140 -6.0000 2.0000 14.0000 -2.0000 10.0000 6.0000 0.3779 0.2747 0.2020 0.1508 0.2436 1.2491 1.9424 3.4418 
7.0000 14.0000 4.0000 -4.0000 0.0000 7.3350 2 -1.0000 1.0000 0.9780 -10.0000 2.0000 6.0000 -14.0000 -2.0000 -6.0000 0.2153 0.2550 0.1992 0.3308 0.2452 1.2455 1.7510 3.2547 
7.0000 26.0000 4.0000 -2.0000 0.0000 2.4450 8 1.0000 0.0000 1.1420 4.0000 -8.0000 -12.0000 8.0000 -4.0000 0.0000 0.2244 0.2959 0.1719 0.3710 0.1888 1.2520 1.7676 3.2778 
7.0000 48.0000 4.0000 2.0000 1.0000 4.8900 2 -1.0000 1.0000 1.4370 12.0000 4.0000 -8.0000 8.0000 -4.0000 0.0000 0.2500 0.2500 0.2500 0.2500 0.2500 1.2500 1.8699 3.3759 
7.0000 7.0000 4.0000 -4.0000 1.0000 7.3350 8 1.0000 0.0000 2.8000 6.0000 -2.0000 -10.0000 2.0000 -14.0000 -6.0000 0.2500 0.2500 0.2500 0.2500 0.2500 1.2500 1.9915 3.4925 
7.0000 58.0000 4.0000 4.0000 1.0000 -4.8900 8 1.0000 1.0000 0.8900 14.0000 2.0000 -2.0000 6.0000 -6.0000 10.0000 0.2500 0.2500 0.2500 0.2500 0.2500 1.2500 1.7777 3.2757 
7.0000 67.0000 4.0000 4.0000 0.0000 0.0000 2 -1.0000 0.0000 1.3260 10.0000 2.0000 -6.0000 6.0000 -2.0000 14.0000 0.3170 0.1607 0.1895 0.3235 0.2506 1.2414 1.8435 3.3339 
7.0000 63.0000 4.0000 4.0000 1.0000 7.3350 2 -1.0000 1.0000 0.8650 10.0000 2.0000 -2.0000 6.0000 -6.0000 14.0000 0.2500 0.2500 0.2500 0.2500 0.2500 1.2500 1.9033 3.3925 
7.0000 59.0000 4.0000 4.0000 1.0000 -2.4450 8 1.0000 1.0000 1.8910 -2.0000 10.0000 14.0000 -6.0000 6.0000 2.0000 0.2500 0.2500 0.2500 0.2500 0.2500 1.2500 1.9303 3.4259 
7.0000 5.0000 4.0000 -4.0000 1.0000 2.4450 8 1.0000 0.0000 0.9490 -10.0000 -2.0000 6.0000 -6.0000 2.0000 -14.0000 0.2500 0.2500 0.2500 0.2500 0.2500 1.2500 1.8856 3.3758 
7.0000 49.0000 4.0000 2.0000 1.0000 7.3350 2 -1.0000 1.0000 0.7350 -8.0000 0.0000 12.0000 -4.0000 8.0000 4.0000 0.2500 0.2500 0.2500 0.2500 0.2500 1.2500 1.8803 3.3759 
7.0000 60.0000 4.0000 4.0000 1.0000 0.0000 2 -1.0000 0.0000 1.7030 -6.0000 6.0000 10.0000 2.0000 14.0000 -2.0000 0.2500 0.2500 0.2500 0.2500 0.2500 1.2500 1.9019 3.4092 
7.0000 31.0000 4.0000 0.0000 1.0000 -2.4450 8 1.0000 1.0000 1.4810 -6.0000 2.0000 6.0000 -2.0000 10.0000 -10.0000 0.2500 0.2500 0.2500 0.2500 0.2500 1.2500 1.8972 3.4092 
7.0000 9.0000 5.0000 -4.0000 0.0000 -4.8900 8 1.0000 1.0000 0.8020 -14.0000 -2.0000 2.0000 -6.0000 6.0000 -10.0000 0.2960 0.1783 0.3752 0.1866 0.2224 1.2586 1.8215 3.3345 
7.0000 34.0000 5.0000 0.0000 1.0000 4.8900 2 -1.0000 1.0000 0.7710 10.0000 2.0000 -6.0000 6.0000 -10.0000 -2.0000 0.2500 0.2500 0.2500 0.2500 0.2500 1.2500 1.9708 3.4758 
7.0000 40.0000 5.0000 0.0000 0.0000 2.4450 2 -1.0000 1.0000 1.1270 -6.0000 2.0000 10.0000 -2.0000 6.0000 -10.0000 0.2685 0.2243 0.2572 0.2033 0.2927 1.2461 1.7830 3.2885 
7.0000 2.0000 5.0000 -4.0000 1.0000 -4.8900 8 1.0000 1.0000 1.1900 -10.0000 2.0000 6.0000 -14.0000 -2.0000 -6.0000 0.2500 0.2500 0.2500 0.2500 0.2500 1.2500 1.9351 3.4424 
7.0000 10.0000 5.0000 -4.0000 0.0000 -2.4450 8 1.0000 1.0000 0.8570 -10.0000 2.0000 6.0000 -14.0000 -2.0000 -6.0000 0.2908 0.3226 0.1655 0.1992 0.2793 1.2574 1.9469 3.4500 
7.0000 14.0000 5.0000 -4.0000 0.0000 7.3350 2 -1.0000 1.0000 1.2260 2.0000 -10.0000 -14.0000 6.0000 -6.0000 -2.0000 0.2275 0.3447 0.1932 0.1581 0.3252 1.2487 1.8321 3.3246 
7.0000 38.0000 5.0000 0.0000 0.0000 -2.4450 8 1.0000 1.0000 1.5130 2.0000 -6.0000 -10.0000 10.0000 -2.0000 6.0000 0.1865 0.3229 0.1694 0.3240 0.2542 1.2570 1.8355 3.3497 
7.0000 44.0000 5.0000 2.0000 1.0000 -4.8900 8 1.0000 1.0000 0.8990 12.0000 0.0000 -4.0000 4.0000 -8.0000 8.0000 0.2500 0.2500 0.2500 0.2500 0.2500 1.2500 1.8603 3.3591 
7.0000 5.0000 5.0000 -4.0000 1.0000 2.4450 2 -1.0000 1.0000 1.7630 -14.0000 -2.0000 2.0000 -6.0000 6.0000 -10.0000 0.2500 0.2500 0.2500 0.2500 0.2500 1.2500 1.9528 3.4426 
7.0000 13.0000 5.0000 -4.0000 0.0000 4.8900 2 -1.0000 1.0000 0.9240 -14.0000 -6.0000 2.0000 -10.0000 6.0000 -2.0000 0.3857 0.2520 0.1960 0.2636 0.1530 1.2504 1.8590 3.3597 
7.0000 60.0000 5.0000 4.0000 1.0000 0.0000 2 -1.0000 0.0000 1.2480 10.0000 2.0000 -2.0000 6.0000 -6.0000 14.0000 0.2500 0.2500 0.2500 0.2500 0.2500 1.2500 1.8506 3.3427 
7.0000 62.0000 5.0000 4.0000 1.0000 4.8900 2 -1.0000 1.0000 1.7650 14.0000 2.0000 -2.0000 6.0000 -6.0000 10.0000 0.2500 0.2500 0.2500 0.2500 0.2500 1.2500 1.8964 3.3925 
7.0000 18.0000 5.0000 -2.0000 1.0000 0.0000 8 1.0000 0.0000 1.4020 4.0000 -4.0000 -8.0000 0.0000 -12.0000 8.0000 0.2500 0.2500 0.2500 0.2500 0.2500 1.2500 1.9023 3.4093 
7.0000 27.0000 5.0000 -2.0000 0.0000 4.8900 2 -1.0000 1.0000 1.3810 4.0000 -8.0000 -12.0000 8.0000 -4.0000 0.0000 0.2299 0.1969 0.2888 0.3348 0.1946 1.2450 1.9722 3.4708 
7.0000 49.0000 5.0000 2.0000 1.0000 7.3350 8 1.0000 0.0000 1.8720 0.0000 8.0000 12.0000 -8.0000 4.0000 -4.0000 0.2500 0.2500 0.2500 0.2500 0.2500 1.2500 1.9918 3.4927 
7.0000 4.0000 5.0000 -4.0000 1.0000 0.0000 8 1.0000 0.0000 2.2110 6.0000 -6.0000 -10.0000 -2.0000 -14.0000 2.0000 0.2500 0.2500 0.2500 0.2500 0.2500 1.2500 1.8911 3.3926 
7.0000 36.0000 5.0000 0.0000 0.0000 -7.3350 8 1.0000 1.0000 1.2960 6.0000 -6.0000 -10.0000 10.0000 -2.0000 2.0000 0.2020 0.2935 0.1781 0.2447 0.3238 1.2421 1.9014 3.4013 
7.0000 1.0000 5.0000 -4.0000 1.0000 -7.3350 8 1.0000 1.0000 1.9630 6.0000 -2.0000 -14.0000 2.0000 -10.0000 -6.0000 0.2500 0.2500 0.2500 0.2500 0.2500 1.2500 1.8740 3.3759 
7.0000 59.0000 5.0000 4.0000 1.0000 -2.4450 8 1.0000 1.0000 1.8150 -2.0000 6.0000 10.0000 2.0000 14.0000 -6.0000 0.2500 0.2500 0.2500 0.2500 0.2500 1.2500 1.7577 3.2592 
7.0000 25.0000 5.0000 -2.0000 0.0000 0.0000 2 -1.0000 0.0000 1.2010 -8.0000 4.0000 8.0000 -12.0000 0.0000 -4.0000 0.3685 0.2205 0.1711 0.3016 0.1858 1.2474 1.9818 3.4734 
7.0000 3.0000 5.0000 -4.0000 1.0000 -2.4450 8 1.0000 1.0000 1.6860 2.0000 -6.0000 -14.0000 -2.0000 -10.0000 6.0000 0.2500 0.2500 0.2500 0.2500 0.2500 1.2500 1.9549 3.4426 
7.0000 67.0000 5.0000 4.0000 0.0000 0.0000 8 1.0000 0.0000 2.2370 2.0000 10.0000 14.0000 -6.0000 6.0000 -2.0000 0.2852 0.1990 0.3110 0.2612 0.1989 1.2552 1.9878 3.4812 
7.0000 32.0000 5.0000 0.0000 1.0000 0.0000 8 1.0000 0.0000 1.3730 2.0000 -6.0000 -10.0000 10.0000 -2.0000 6.0000 0.2500 0.2500 0.2500 0.2500 0.2500 1.2500 1.9799 3.4759 
7.0000 63.0000 5.0000 4.0000 1.0000 7.3350 2 -1.0000 1.0000 1.3370 -2.0000 6.0000 10.0000 2.0000 14.0000 -6.0000 0.2500 0.2500 0.2500 0.2500 0.2500 1.2500 1.9507 3.4594 
7.0000 8.0000 5.0000 -4.0000 0.0000 -7.3350 8 1.0000 1.0000 2.1260 -10.0000 -2.0000 6.0000 -6.0000 2.0000 -14.0000 0.2965 0.3457 0.1885 0.2332 0.1821 1.2460 1.8278 3.3218 
7.0000 45.0000 5.0000 2.0000 1.0000 -2.4450 8 1.0000 1.0000 2.3930 -4.0000 4.0000 8.0000 0.0000 12.0000 -8.0000 0.2500 0.2500 0.2500 0.2500 0.2500 1.2500 1.8325 3.3426 
7.0000 43.0000 5.0000 2.0000 1.0000 -7.3350 8 1.0000 1.0000 1.2830 -8.0000 0.0000 12.0000 -4.0000 8.0000 4.0000 0.2500 0.2500 0.2500 0.2500 0.2500 1.2500 1.9318 3.4258 
7.0000 47.0000 5.0000 2.0000 1.0000 2.4450 2 -1.0000 1.0000 1.8040 -8.0000 4.0000 12.0000 0.0000 8.0000 -4.0000 0.2500 0.2500 0.2500 0.2500 0.2500 1.2500 1.9582 3.4592 
7.0000 65.0000 5.0000 4.0000 0.0000 -4.8900 8 1.0000 1.0000 1.2370 14.0000 2.0000 -6.0000 6.0000 -2.0000 10.0000 0.1634 0.2456 0.2707 0.3107 0.2553 1.2456 1.8193 3.3215 
7.0000 21.0000 5.0000 -2.0000 1.0000 7.3350 2 -1.0000 1.0000 1.9660 8.0000 -4.0000 -12.0000 0.0000 -8.0000 4.0000 0.2500 0.2500 0.2500 0.2500 0.2500 1.2500 1.7953 3.2926 
7.0000 24.0000 5.0000 -2.0000 0.0000 -2.4450 8 1.0000 1.0000 0.8360 4.0000 -4.0000 -8.0000 0.0000 -12.0000 8.0000 0.2092 0.1713 0.2697 0.3741 0.2220 1.2463 1.9066 3.4057 
7.0000 51.0000 5.0000 2.0000 0.0000 -4.8900 8 1.0000 1.0000 1.2210 0.0000 8.0000 12.0000 -8.0000 4.0000 -4.0000 0.1815 0.2068 0.3521 0.2264 0.2762 1.2430 1.8362 3.3188 
7.0000 31.0000 5.0000 0.0000 1.0000 -2.4450 8 1.0000 1.0000 0.9600 10.0000 2.0000 -10.0000 6.0000 -6.0000 -2.0000 0.2500 0.2500 0.2500 0.2500 0.2500 1.2500 1.9594 3.4593 
7.0000 69.0000 5.0000 4.0000 0.0000 4.8900 2 -1.0000 1.0000 0.9330 2.0000 10.0000 14.0000 -6.0000 6.0000 -2.0000 0.3079 0.2488 0.2104 0.2683 0.2207 1.2561 1.9767 3.4988 
7.0000 33.0000 5.0000 0.0000 1.0000 2.4450 2 -1.0000 1.0000 1.3270 -2.0000 6.0000 10.0000 -10.0000 2.0000 -6.0000 0.2500 0.2500 0.2500 0.2500 0.2500 1.2500 1.8376 3.3425 
7.0000 11.0000 5.0000 -4.0000 0.0000 0.0000 8 1.0000 0.0000 1.2740 2.0000 -6.0000 -14.0000 -2.0000 -10.0000 6.0000 0.1852 0.2288 0.2631 0.3959 0.1727 1.2458 1.9828 3.4884 
7.0000 64.0000 5.0000 4.0000 0.0000 -7.3350 2 -1.0000 0.0000 1.3630 -6.0000 2.0000 10.0000 -2.0000 14.0000 6.0000 0.2343 0.2663 0.1693 0.3917 0.1951 1.2567 1.9789 3.4827 
7.0000 58.0000 5.0000 4.0000 1.0000 -4.8900 8 1.0000 1.0000 1.2620 -2.0000 10.0000 14.0000 -6.0000 6.0000 2.0000 0.2500 0.2500 0.2500 0.2500 0.2500 1.2500 1.9595 3.4593 
7.0000 30.0000 5.0000 0.0000 1.0000 -4.8900 8 1.0000 1.0000 1.1370 -2.0000 6.0000 10.0000 -10.0000 2.0000 -6.0000 0.2500 0.2500 0.2500 0.2500 0.2500 1.2500 1.9220 3.4259 
7.0000 39.0000 5.0000 0.0000 0.0000 0.0000 8 1.0000 0.0000 1.1970 2.0000 -6.0000 -10.0000 10.0000 -2.0000 6.0000 0.2640 0.3840 0.1671 0.2536 0.1909 1.2595 1.8286 3.3353 
7.0000 19.0000 5.0000 -2.0000 1.0000 2.4450 2 -1.0000 1.0000 1.8380 -12.0000 0.0000 4.0000 -4.0000 8.0000 -8.0000 0.2500 0.2500 0.2500 0.2500 0.2500 1.2500 1.7804 3.2757 
7.0000 70.0000 5.0000 4.0000 0.0000 7.3350 2 -1.0000 1.0000 1.0430 14.0000 6.0000 -2.0000 10.0000 -6.0000 2.0000 0.3629 0.2243 0.1913 0.1599 0.3091 1.2474 1.8913 3.3900 
7.0000 42.0000 5.0000 0.0000 0.0000 7.3350 2 -1.0000 1.0000 1.3170 -10.0000 2.0000 6.0000 -2.0000 10.0000 -6.0000 0.1925 0.2783 0.1827 0.3873 0.2075 1.2483 1.8156 3.3073 
7.0000 46.0000 5.0000 2.0000 1.0000 0.0000 2 -1.0000 0.0000 1.4350 -8.0000 4.0000 12.0000 0.0000 8.0000 -4.0000 0.2500 0.2500 0.2500 0.2500 0.2500 1.2500 1.9609 3.4592 
7.0000 56.0000 5.0000 2.0000 0.0000 7.3350 2 -1.0000 1.0000 1.3320 12.0000 0.0000 -8.0000 4.0000 -4.0000 8.0000 0.3322 0.1591 0.2269 0.1910 0.3384 1.2475 1.9524 3.4401 
7.0000 53.0000 5.0000 2.0000 0.0000 0.0000 2 -1.0000 0.0000 1.1050 12.0000 0.0000 -8.0000 4.0000 -4.0000 8.0000 0.2231 0.3221 0.2381 0.2970 0.1721 1.2525 1.9872 3.4952 
7.0000 37.0000 5.0000 0.0000 0.0000 -4.8900 8 1.0000 1.0000 1.0530 -6.0000 2.0000 10.0000 -2.0000 6.0000 -10.0000 0.3284 0.3545 0.1661 0.2324 0.1602 1.2417 1.8502 3.3509 
7.0000 66.0000 5.0000 4.0000 0.0000 -2.4450 2 -1.0000 0.0000 1.0400 2.0000 10.0000 14.0000 -6.0000 6.0000 -2.0000 0.3256 0.1888 0.3585 0.2087 0.1784 1.2599 1.8686 3.3858 
7.0000 15.0000 5.0000 -2.0000 1.0000 -7.3350 8 1.0000 1.0000 1.5720 -8.0000 0.0000 4.0000 -4.0000 8.0000 -12.0000 0.2500 0.2500 0.2500 0.2500 0.2500 1.2500 1.8887 3.3926 
7.0000 57.0000 5.0000 4.0000 1.0000 -7.3350 8 1.0000 1.0000 1.3380 2.0000 10.0000 14.0000 -6.0000 6.0000 -2.0000 0.2500 0.2500 0.2500 0.2500 0.2500 1.2500 1.7616 3.2591 
7.0000 48.0000 5.0000 2.0000 1.0000 4.8900 2 -1.0000 1.0000 1.8370 8.0000 0.0000 -8.0000 4.0000 -4.0000 12.0000 0.2500 0.2500 0.2500 0.2500 0.2500 1.2500 1.9879 3.4926 
7.0000 23.0000 5.0000 -2.0000 0.0000 -4.8900 8 1.0000 1.0000 0.9820 4.0000 -4.0000 -12.0000 0.0000 -8.0000 8.0000 0.1837 0.3022 0.2348 0.2078 0.3163 1.2449 1.7922 3.2874 
7.0000 35.0000 5.0000 0.0000 1.0000 7.3350 2 -1.0000 1.0000 0.8940 10.0000 -2.0000 -10.0000 2.0000 -6.0000 6.0000 0.2500 0.2500 0.2500 0.2500 0.2500 1.2500 1.9139 3.4091 
7.0000 54.0000 5.0000 2.0000 0.0000 2.4450 2 -1.0000 1.0000 1.4430 8.0000 0.0000 -8.0000 4.0000 -4.0000 12.0000 0.2512 0.1973 0.2754 0.3336 0.1917 1.2493 1.8143 3.3084 
7.0000 7.0000 5.0000 -4.0000 1.0000 7.3350 8 1.0000 0.0000 1.6310 -14.0000 -2.0000 6.0000 -6.0000 2.0000 -10.0000 0.2500 0.2500 0.2500 0.2500 0.2500 1.2500 1.9475 3.4427 
7.0000 26.0000 5.0000 -2.0000 0.0000 2.4450 2 -1.0000 1.0000 1.0590 -12.0000 -4.0000 4.0000 -8.0000 8.0000 0.0000 0.2383 0.1607 0.2416 0.3371 0.2637 1.2413 1.9844 3.4674 
7.0000 52.0000 5.0000 2.0000 0.0000 -2.4450 2 -1.0000 0.0000 2.3850 12.0000 0.0000 -8.0000 4.0000 -4.0000 8.0000 0.1948 0.3446 0.1782 0.3304 0.1922 1.2402 1.7773 3.2826 
7.0000 41.0000 5.0000 0.0000 0.0000 4.8900 2 -1.0000 1.0000 1.0320 -10.0000 -2.0000 10.0000 -6.0000 6.0000 2.0000 0.1515 0.2112 0.2731 0.2378 0.3827 1.2563 1.8828 3.3988 
7.0000 17.0000 5.0000 -2.0000 1.0000 -2.4450 8 1.0000 1.0000 1.0180 -8.0000 0.0000 8.0000 -4.0000 4.0000 -12.0000 0.2500 0.2500 0.2500 0.2500 0.2500 1.2500 1.9292 3.4261 
7.0000 50.0000 5.0000 2.0000 0.0000 -7.3350 8 1.0000 1.0000 0.9390 12.0000 4.0000 -8.0000 8.0000 -4.0000 0.0000 0.2802 0.1590 0.3098 0.2057 0.3052 1.2600 1.7862 3.3024 
7.0000 20.0000 5.0000 -2.0000 1.0000 4.8900 8 1.0000 0.0000 2.4510 -8.0000 0.0000 4.0000 -4.0000 8.0000 -12.0000 0.2500 0.2500 0.2500 0.2500 0.2500 1.2500 1.9599 3.4592 
7.0000 68.0000 5.0000 4.0000 0.0000 2.4450 2 -1.0000 1.0000 0.9170 -6.0000 6.0000 14.0000 2.0000 10.0000 -2.0000 0.2317 0.3802 0.1947 0.1501 0.2870 1.2436 1.8897 3.3862 
7.0000 55.0000 5.0000 2.0000 0.0000 4.8900 2 -1.0000 1.0000 1.3030 8.0000 0.0000 -4.0000 4.0000 -8.0000 12.0000 0.2337 0.3095 0.1624 0.2218 0.3275 1.2549 1.9267 3.4307 
7.0000 6.0000 5.0000 -4.0000 1.0000 4.8900 2 -1.0000 1.0000 0.9250 6.0000 -6.0000 -10.0000 -2.0000 -14.0000 2.0000 0.2500 0.2500 0.2500 0.2500 0.2500 1.2500 1.9874 3.4926 
7.0000 22.0000 5.0000 -2.0000 0.0000 -7.3350 8 1.0000 1.0000 1.6660 8.0000 0.0000 -8.0000 4.0000 -12.0000 -4.0000 0.3248 0.2023 0.3052 0.2256 0.1995 1.2573 1.9762 3.4832 
7.0000 16.0000 5.0000 -2.0000 1.0000 -4.8900 8 1.0000 1.0000 0.9900 -12.0000 -4.0000 4.0000 -8.0000 8.0000 0.0000 0.2500 0.2500 0.2500 0.2500 0.2500 1.2500 1.8967 3.3925 
7.0000 61.0000 5.0000 4.0000 1.0000 2.4450 2 -1.0000 1.0000 0.9040 -6.0000 2.0000 10.0000 -2.0000 14.0000 6.0000 0.2500 0.2500 0.2500 0.2500 0.2500 1.2500 1.8411 3.3425 
7.0000 12.0000 5.0000 -4.0000 0.0000 2.4450 8 1.0000 0.0000 1.2320 -2.0000 -10.0000 -14.0000 6.0000 -6.0000 2.0000 0.2490 0.2876 0.1635 0.3146 0.2374 1.2522 1.8802 3.3947 
7.0000 28.0000 5.0000 -2.0000 0.0000 7.3350 2 -1.0000 1.0000 1.4140 8.0000 -4.0000 -12.0000 0.0000 -8.0000 4.0000 0.3449 0.1761 0.2564 0.2836 0.1850 1.2461 1.8615 3.3719 
7.0000 29.0000 5.0000 0.0000 1.0000 -7.3350 8 1.0000 1.0000 0.7980 2.0000 -6.0000 -10.0000 10.0000 -2.0000 6.0000 0.2500 0.2500 0.2500 0.2500 0.2500 1.2500 1.8740 3.3758 
7.0000 39.0000 6.0000 0.0000 0.0000 0.0000 8 1.0000 0.0000 1.8780 -2.0000 6.0000 10.0000 -10.0000 2.0000 -6.0000 0.2584 0.2314 0.3827 0.2164 0.1573 1.2462 1.8111 3.3053 
7.0000 57.0000 6.0000 4.0000 1.0000 -7.3350 8 1.0000 1.0000 1.1170 10.0000 2.0000 -6.0000 6.0000 -2.0000 14.0000 0.2500 0.2500 0.2500 0.2500 0.2500 1.2500 1.7876 3.2926 
7.0000 32.0000 6.0000 0.0000 1.0000 0.0000 8 1.0000 0.0000 1.2440 -10.0000 -2.0000 6.0000 -6.0000 10.0000 2.0000 0.2500 0.2500 0.2500 0.2500 0.2500 1.2500 1.7698 3.2757 
7.0000 44.0000 6.0000 2.0000 1.0000 -4.8900 8 1.0000 1.0000 0.8530 -4.0000 8.0000 12.0000 -8.0000 4.0000 0.0000 0.2500 0.2500 0.2500 0.2500 0.2500 1.2500 1.7916 3.2925 
7.0000 45.0000 6.0000 2.0000 1.0000 -2.4450 2 -1.0000 0.0000 1.3960 -8.0000 4.0000 8.0000 0.0000 12.0000 -4.0000 0.2500 0.2500 0.2500 0.2500 0.2500 1.2500 1.8305 3.3259 
7.0000 10.0000 6.0000 -4.0000 0.0000 -2.4450 8 1.0000 1.0000 1.2500 -14.0000 -6.0000 6.0000 -10.0000 2.0000 -2.0000 0.2841 0.2036 0.2772 0.2262 0.2644 1.2556 1.9043 3.4148 
7.0000 23.0000 6.0000 -2.0000 0.0000 -4.8900 8 1.0000 1.0000 0.9110 8.0000 0.0000 -8.0000 4.0000 -12.0000 -4.0000 0.3219 0.2706 0.1842 0.3091 0.1682 1.2541 1.8454 3.3466 
7.0000 18.0000 6.0000 -2.0000 1.0000 0.0000 8 1.0000 0.0000 1.2140 -12.0000 0.0000 4.0000 -4.0000 8.0000 -8.0000 0.2500 0.2500 0.2500 0.2500 0.2500 1.2500 1.9864 3.4759 
7.0000 66.0000 6.0000 4.0000 0.0000 -2.4450 2 -1.0000 0.0000 1.7300 14.0000 6.0000 -2.0000 10.0000 -6.0000 2.0000 0.2591 0.1631 0.2361 0.2667 0.3239 1.2489 1.9504 3.4414 
7.0000 41.0000 6.0000 0.0000 0.0000 4.8900 2 -1.0000 1.0000 0.9970 -6.0000 6.0000 10.0000 -10.0000 2.0000 -2.0000 0.2270 0.1799 0.2081 0.3787 0.2562 1.2498 1.8143 3.3257 
7.0000 50.0000 6.0000 2.0000 0.0000 -7.3350 8 1.0000 1.0000 1.0640 -8.0000 0.0000 12.0000 -4.0000 8.0000 4.0000 0.2890 0.1679 0.2221 0.3889 0.1829 1.2509 1.9918 3.4936 
7.0000 7.0000 6.0000 -4.0000 1.0000 7.3350 2 -1.0000 1.0000 2.6220 -6.0000 2.0000 6.0000 -14.0000 -2.0000 -10.0000 0.2500 0.2500 0.2500 0.2500 0.2500 1.2500 1.7919 3.2925 
7.0000 34.0000 6.0000 0.0000 1.0000 4.8900 2 -1.0000 1.0000 1.5300 -10.0000 -2.0000 6.0000 -6.0000 10.0000 2.0000 0.2500 0.2500 0.2500 0.2500 0.2500 1.2500 1.8868 3.3925 
7.0000 60.0000 6.0000 4.0000 1.0000 0.0000 2 -1.0000 0.0000 1.9820 -6.0000 6.0000 14.0000 2.0000 10.0000 -2.0000 0.2500 0.2500 0.2500 0.2500 0.2500 1.2500 1.8067 3.3092 
7.0000 11.0000 6.0000 -4.0000 0.0000 0.0000 8 1.0000 0.0000 0.7660 -10.0000 2.0000 6.0000 -14.0000 -2.0000 -6.0000 0.3743 0.1853 0.2309 0.1579 0.3057 1.2541 1.9140 3.4133 
7.0000 69.0000 6.0000 4.0000 0.0000 4.8900 2 -1.0000 1.0000 0.6480 14.0000 2.0000 -2.0000 6.0000 -6.0000 10.0000 0.2536 0.1949 0.2755 0.3187 0.2131 1.2559 1.8032 3.3150 
7.0000 46.0000 6.0000 2.0000 1.0000 0.0000 8 1.0000 0.0000 1.9400 12.0000 4.0000 -4.0000 8.0000 -8.0000 0.0000 0.2500 0.2500 0.2500 0.2500 0.2500 1.2500 1.9025 3.3925 
7.0000 37.0000 6.0000 0.0000 0.0000 -4.8900 8 1.0000 1.0000 1.0700 6.0000 -2.0000 -10.0000 2.0000 -6.0000 10.0000 0.1719 0.3042 0.2457 0.3587 0.1635 1.2440 1.8974 3.3866 
7.0000 35.0000 6.0000 0.0000 1.0000 7.3350 2 -1.0000 1.0000 1.1740 10.0000 2.0000 -10.0000 6.0000 -6.0000 -2.0000 0.2500 0.2500 0.2500 0.2500 0.2500 1.2500 1.9644 3.4591 
7.0000 68.0000 6.0000 4.0000 0.0000 2.4450 2 -1.0000 1.0000 2.2200 14.0000 6.0000 -6.0000 10.0000 -2.0000 2.0000 0.1766 0.3094 0.3779 0.2184 0.1683 1.2506 1.9721 3.4598 
7.0000 24.0000 6.0000 -2.0000 0.0000 -2.4450 8 1.0000 1.0000 0.8400 4.0000 -4.0000 -12.0000 0.0000 -8.0000 8.0000 0.2521 0.1775 0.1515 0.3472 0.3152 1.2434 1.8832 3.3860 
7.0000 56.0000 6.0000 2.0000 0.0000 7.3350 2 -1.0000 1.0000 1.0560 0.0000 8.0000 12.0000 -8.0000 4.0000 -4.0000 0.2255 0.3075 0.1897 0.2181 0.3027 1.2434 1.9948 3.5028 
7.0000 19.0000 6.0000 -2.0000 1.0000 2.4450 8 1.0000 0.0000 1.0330 4.0000 -4.0000 -12.0000 0.0000 -8.0000 8.0000 0.2500 0.2500 0.2500 0.2500 0.2500 1.2500 1.9633 3.4760 
7.0000 54.0000 6.0000 2.0000 0.0000 2.4450 8 1.0000 0.0000 1.6210 -8.0000 4.0000 12.0000 0.0000 8.0000 -4.0000 0.1742 0.2213 0.1652 0.3709 0.3269 1.2585 1.8646 3.3844 
7.0000 63.0000 6.0000 4.0000 1.0000 7.3350 2 -1.0000 1.0000 1.2350 14.0000 6.0000 -2.0000 10.0000 -6.0000 2.0000 0.2500 0.2500 0.2500 0.2500 0.2500 1.2500 1.8693 3.3759 
7.0000 25.0000 6.0000 -2.0000 0.0000 0.0000 8 1.0000 0.0000 0.9680 -12.0000 -4.0000 4.0000 -8.0000 8.0000 0.0000 0.3370 0.2054 0.2596 0.1769 0.2672 1.2461 1.8978 3.3887 
7.0000 51.0000 6.0000 2.0000 0.0000 -4.8900 8 1.0000 1.0000 0.8530 4.0000 -4.0000 -8.0000 12.0000 0.0000 8.0000 0.1543 0.2675 0.1875 0.3788 0.2540 1.2422 1.8104 3.3014 
7.0000 53.0000 6.0000 2.0000 0.0000 0.0000 2 -1.0000 0.0000 1.2710 -8.0000 4.0000 8.0000 0.0000 12.0000 -4.0000 0.1764 0.2112 0.3817 0.3102 0.1685 1.2481 1.9566 3.4572 
7.0000 47.0000 6.0000 2.0000 1.0000 2.4450 8 1.0000 0.0000 1.2230 4.0000 -4.0000 -8.0000 12.0000 0.0000 8.0000 0.2500 0.2500 0.2500 0.2500 0.2500 1.2500 1.7810 3.2759 
7.0000 38.0000 6.0000 0.0000 0.0000 -2.4450 2 -1.0000 0.0000 1.2160 10.0000 -2.0000 -10.0000 2.0000 -6.0000 6.0000 0.2915 0.1765 0.2049 0.3003 0.2726 1.2459 1.8082 3.3051 
7.0000 52.0000 6.0000 2.0000 0.0000 -2.4450 8 1.0000 1.0000 0.9590 -4.0000 8.0000 12.0000 -8.0000 4.0000 0.0000 0.3424 0.1594 0.2165 0.3283 0.2016 1.2482 1.8378 3.3240 
7.0000 62.0000 6.0000 4.0000 1.0000 4.8900 8 1.0000 0.0000 1.4970 2.0000 10.0000 14.0000 -6.0000 6.0000 -2.0000 0.2500 0.2500 0.2500 0.2500 0.2500 1.2500 1.8768 3.3759 
7.0000 36.0000 6.0000 0.0000 0.0000 -7.3350 8 1.0000 1.0000 0.9620 -2.0000 6.0000 10.0000 -10.0000 2.0000 -6.0000 0.3170 0.1873 0.3520 0.2184 0.1721 1.2467 1.8707 3.3727 
7.0000 48.0000 6.0000 2.0000 1.0000 4.8900 8 1.0000 0.0000 1.4360 -4.0000 4.0000 12.0000 0.0000 8.0000 -8.0000 0.2500 0.2500 0.2500 0.2500 0.2500 1.2500 1.8456 3.3591 
7.0000 12.0000 6.0000 -4.0000 0.0000 2.4450 8 1.0000 0.0000 1.6040 -14.0000 -6.0000 2.0000 -10.0000 6.0000 -2.0000 0.1564 0.3980 0.3021 0.1527 0.2493 1.2585 1.7787 3.2844 
7.0000 42.0000 6.0000 0.0000 0.0000 7.3350 2 -1.0000 1.0000 2.1750 -10.0000 2.0000 10.0000 -2.0000 6.0000 -6.0000 0.1587 0.2344 0.3186 0.2055 0.3423 1.2595 1.9899 3.5020 
7.0000 6.0000 6.0000 -4.0000 1.0000 4.8900 8 1.0000 0.0000 1.4610 -14.0000 -6.0000 2.0000 -10.0000 6.0000 -2.0000 0.2500 0.2500 0.2500 0.2500 0.2500 1.2500 1.8965 3.3926 
7.0000 1.0000 6.0000 -4.0000 1.0000 -7.3350 8 1.0000 1.0000 0.8280 6.0000 -6.0000 -10.0000 -2.0000 -14.0000 2.0000 0.2500 0.2500 0.2500 0.2500 0.2500 1.2500 1.7966 3.2924 
7.0000 55.0000 6.0000 2.0000 0.0000 4.8900 2 -1.0000 1.0000 0.9530 12.0000 4.0000 -8.0000 8.0000 -4.0000 0.0000 0.2889 0.1739 0.2496 0.3651 0.1757 1.2531 1.7531 3.2623 
7.0000 61.0000 6.0000 4.0000 1.0000 2.4450 8 1.0000 0.0000 1.2940 -2.0000 10.0000 14.0000 -6.0000 6.0000 2.0000 0.2500 0.2500 0.2500 0.2500 0.2500 1.2500 1.9331 3.4258 
7.0000 58.0000 6.0000 4.0000 1.0000 -4.8900 8 1.0000 1.0000 1.5430 -2.0000 6.0000 14.0000 2.0000 10.0000 -6.0000 0.2500 0.2500 0.2500 0.2500 0.2500 1.2500 1.9856 3.4759 
7.0000 14.0000 6.0000 -4.0000 0.0000 7.3350 2 -1.0000 1.0000 2.0130 6.0000 -2.0000 -10.0000 2.0000 -14.0000 -6.0000 0.1918 0.3644 0.2447 0.1736 0.2726 1.2471 1.7628 3.2562 
7.0000 22.0000 6.0000 -2.0000 0.0000 -7.3350 8 1.0000 1.0000 0.7840 8.0000 -4.0000 -12.0000 0.0000 -8.0000 4.0000 0.1795 0.3683 0.2116 0.2919 0.1913 1.2427 1.9551 3.4352 
7.0000 65.0000 6.0000 4.0000 0.0000 -4.8900 8 1.0000 1.0000 1.5100 2.0000 10.0000 14.0000 -6.0000 6.0000 -2.0000 0.3368 0.3098 0.1795 0.2282 0.1914 1.2457 1.9119 3.4216 
7.0000 13.0000 6.0000 -4.0000 0.0000 4.8900 2 -1.0000 1.0000 1.7730 -14.0000 -6.0000 6.0000 -10.0000 2.0000 -2.0000 0.1536 0.3227 0.1614 0.3648 0.2507 1.2533 1.7633 3.2791 
7.0000 15.0000 6.0000 -2.0000 1.0000 -7.3350 8 1.0000 1.0000 1.1520 4.0000 -4.0000 -12.0000 0.0000 -8.0000 8.0000 0.2500 0.2500 0.2500 0.2500 0.2500 1.2500 1.7507 3.2591 
7.0000 4.0000 6.0000 -4.0000 1.0000 0.0000 8 1.0000 0.0000 1.0870 2.0000 -10.0000 -14.0000 6.0000 -6.0000 -2.0000 0.2500 0.2500 0.2500 0.2500 0.2500 1.2500 1.9131 3.4094 
7.0000 43.0000 6.0000 2.0000 1.0000 -7.3350 8 1.0000 1.0000 0.8010 -8.0000 4.0000 8.0000 0.0000 12.0000 -4.0000 0.2500 0.2500 0.2500 0.2500 0.2500 1.2500 1.7561 3.2591 
7.0000 30.0000 6.0000 0.0000 1.0000 -4.8900 8 1.0000 1.0000 0.8720 -6.0000 2.0000 10.0000 -2.0000 6.0000 -10.0000 0.2500 0.2500 0.2500 0.2500 0.2500 1.2500 1.8544 3.3592 
7.0000 21.0000 6.0000 -2.0000 1.0000 7.3350 2 -1.0000 1.0000 1.4310 -12.0000 0.0000 4.0000 -4.0000 8.0000 -8.0000 0.2500 0.2500 0.2500 0.2500 0.2500 1.2500 1.7955 3.2925 
7.0000 67.0000 6.0000 4.0000 0.0000 0.0000 8 1.0000 0.0000 2.0590 10.0000 2.0000 -6.0000 6.0000 -2.0000 14.0000 0.2530 0.3009 0.1800 0.2117 0.2961 1.2417 1.9322 3.4176 
7.0000 17.0000 6.0000 -2.0000 1.0000 -2.4450 8 1.0000 1.0000 1.0360 0.0000 -8.0000 -12.0000 8.0000 -4.0000 4.0000 0.2500 0.2500 0.2500 0.2500 0.2500 1.2500 1.9633 3.4593 
7.0000 28.0000 6.0000 -2.0000 0.0000 7.3350 8 1.0000 0.0000 1.4010 -12.0000 -4.0000 4.0000 -8.0000 8.0000 0.0000 0.2420 0.2731 0.1743 0.3328 0.2214 1.2436 1.9371 3.4196 
7.0000 59.0000 6.0000 4.0000 1.0000 -2.4450 2 -1.0000 0.0000 1.0240 10.0000 -2.0000 -6.0000 14.0000 2.0000 6.0000 0.2500 0.2500 0.2500 0.2500 0.2500 1.2500 1.8638 3.3592 
7.0000 33.0000 6.0000 0.0000 1.0000 2.4450 2 -1.0000 1.0000 1.3280 -10.0000 2.0000 10.0000 -2.0000 6.0000 -6.0000 0.2500 0.2500 0.2500 0.2500 0.2500 1.2500 1.8342 3.3425 
7.0000 64.0000 6.0000 4.0000 0.0000 -7.3350 8 1.0000 1.0000 0.6840 2.0000 10.0000 14.0000 -6.0000 6.0000 -2.0000 0.2674 0.2284 0.2913 0.2566 0.2044 1.2481 1.8109 3.3239 
7.0000 29.0000 6.0000 0.0000 1.0000 -7.3350 8 1.0000 1.0000 0.8590 -10.0000 -2.0000 6.0000 -6.0000 10.0000 2.0000 0.2500 0.2500 0.2500 0.2500 0.2500 1.2500 1.7661 3.2759 
7.0000 9.0000 6.0000 -4.0000 0.0000 -4.8900 8 1.0000 1.0000 0.8600 6.0000 -2.0000 -10.0000 2.0000 -14.0000 -6.0000 0.2933 0.2413 0.3495 0.1638 0.1975 1.2454 1.7515 3.2546 
7.0000 40.0000 6.0000 0.0000 0.0000 2.4450 2 -1.0000 1.0000 0.9770 -10.0000 -2.0000 10.0000 -6.0000 6.0000 2.0000 0.3349 0.1989 0.1714 0.2249 0.3184 1.2485 1.8962 3.3909 
7.0000 8.0000 6.0000 -4.0000 0.0000 -7.3350 8 1.0000 1.0000 0.8700 -2.0000 -10.0000 -14.0000 6.0000 -6.0000 2.0000 0.1811 0.3517 0.2926 0.1856 0.2335 1.2444 1.9142 3.4036 
7.0000 2.0000 6.0000 -4.0000 1.0000 -4.8900 8 1.0000 1.0000 0.7990 -14.0000 -2.0000 6.0000 -6.0000 2.0000 -10.0000 0.2500 0.2500 0.2500 0.2500 0.2500 1.2500 1.7635 3.2591 
7.0000 5.0000 6.0000 -4.0000 1.0000 2.4450 8 1.0000 0.0000 0.9700 -2.0000 -10.0000 -14.0000 6.0000 -6.0000 2.0000 0.2500 0.2500 0.2500 0.2500 0.2500 1.2500 1.9528 3.4592 
7.0000 16.0000 6.0000 -2.0000 1.0000 -4.8900 8 1.0000 1.0000 0.7910 4.0000 -8.0000 -12.0000 8.0000 -4.0000 0.0000 0.2500 0.2500 0.2500 0.2500 0.2500 1.2500 1.9725 3.4758 
7.0000 20.0000 6.0000 -2.0000 1.0000 4.8900 8 1.0000 0.0000 0.9730 8.0000 -4.0000 -12.0000 0.0000 -8.0000 4.0000 0.2500 0.2500 0.2500 0.2500 0.2500 1.2500 1.9480 3.4425 
7.0000 3.0000 6.0000 -4.0000 1.0000 -2.4450 8 1.0000 1.0000 1.2670 2.0000 -6.0000 -14.0000 -2.0000 -10.0000 6.0000 0.2500 0.2500 0.2500 0.2500 0.2500 1.2500 1.9407 3.4425 
7.0000 27.0000 6.0000 -2.0000 0.0000 4.8900 2 -1.0000 1.0000 1.0060 8.0000 0.0000 -8.0000 4.0000 -12.0000 -4.0000 0.2131 0.3032 0.1676 0.2293 0.3298 1.2431 1.9221 3.4023 
7.0000 26.0000 6.0000 -2.0000 0.0000 2.4450 8 1.0000 0.0000 0.8880 8.0000 -4.0000 -12.0000 0.0000 -8.0000 4.0000 0.2060 0.1502 0.3847 0.3196 0.1972 1.2578 1.8208 3.3336 
7.0000 49.0000 6.0000 2.0000 1.0000 7.3350 2 -1.0000 1.0000 0.9830 0.0000 8.0000 12.0000 -8.0000 4.0000 -4.0000 0.2500 0.2500 0.2500 0.2500 0.2500 1.2500 1.9279 3.4426 
7.0000 31.0000 6.0000 0.0000 1.0000 -2.4450 8 1.0000 1.0000 0.9010 10.0000 -2.0000 -6.0000 2.0000 -10.0000 6.0000 0.2500 0.2500 0.2500 0.2500 0.2500 1.2500 1.8857 3.3925 
7.0000 70.0000 6.0000 4.0000 0.0000 7.3350 8 1.0000 0.0000 0.8650 14.0000 2.0000 -2.0000 6.0000 -6.0000 10.0000 0.2984 0.1851 0.2428 0.3057 0.2221 1.2541 1.8535 3.3634 
