subNo index block mean periodicity testLevel pressedKey answer isCorrect rt s1 s2 s3 s4 s5 s6 t1 t2 t3 t4 t5 seqDuration startInterval trialDuration 
4.0000 65.0000 1.0000 4.0000 0.0000 -4.4000 2 1.0000 1.0000 1.6260 -2.0000 6.0000 14.0000 2.0000 10.0000 -6.0000 0.3519 0.1752 0.3322 0.1563 0.2399 1.2555 1.7874 3.2981 
4.0000 48.0000 1.0000 2.0000 1.0000 4.4000 2 1.0000 0.0000 1.0900 12.0000 4.0000 -4.0000 8.0000 -8.0000 0.0000 0.2500 0.2500 0.2500 0.2500 0.2500 1.2500 1.8185 3.3259 
4.0000 32.0000 1.0000 0.0000 1.0000 0.0000 8 -1.0000 0.0000 1.5860 -10.0000 2.0000 6.0000 -2.0000 10.0000 -6.0000 0.2500 0.2500 0.2500 0.2500 0.2500 1.2500 1.7837 3.2758 
4.0000 63.0000 1.0000 4.0000 1.0000 6.6000 8 -1.0000 1.0000 0.5410 -6.0000 2.0000 10.0000 -2.0000 14.0000 6.0000 0.2500 0.2500 0.2500 0.2500 0.2500 1.2500 1.9476 3.4427 
4.0000 55.0000 1.0000 2.0000 0.0000 4.4000 8 -1.0000 1.0000 1.4040 12.0000 4.0000 -4.0000 8.0000 -8.0000 0.0000 0.1668 0.3921 0.3101 0.2310 0.1508 1.2508 1.9799 3.4768 
4.0000 64.0000 1.0000 4.0000 0.0000 -6.6000 2 1.0000 1.0000 1.0460 -6.0000 6.0000 10.0000 2.0000 14.0000 -2.0000 0.3703 0.1861 0.2245 0.1680 0.3102 1.2590 1.7997 3.3015 
4.0000 42.0000 1.0000 0.0000 0.0000 6.6000 8 -1.0000 1.0000 0.7060 -2.0000 6.0000 10.0000 -10.0000 2.0000 -6.0000 0.1527 0.1844 0.3078 0.3514 0.2539 1.2502 1.7684 3.2594 
4.0000 52.0000 1.0000 2.0000 0.0000 -2.2000 2 1.0000 1.0000 1.0450 -4.0000 4.0000 8.0000 0.0000 12.0000 -8.0000 0.2130 0.3310 0.2360 0.1996 0.2750 1.2545 1.9701 3.4805 
4.0000 27.0000 1.0000 -2.0000 0.0000 4.4000 8 -1.0000 1.0000 0.9020 8.0000 -4.0000 -12.0000 0.0000 -8.0000 4.0000 0.3447 0.2910 0.1562 0.1862 0.2806 1.2586 1.8260 3.3345 
4.0000 25.0000 1.0000 -2.0000 0.0000 0.0000 8 -1.0000 0.0000 0.9560 -12.0000 0.0000 8.0000 -4.0000 4.0000 -8.0000 0.1751 0.2546 0.2086 0.3975 0.2187 1.2545 1.9330 3.4471 
4.0000 28.0000 1.0000 -2.0000 0.0000 6.6000 8 -1.0000 1.0000 1.4980 4.0000 -4.0000 -8.0000 0.0000 -12.0000 8.0000 0.3895 0.1665 0.3601 0.1918 0.1503 1.2582 1.9288 3.4340 
4.0000 60.0000 1.0000 4.0000 1.0000 0.0000 2 1.0000 0.0000 0.8610 -6.0000 6.0000 10.0000 2.0000 14.0000 -2.0000 0.2500 0.2500 0.2500 0.2500 0.2500 1.2500 1.8399 3.3425 
4.0000 4.0000 1.0000 -4.0000 1.0000 0.0000 8 -1.0000 0.0000 1.7790 -14.0000 -6.0000 6.0000 -10.0000 2.0000 -2.0000 0.2500 0.2500 0.2500 0.2500 0.2500 1.2500 1.8607 3.3593 
4.0000 57.0000 1.0000 4.0000 1.0000 -6.6000 2 1.0000 1.0000 0.8300 6.0000 -2.0000 -6.0000 14.0000 2.0000 10.0000 0.2500 0.2500 0.2500 0.2500 0.2500 1.2500 1.8480 3.3426 
4.0000 53.0000 1.0000 2.0000 0.0000 0.0000 2 1.0000 0.0000 0.8130 12.0000 4.0000 -4.0000 8.0000 -8.0000 0.0000 0.1695 0.1963 0.3464 0.2180 0.3290 1.2592 1.8028 3.3183 
4.0000 70.0000 1.0000 4.0000 0.0000 6.6000 8 -1.0000 1.0000 0.6690 6.0000 -2.0000 -6.0000 14.0000 2.0000 10.0000 0.1578 0.2633 0.2350 0.3430 0.2427 1.2420 1.8181 3.3011 
4.0000 33.0000 1.0000 0.0000 1.0000 2.2000 2 1.0000 0.0000 0.9620 6.0000 -2.0000 -6.0000 2.0000 -10.0000 10.0000 0.2500 0.2500 0.2500 0.2500 0.2500 1.2500 1.9156 3.4093 
4.0000 58.0000 1.0000 4.0000 1.0000 -4.4000 2 1.0000 1.0000 0.6210 14.0000 6.0000 -6.0000 10.0000 -2.0000 2.0000 0.2500 0.2500 0.2500 0.2500 0.2500 1.2500 1.7697 3.2591 
4.0000 50.0000 1.0000 2.0000 0.0000 -6.6000 2 1.0000 1.0000 0.4980 12.0000 4.0000 -4.0000 8.0000 -8.0000 0.0000 0.2193 0.2690 0.3041 0.2152 0.2407 1.2483 1.7715 3.2575 
4.0000 18.0000 1.0000 -2.0000 1.0000 0.0000 2 1.0000 0.0000 0.4500 8.0000 0.0000 -8.0000 4.0000 -12.0000 -4.0000 0.2500 0.2500 0.2500 0.2500 0.2500 1.2500 1.7673 3.2759 
4.0000 49.0000 1.0000 2.0000 1.0000 6.6000 8 -1.0000 1.0000 1.8960 12.0000 4.0000 -8.0000 8.0000 -4.0000 0.0000 0.2500 0.2500 0.2500 0.2500 0.2500 1.2500 1.7788 3.2924 
4.0000 2.0000 1.0000 -4.0000 1.0000 -4.4000 2 1.0000 1.0000 0.6820 -6.0000 2.0000 6.0000 -14.0000 -2.0000 -10.0000 0.2500 0.2500 0.2500 0.2500 0.2500 1.2500 1.9280 3.4260 
4.0000 59.0000 1.0000 4.0000 1.0000 -2.2000 2 1.0000 1.0000 0.8560 14.0000 2.0000 -6.0000 6.0000 -2.0000 10.0000 0.2500 0.2500 0.2500 0.2500 0.2500 1.2500 1.8437 3.3425 
4.0000 37.0000 1.0000 0.0000 0.0000 -4.4000 2 1.0000 1.0000 0.5900 10.0000 -2.0000 -10.0000 2.0000 -6.0000 6.0000 0.2231 0.3530 0.2832 0.2365 0.1532 1.2490 1.8365 3.3416 
4.0000 13.0000 1.0000 -4.0000 0.0000 4.4000 8 -1.0000 1.0000 1.0640 2.0000 -6.0000 -14.0000 -2.0000 -10.0000 6.0000 0.2009 0.2386 0.3588 0.2715 0.1711 1.2408 1.7601 3.2500 
4.0000 21.0000 1.0000 -2.0000 1.0000 6.6000 8 -1.0000 1.0000 0.4970 -12.0000 -4.0000 4.0000 -8.0000 8.0000 0.0000 0.2500 0.2500 0.2500 0.2500 0.2500 1.2500 1.9543 3.4593 
4.0000 9.0000 1.0000 -4.0000 0.0000 -4.4000 2 1.0000 1.0000 1.0300 2.0000 -10.0000 -14.0000 6.0000 -6.0000 -2.0000 0.2684 0.1891 0.3450 0.2090 0.2484 1.2599 1.8129 3.3191 
4.0000 67.0000 1.0000 4.0000 0.0000 0.0000 8 -1.0000 0.0000 1.5520 14.0000 6.0000 -2.0000 10.0000 -6.0000 2.0000 0.1887 0.3653 0.1742 0.2197 0.2952 1.2431 1.7868 3.2857 
4.0000 45.0000 1.0000 2.0000 1.0000 -2.2000 8 -1.0000 0.0000 0.9900 -4.0000 4.0000 12.0000 0.0000 8.0000 -8.0000 0.2500 0.2500 0.2500 0.2500 0.2500 1.2500 1.7571 3.2592 
4.0000 54.0000 1.0000 2.0000 0.0000 2.2000 2 1.0000 0.0000 0.9870 12.0000 4.0000 -4.0000 8.0000 -8.0000 0.0000 0.2728 0.1821 0.2900 0.3383 0.1702 1.2535 1.9154 3.4129 
4.0000 23.0000 1.0000 -2.0000 0.0000 -4.4000 2 1.0000 1.0000 0.8390 -8.0000 0.0000 4.0000 -4.0000 8.0000 -12.0000 0.2563 0.1525 0.2474 0.3378 0.2569 1.2509 1.8137 3.3100 
4.0000 41.0000 1.0000 0.0000 0.0000 4.4000 8 -1.0000 1.0000 0.6420 -10.0000 -2.0000 6.0000 -6.0000 10.0000 2.0000 0.1664 0.1994 0.3608 0.2491 0.2817 1.2575 1.9310 3.4333 
4.0000 16.0000 1.0000 -2.0000 1.0000 -4.4000 2 1.0000 1.0000 0.4970 8.0000 0.0000 -12.0000 4.0000 -8.0000 -4.0000 0.2500 0.2500 0.2500 0.2500 0.2500 1.2500 1.8169 3.3258 
4.0000 51.0000 1.0000 2.0000 0.0000 -4.4000 2 1.0000 1.0000 0.8960 -4.0000 4.0000 8.0000 0.0000 12.0000 -8.0000 0.2249 0.3060 0.2458 0.1581 0.3109 1.2457 1.9929 3.4884 
4.0000 26.0000 1.0000 -2.0000 0.0000 2.2000 2 1.0000 0.0000 0.5480 8.0000 -4.0000 -8.0000 0.0000 -12.0000 4.0000 0.1799 0.1514 0.3338 0.3698 0.2124 1.2471 1.8246 3.3230 
4.0000 36.0000 1.0000 0.0000 0.0000 -6.6000 2 1.0000 1.0000 0.4000 -10.0000 2.0000 10.0000 -2.0000 6.0000 -6.0000 0.1953 0.2541 0.2867 0.2397 0.2668 1.2427 1.7886 3.2853 
4.0000 44.0000 1.0000 2.0000 1.0000 -4.4000 2 1.0000 1.0000 0.4830 12.0000 4.0000 -8.0000 8.0000 -4.0000 0.0000 0.2500 0.2500 0.2500 0.2500 0.2500 1.2500 1.9777 3.4759 
4.0000 10.0000 1.0000 -4.0000 0.0000 -2.2000 2 1.0000 1.0000 1.2510 2.0000 -6.0000 -14.0000 -2.0000 -10.0000 6.0000 0.1857 0.3286 0.2026 0.1710 0.3655 1.2533 1.7869 3.2957 
4.0000 66.0000 1.0000 4.0000 0.0000 -2.2000 2 1.0000 1.0000 0.7100 14.0000 6.0000 -2.0000 10.0000 -6.0000 2.0000 0.3713 0.1889 0.2399 0.2925 0.1593 1.2518 1.9131 3.4110 
4.0000 62.0000 1.0000 4.0000 1.0000 4.4000 2 1.0000 0.0000 1.1010 10.0000 2.0000 -6.0000 6.0000 -2.0000 14.0000 0.2500 0.2500 0.2500 0.2500 0.2500 1.2500 1.7790 3.2758 
4.0000 39.0000 1.0000 0.0000 0.0000 0.0000 2 1.0000 0.0000 1.7430 6.0000 -6.0000 -10.0000 10.0000 -2.0000 2.0000 0.1863 0.3444 0.2412 0.3251 0.1619 1.2588 1.8957 3.4014 
4.0000 43.0000 1.0000 2.0000 1.0000 -6.6000 2 1.0000 1.0000 1.8460 -4.0000 4.0000 12.0000 0.0000 8.0000 -8.0000 0.2500 0.2500 0.2500 0.2500 0.2500 1.2500 1.9853 3.4759 
4.0000 38.0000 1.0000 0.0000 0.0000 -2.2000 2 1.0000 1.0000 0.9520 6.0000 -6.0000 -10.0000 10.0000 -2.0000 2.0000 0.3647 0.1613 0.3417 0.2217 0.1515 1.2410 1.9786 3.4669 
4.0000 22.0000 1.0000 -2.0000 0.0000 -6.6000 2 1.0000 1.0000 0.6620 -8.0000 4.0000 8.0000 -12.0000 0.0000 -4.0000 0.1623 0.2534 0.1505 0.2974 0.3880 1.2515 1.9088 3.4109 
4.0000 61.0000 1.0000 4.0000 1.0000 2.2000 8 -1.0000 1.0000 2.1410 6.0000 -2.0000 -6.0000 14.0000 2.0000 10.0000 0.2500 0.2500 0.2500 0.2500 0.2500 1.2500 1.9633 3.4760 
4.0000 6.0000 1.0000 -4.0000 1.0000 4.4000 2 1.0000 0.0000 0.9150 6.0000 -6.0000 -10.0000 -2.0000 -14.0000 2.0000 0.2500 0.2500 0.2500 0.2500 0.2500 1.2500 1.7937 3.2925 
4.0000 34.0000 1.0000 0.0000 1.0000 4.4000 8 -1.0000 1.0000 1.6230 -6.0000 2.0000 10.0000 -2.0000 6.0000 -10.0000 0.2500 0.2500 0.2500 0.2500 0.2500 1.2500 1.9937 3.4927 
4.0000 30.0000 1.0000 0.0000 1.0000 -4.4000 2 1.0000 1.0000 0.7220 -10.0000 2.0000 6.0000 -2.0000 10.0000 -6.0000 0.2500 0.2500 0.2500 0.2500 0.2500 1.2500 1.9859 3.4925 
4.0000 7.0000 1.0000 -4.0000 1.0000 6.6000 8 -1.0000 1.0000 0.8080 -2.0000 -10.0000 -14.0000 6.0000 -6.0000 2.0000 0.2500 0.2500 0.2500 0.2500 0.2500 1.2500 1.9247 3.4261 
4.0000 15.0000 1.0000 -2.0000 1.0000 -6.6000 2 1.0000 1.0000 0.6370 4.0000 -4.0000 -12.0000 0.0000 -8.0000 8.0000 0.2500 0.2500 0.2500 0.2500 0.2500 1.2500 1.7580 3.2591 
4.0000 8.0000 1.0000 -4.0000 0.0000 -6.6000 2 1.0000 1.0000 0.7970 -14.0000 -6.0000 2.0000 -10.0000 6.0000 -2.0000 0.2055 0.3171 0.2782 0.1639 0.2838 1.2485 1.9975 3.4912 
4.0000 29.0000 1.0000 0.0000 1.0000 -6.6000 2 1.0000 1.0000 0.5750 2.0000 -6.0000 -10.0000 10.0000 -2.0000 6.0000 0.2500 0.2500 0.2500 0.2500 0.2500 1.2500 1.8247 3.3259 
4.0000 35.0000 1.0000 0.0000 1.0000 6.6000 8 -1.0000 1.0000 0.5990 6.0000 -6.0000 -10.0000 10.0000 -2.0000 2.0000 0.2500 0.2500 0.2500 0.2500 0.2500 1.2500 1.9042 3.3926 
4.0000 5.0000 1.0000 -4.0000 1.0000 2.2000 8 -1.0000 1.0000 1.0900 -2.0000 -10.0000 -14.0000 6.0000 -6.0000 2.0000 0.2500 0.2500 0.2500 0.2500 0.2500 1.2500 1.9847 3.4760 
4.0000 3.0000 1.0000 -4.0000 1.0000 -2.2000 2 1.0000 1.0000 0.6350 6.0000 -6.0000 -14.0000 -2.0000 -10.0000 2.0000 0.2500 0.2500 0.2500 0.2500 0.2500 1.2500 1.7766 3.2759 
4.0000 68.0000 1.0000 4.0000 0.0000 2.2000 8 -1.0000 1.0000 0.9590 10.0000 2.0000 -6.0000 6.0000 -2.0000 14.0000 0.2038 0.2676 0.3031 0.1910 0.2928 1.2583 1.8805 3.3842 
4.0000 20.0000 1.0000 -2.0000 1.0000 4.4000 8 -1.0000 1.0000 0.6520 8.0000 0.0000 -12.0000 4.0000 -8.0000 -4.0000 0.2500 0.2500 0.2500 0.2500 0.2500 1.2500 1.9592 3.4593 
4.0000 47.0000 1.0000 2.0000 1.0000 2.2000 2 1.0000 0.0000 0.9860 8.0000 0.0000 -8.0000 4.0000 -4.0000 12.0000 0.2500 0.2500 0.2500 0.2500 0.2500 1.2500 1.8352 3.3425 
4.0000 56.0000 1.0000 2.0000 0.0000 6.6000 8 -1.0000 1.0000 0.7960 8.0000 -4.0000 -8.0000 12.0000 0.0000 4.0000 0.3055 0.2156 0.1844 0.2512 0.2880 1.2447 1.7849 3.2873 
4.0000 31.0000 1.0000 0.0000 1.0000 -2.2000 2 1.0000 1.0000 1.1220 -6.0000 2.0000 6.0000 -2.0000 10.0000 -10.0000 0.2500 0.2500 0.2500 0.2500 0.2500 1.2500 1.9019 3.4091 
4.0000 17.0000 1.0000 -2.0000 1.0000 -2.2000 2 1.0000 1.0000 0.6710 -12.0000 0.0000 4.0000 -4.0000 8.0000 -8.0000 0.2500 0.2500 0.2500 0.2500 0.2500 1.2500 1.9848 3.4926 
4.0000 19.0000 1.0000 -2.0000 1.0000 2.2000 8 -1.0000 1.0000 0.8810 -8.0000 0.0000 4.0000 -4.0000 8.0000 -12.0000 0.2500 0.2500 0.2500 0.2500 0.2500 1.2500 1.9435 3.4425 
4.0000 12.0000 1.0000 -4.0000 0.0000 2.2000 2 1.0000 0.0000 1.2920 2.0000 -6.0000 -14.0000 -2.0000 -10.0000 6.0000 0.3237 0.1907 0.2235 0.3217 0.1887 1.2484 1.8948 3.3910 
4.0000 1.0000 1.0000 -4.0000 1.0000 -6.6000 2 1.0000 1.0000 0.5140 -2.0000 -10.0000 -14.0000 6.0000 -6.0000 2.0000 0.2500 0.2500 0.2500 0.2500 0.2500 1.2500 1.8216 3.3259 
4.0000 40.0000 1.0000 0.0000 0.0000 2.2000 2 1.0000 0.0000 1.8670 2.0000 -6.0000 -10.0000 10.0000 -2.0000 6.0000 0.3077 0.1929 0.3549 0.1603 0.2311 1.2469 1.9183 3.4062 
4.0000 11.0000 1.0000 -4.0000 0.0000 0.0000 2 1.0000 0.0000 0.8270 -14.0000 -2.0000 2.0000 -6.0000 6.0000 -10.0000 0.3452 0.2430 0.1966 0.2867 0.1705 1.2420 1.9988 3.4846 
4.0000 14.0000 1.0000 -4.0000 0.0000 6.6000 8 -1.0000 1.0000 1.0230 6.0000 -6.0000 -10.0000 -2.0000 -14.0000 2.0000 0.1754 0.3504 0.2294 0.1661 0.3365 1.2577 1.7701 3.2669 
4.0000 46.0000 1.0000 2.0000 1.0000 0.0000 2 1.0000 0.0000 0.9450 -4.0000 8.0000 12.0000 -8.0000 4.0000 0.0000 0.2500 0.2500 0.2500 0.2500 0.2500 1.2500 1.9597 3.4593 
4.0000 24.0000 1.0000 -2.0000 0.0000 -2.2000 2 1.0000 1.0000 0.7150 -8.0000 0.0000 4.0000 -4.0000 8.0000 -12.0000 0.2129 0.1853 0.3145 0.2232 0.3074 1.2434 1.8726 3.3693 
4.0000 69.0000 1.0000 4.0000 0.0000 4.4000 8 -1.0000 1.0000 0.5430 -6.0000 2.0000 14.0000 -2.0000 10.0000 6.0000 0.2032 0.1772 0.2962 0.3391 0.2419 1.2575 1.8169 3.3334 
4.0000 65.0000 2.0000 4.0000 0.0000 -4.4000 2 1.0000 1.0000 0.6010 14.0000 2.0000 -2.0000 6.0000 -6.0000 10.0000 0.2835 0.2425 0.3155 0.1595 0.2543 1.2553 1.8135 3.3312 
4.0000 25.0000 2.0000 -2.0000 0.0000 0.0000 2 1.0000 0.0000 0.7950 4.0000 -4.0000 -12.0000 0.0000 -8.0000 8.0000 0.2500 0.3521 0.2117 0.1500 0.2764 1.2403 1.7876 3.2829 
4.0000 60.0000 2.0000 4.0000 1.0000 0.0000 8 -1.0000 0.0000 1.1430 -6.0000 6.0000 10.0000 2.0000 14.0000 -2.0000 0.2500 0.2500 0.2500 0.2500 0.2500 1.2500 1.9754 3.4761 
4.0000 13.0000 2.0000 -4.0000 0.0000 4.4000 2 1.0000 0.0000 0.6300 6.0000 -2.0000 -10.0000 2.0000 -14.0000 -6.0000 0.1751 0.2989 0.1670 0.2875 0.3282 1.2566 1.8907 3.3990 
4.0000 52.0000 2.0000 2.0000 0.0000 -2.2000 2 1.0000 1.0000 0.5110 12.0000 4.0000 -8.0000 8.0000 -4.0000 0.0000 0.2676 0.3322 0.2893 0.2137 0.1566 1.2594 1.9900 3.5019 
4.0000 63.0000 2.0000 4.0000 1.0000 6.6000 8 -1.0000 1.0000 0.7980 14.0000 6.0000 -2.0000 10.0000 -6.0000 2.0000 0.2500 0.2500 0.2500 0.2500 0.2500 1.2500 1.9674 3.4592 
4.0000 48.0000 2.0000 2.0000 1.0000 4.4000 8 -1.0000 1.0000 0.7470 -8.0000 0.0000 8.0000 -4.0000 12.0000 4.0000 0.2500 0.2500 0.2500 0.2500 0.2500 1.2500 1.9647 3.4594 
4.0000 24.0000 2.0000 -2.0000 0.0000 -2.2000 2 1.0000 1.0000 0.6850 4.0000 -8.0000 -12.0000 8.0000 -4.0000 0.0000 0.3979 0.2315 0.1665 0.2049 0.2583 1.2590 1.8688 3.3683 
4.0000 44.0000 2.0000 2.0000 1.0000 -4.4000 2 1.0000 1.0000 0.6540 12.0000 0.0000 -8.0000 4.0000 -4.0000 8.0000 0.2500 0.2500 0.2500 0.2500 0.2500 1.2500 1.8949 3.3927 
4.0000 22.0000 2.0000 -2.0000 0.0000 -6.6000 2 1.0000 1.0000 0.6280 -12.0000 0.0000 4.0000 -4.0000 8.0000 -8.0000 0.2169 0.2864 0.1646 0.2122 0.3609 1.2410 1.9141 3.4003 
4.0000 58.0000 2.0000 4.0000 1.0000 -4.4000 8 -1.0000 0.0000 0.8160 -6.0000 6.0000 10.0000 2.0000 14.0000 -2.0000 0.2500 0.2500 0.2500 0.2500 0.2500 1.2500 1.9012 3.3926 
4.0000 4.0000 2.0000 -4.0000 1.0000 0.0000 8 -1.0000 0.0000 1.5210 -14.0000 -6.0000 2.0000 -10.0000 6.0000 -2.0000 0.2500 0.2500 0.2500 0.2500 0.2500 1.2500 1.7947 3.3092 
4.0000 11.0000 2.0000 -4.0000 0.0000 0.0000 2 1.0000 0.0000 0.7090 6.0000 -6.0000 -14.0000 -2.0000 -10.0000 2.0000 0.3015 0.3572 0.1834 0.2427 0.1660 1.2509 1.9814 3.4935 
4.0000 49.0000 2.0000 2.0000 1.0000 6.6000 8 -1.0000 1.0000 0.6680 -4.0000 8.0000 12.0000 -8.0000 4.0000 0.0000 0.2500 0.2500 0.2500 0.2500 0.2500 1.2500 1.7907 3.2926 
4.0000 28.0000 2.0000 -2.0000 0.0000 6.6000 8 -1.0000 1.0000 0.7370 -8.0000 0.0000 8.0000 -4.0000 4.0000 -12.0000 0.1573 0.2996 0.1762 0.3529 0.2690 1.2550 1.8115 3.3142 
4.0000 51.0000 2.0000 2.0000 0.0000 -4.4000 2 1.0000 1.0000 0.7470 -8.0000 4.0000 12.0000 0.0000 8.0000 -4.0000 0.1584 0.2873 0.2549 0.3400 0.2082 1.2488 1.9054 3.4081 
4.0000 42.0000 2.0000 0.0000 0.0000 6.6000 8 -1.0000 1.0000 0.5810 10.0000 -2.0000 -10.0000 2.0000 -6.0000 6.0000 0.1735 0.3281 0.2411 0.3511 0.1520 1.2458 1.8646 3.3550 
4.0000 46.0000 2.0000 2.0000 1.0000 0.0000 8 -1.0000 0.0000 0.8660 12.0000 0.0000 -4.0000 4.0000 -8.0000 8.0000 0.2500 0.2500 0.2500 0.2500 0.2500 1.2500 1.7631 3.2592 
4.0000 53.0000 2.0000 2.0000 0.0000 0.0000 2 1.0000 0.0000 1.2190 -8.0000 4.0000 12.0000 0.0000 8.0000 -4.0000 0.3178 0.1874 0.2629 0.1696 0.3187 1.2563 1.9187 3.4157 
4.0000 26.0000 2.0000 -2.0000 0.0000 2.2000 2 1.0000 0.0000 0.8940 4.0000 -4.0000 -8.0000 0.0000 -12.0000 8.0000 0.1876 0.2947 0.1940 0.3248 0.2454 1.2464 1.9744 3.4723 
4.0000 32.0000 2.0000 0.0000 1.0000 0.0000 8 -1.0000 0.0000 1.9060 -10.0000 -2.0000 10.0000 -6.0000 6.0000 2.0000 0.2500 0.2500 0.2500 0.2500 0.2500 1.2500 1.8920 3.3926 
4.0000 69.0000 2.0000 4.0000 0.0000 4.4000 8 -1.0000 1.0000 1.9090 10.0000 2.0000 -6.0000 6.0000 -2.0000 14.0000 0.2463 0.1829 0.2541 0.3851 0.1755 1.2439 1.8535 3.3365 
4.0000 19.0000 2.0000 -2.0000 1.0000 2.2000 2 1.0000 0.0000 1.0100 4.0000 -8.0000 -12.0000 8.0000 -4.0000 0.0000 0.2500 0.2500 0.2500 0.2500 0.2500 1.2500 1.8368 3.3259 
4.0000 41.0000 2.0000 0.0000 0.0000 4.4000 8 -1.0000 1.0000 0.7550 -6.0000 6.0000 10.0000 -10.0000 2.0000 -2.0000 0.2820 0.2207 0.1951 0.3877 0.1567 1.2422 1.8018 3.3014 
4.0000 33.0000 2.0000 0.0000 1.0000 2.2000 2 1.0000 0.0000 1.6540 -10.0000 -2.0000 6.0000 -6.0000 10.0000 2.0000 0.2500 0.2500 0.2500 0.2500 0.2500 1.2500 1.8091 3.3092 
4.0000 6.0000 2.0000 -4.0000 1.0000 4.4000 8 -1.0000 1.0000 1.5090 -10.0000 -2.0000 2.0000 -6.0000 6.0000 -14.0000 0.2500 0.2500 0.2500 0.2500 0.2500 1.2500 1.8101 3.3092 
4.0000 67.0000 2.0000 4.0000 0.0000 0.0000 2 1.0000 0.0000 1.6100 -2.0000 10.0000 14.0000 -6.0000 6.0000 2.0000 0.2182 0.3696 0.2122 0.2566 0.1952 1.2518 1.8292 3.3277 
4.0000 12.0000 2.0000 -4.0000 0.0000 2.2000 8 -1.0000 1.0000 0.7480 -14.0000 -6.0000 2.0000 -10.0000 6.0000 -2.0000 0.2549 0.1648 0.1936 0.3870 0.2489 1.2491 1.8003 3.3083 
4.0000 40.0000 2.0000 0.0000 0.0000 2.2000 2 1.0000 0.0000 0.5790 -6.0000 6.0000 10.0000 -10.0000 2.0000 -2.0000 0.1647 0.3870 0.1587 0.2356 0.3009 1.2469 1.9050 3.4061 
4.0000 16.0000 2.0000 -2.0000 1.0000 -4.4000 2 1.0000 1.0000 0.5810 -12.0000 0.0000 8.0000 -4.0000 4.0000 -8.0000 0.2500 0.2500 0.2500 0.2500 0.2500 1.2500 1.7957 3.2925 
4.0000 37.0000 2.0000 0.0000 0.0000 -4.4000 2 1.0000 1.0000 0.7280 2.0000 -6.0000 -10.0000 10.0000 -2.0000 6.0000 0.1699 0.3520 0.1783 0.2259 0.3175 1.2435 1.8083 3.3027 
4.0000 29.0000 2.0000 0.0000 1.0000 -6.6000 2 1.0000 1.0000 0.4600 -2.0000 6.0000 10.0000 -10.0000 2.0000 -6.0000 0.2500 0.2500 0.2500 0.2500 0.2500 1.2500 1.8242 3.3258 
4.0000 43.0000 2.0000 2.0000 1.0000 -6.6000 2 1.0000 1.0000 0.6050 8.0000 0.0000 -4.0000 4.0000 -8.0000 12.0000 0.2500 0.2500 0.2500 0.2500 0.2500 1.2500 1.9868 3.4758 
4.0000 1.0000 2.0000 -4.0000 1.0000 -6.6000 2 1.0000 1.0000 0.6030 2.0000 -6.0000 -14.0000 -2.0000 -10.0000 6.0000 0.2500 0.2500 0.2500 0.2500 0.2500 1.2500 1.8735 3.3760 
4.0000 66.0000 2.0000 4.0000 0.0000 -2.2000 2 1.0000 1.0000 0.7040 10.0000 2.0000 -6.0000 6.0000 -2.0000 14.0000 0.2220 0.3424 0.2034 0.3005 0.1909 1.2592 1.9722 3.4684 
4.0000 17.0000 2.0000 -2.0000 1.0000 -2.2000 2 1.0000 1.0000 0.5400 -12.0000 0.0000 4.0000 -4.0000 8.0000 -8.0000 0.2500 0.2500 0.2500 0.2500 0.2500 1.2500 1.8065 3.3091 
4.0000 47.0000 2.0000 2.0000 1.0000 2.2000 8 -1.0000 1.0000 1.2370 12.0000 0.0000 -8.0000 4.0000 -4.0000 8.0000 0.2500 0.2500 0.2500 0.2500 0.2500 1.2500 1.8670 3.3759 
4.0000 21.0000 2.0000 -2.0000 1.0000 6.6000 8 -1.0000 1.0000 0.6290 -4.0000 4.0000 8.0000 -12.0000 0.0000 -8.0000 0.2500 0.2500 0.2500 0.2500 0.2500 1.2500 1.8160 3.3258 
4.0000 45.0000 2.0000 2.0000 1.0000 -2.2000 2 1.0000 1.0000 0.8730 -4.0000 8.0000 12.0000 -8.0000 4.0000 0.0000 0.2500 0.2500 0.2500 0.2500 0.2500 1.2500 1.9096 3.4092 
4.0000 39.0000 2.0000 0.0000 0.0000 0.0000 2 1.0000 0.0000 0.4980 6.0000 -2.0000 -6.0000 2.0000 -10.0000 10.0000 0.3328 0.2012 0.2753 0.2054 0.2372 1.2520 1.7634 3.2611 
4.0000 15.0000 2.0000 -2.0000 1.0000 -6.6000 8 -1.0000 0.0000 0.7310 8.0000 0.0000 -12.0000 4.0000 -8.0000 -4.0000 0.2500 0.2500 0.2500 0.2500 0.2500 1.2500 1.9276 3.4260 
4.0000 31.0000 2.0000 0.0000 1.0000 -2.2000 8 -1.0000 0.0000 0.4470 -10.0000 2.0000 10.0000 -2.0000 6.0000 -6.0000 0.2500 0.2500 0.2500 0.2500 0.2500 1.2500 1.7911 3.2926 
4.0000 34.0000 2.0000 0.0000 1.0000 4.4000 8 -1.0000 1.0000 0.6980 -10.0000 2.0000 10.0000 -2.0000 6.0000 -6.0000 0.2500 0.2500 0.2500 0.2500 0.2500 1.2500 1.9923 3.4928 
4.0000 30.0000 2.0000 0.0000 1.0000 -4.4000 2 1.0000 1.0000 0.5360 -10.0000 2.0000 10.0000 -2.0000 6.0000 -6.0000 0.2500 0.2500 0.2500 0.2500 0.2500 1.2500 1.9928 3.4926 
4.0000 27.0000 2.0000 -2.0000 0.0000 4.4000 2 1.0000 0.0000 0.7180 -12.0000 -4.0000 4.0000 -8.0000 8.0000 0.0000 0.2402 0.1907 0.3052 0.2677 0.2402 1.2440 1.9646 3.4531 
4.0000 9.0000 2.0000 -4.0000 0.0000 -4.4000 2 1.0000 1.0000 0.5620 -10.0000 2.0000 6.0000 -14.0000 -2.0000 -6.0000 0.2723 0.2373 0.1835 0.2135 0.3393 1.2458 1.8223 3.3217 
4.0000 38.0000 2.0000 0.0000 0.0000 -2.2000 2 1.0000 1.0000 0.6150 10.0000 -2.0000 -6.0000 2.0000 -10.0000 6.0000 0.3120 0.1770 0.2340 0.3063 0.2271 1.2564 1.7934 3.2990 
4.0000 57.0000 2.0000 4.0000 1.0000 -6.6000 2 1.0000 1.0000 0.5550 14.0000 2.0000 -6.0000 6.0000 -2.0000 10.0000 0.2500 0.2500 0.2500 0.2500 0.2500 1.2500 1.9294 3.4259 
4.0000 14.0000 2.0000 -4.0000 0.0000 6.6000 8 -1.0000 1.0000 0.6760 -14.0000 -2.0000 6.0000 -6.0000 2.0000 -10.0000 0.3366 0.2043 0.2941 0.2628 0.1530 1.2507 1.8763 3.3934 
4.0000 10.0000 2.0000 -4.0000 0.0000 -2.2000 2 1.0000 1.0000 0.4160 -2.0000 -10.0000 -14.0000 6.0000 -6.0000 2.0000 0.2536 0.1910 0.2387 0.3294 0.2362 1.2489 1.8408 3.3415 
4.0000 54.0000 2.0000 2.0000 0.0000 2.2000 8 -1.0000 1.0000 0.8550 8.0000 0.0000 -8.0000 4.0000 -4.0000 12.0000 0.1644 0.2375 0.2934 0.1728 0.3904 1.2585 1.8718 3.3843 
4.0000 7.0000 2.0000 -4.0000 1.0000 6.6000 8 -1.0000 1.0000 0.7240 -14.0000 -2.0000 2.0000 -6.0000 6.0000 -10.0000 0.2500 0.2500 0.2500 0.2500 0.2500 1.2500 1.8315 3.3426 
4.0000 68.0000 2.0000 4.0000 0.0000 2.2000 8 -1.0000 1.0000 0.4540 -6.0000 2.0000 14.0000 -2.0000 10.0000 6.0000 0.2751 0.1856 0.2499 0.3461 0.1934 1.2501 1.9055 3.4093 
4.0000 59.0000 2.0000 4.0000 1.0000 -2.2000 2 1.0000 1.0000 0.4690 14.0000 6.0000 -2.0000 10.0000 -6.0000 2.0000 0.2500 0.2500 0.2500 0.2500 0.2500 1.2500 1.9686 3.4760 
4.0000 36.0000 2.0000 0.0000 0.0000 -6.6000 2 1.0000 1.0000 0.5570 10.0000 -2.0000 -10.0000 2.0000 -6.0000 6.0000 0.1968 0.2842 0.2483 0.1959 0.3334 1.2586 1.8090 3.3178 
4.0000 64.0000 2.0000 4.0000 0.0000 -6.6000 2 1.0000 1.0000 0.7130 14.0000 2.0000 -2.0000 6.0000 -6.0000 10.0000 0.1904 0.3018 0.2686 0.1669 0.3287 1.2565 1.8009 3.2990 
4.0000 5.0000 2.0000 -4.0000 1.0000 2.2000 2 1.0000 0.0000 0.4450 6.0000 -6.0000 -10.0000 -2.0000 -14.0000 2.0000 0.2500 0.2500 0.2500 0.2500 0.2500 1.2500 1.8442 3.3426 
4.0000 70.0000 2.0000 4.0000 0.0000 6.6000 8 -1.0000 1.0000 0.6540 -2.0000 6.0000 10.0000 2.0000 14.0000 -6.0000 0.2827 0.2255 0.1553 0.3524 0.2332 1.2491 1.9690 3.4582 
4.0000 18.0000 2.0000 -2.0000 1.0000 0.0000 8 -1.0000 0.0000 1.5160 -12.0000 -4.0000 4.0000 -8.0000 8.0000 0.0000 0.2500 0.2500 0.2500 0.2500 0.2500 1.2500 1.8822 3.3759 
4.0000 56.0000 2.0000 2.0000 0.0000 6.6000 8 -1.0000 1.0000 0.5480 -8.0000 4.0000 12.0000 0.0000 8.0000 -4.0000 0.3133 0.1767 0.2260 0.3070 0.2173 1.2403 1.7524 3.2328 
4.0000 62.0000 2.0000 4.0000 1.0000 4.4000 8 -1.0000 1.0000 0.3930 -6.0000 2.0000 10.0000 -2.0000 14.0000 6.0000 0.2500 0.2500 0.2500 0.2500 0.2500 1.2500 1.8336 3.3258 
4.0000 23.0000 2.0000 -2.0000 0.0000 -4.4000 8 -1.0000 0.0000 1.2550 4.0000 -8.0000 -12.0000 8.0000 -4.0000 0.0000 0.1738 0.2451 0.1713 0.3988 0.2607 1.2498 1.9000 3.4091 
4.0000 3.0000 2.0000 -4.0000 1.0000 -2.2000 2 1.0000 1.0000 0.4790 6.0000 -2.0000 -14.0000 2.0000 -10.0000 -6.0000 0.2500 0.2500 0.2500 0.2500 0.2500 1.2500 1.9751 3.4759 
4.0000 61.0000 2.0000 4.0000 1.0000 2.2000 8 -1.0000 1.0000 0.5610 10.0000 2.0000 -2.0000 6.0000 -6.0000 14.0000 0.2500 0.2500 0.2500 0.2500 0.2500 1.2500 1.8298 3.3425 
4.0000 2.0000 2.0000 -4.0000 1.0000 -4.4000 2 1.0000 1.0000 0.7940 -14.0000 -2.0000 6.0000 -6.0000 2.0000 -10.0000 0.2500 0.2500 0.2500 0.2500 0.2500 1.2500 1.9049 3.4092 
4.0000 35.0000 2.0000 0.0000 1.0000 6.6000 8 -1.0000 1.0000 0.9420 10.0000 2.0000 -6.0000 6.0000 -10.0000 -2.0000 0.2500 0.2500 0.2500 0.2500 0.2500 1.2500 1.8864 3.3924 
4.0000 8.0000 2.0000 -4.0000 0.0000 -6.6000 2 1.0000 1.0000 0.6690 -10.0000 2.0000 6.0000 -14.0000 -2.0000 -6.0000 0.3562 0.2135 0.2641 0.1751 0.2462 1.2551 1.9395 3.4476 
4.0000 50.0000 2.0000 2.0000 0.0000 -6.6000 2 1.0000 1.0000 0.7860 12.0000 0.0000 -8.0000 4.0000 -4.0000 8.0000 0.2228 0.3354 0.2425 0.2744 0.1820 1.2571 1.8661 3.3663 
4.0000 55.0000 2.0000 2.0000 0.0000 4.4000 8 -1.0000 1.0000 1.3960 8.0000 0.0000 -4.0000 4.0000 -8.0000 12.0000 0.3352 0.1826 0.1502 0.3081 0.2656 1.2418 1.8070 3.3009 
4.0000 20.0000 2.0000 -2.0000 1.0000 4.4000 8 -1.0000 1.0000 0.8250 4.0000 -8.0000 -12.0000 8.0000 -4.0000 0.0000 0.2500 0.2500 0.2500 0.2500 0.2500 1.2500 1.7701 3.2758 
4.0000 14.0000 3.0000 -4.0000 0.0000 6.6000 8 -1.0000 1.0000 0.6100 2.0000 -6.0000 -14.0000 -2.0000 -10.0000 6.0000 0.2316 0.2822 0.2056 0.3756 0.1600 1.2551 1.9519 3.4477 
4.0000 32.0000 3.0000 0.0000 1.0000 0.0000 2 1.0000 0.0000 1.2590 6.0000 -2.0000 -10.0000 2.0000 -6.0000 10.0000 0.2500 0.2500 0.2500 0.2500 0.2500 1.2500 1.9882 3.4925 
4.0000 40.0000 3.0000 0.0000 0.0000 2.2000 2 1.0000 0.0000 0.9230 10.0000 2.0000 -6.0000 6.0000 -10.0000 -2.0000 0.2570 0.2112 0.3511 0.2557 0.1707 1.2457 1.7946 3.3049 
4.0000 23.0000 3.0000 -2.0000 0.0000 -4.4000 2 1.0000 1.0000 0.8210 -8.0000 0.0000 4.0000 -4.0000 8.0000 -12.0000 0.2001 0.2920 0.2493 0.2205 0.2818 1.2437 1.8406 3.3362 
4.0000 2.0000 3.0000 -4.0000 1.0000 -4.4000 2 1.0000 1.0000 0.9430 -14.0000 -2.0000 2.0000 -6.0000 6.0000 -10.0000 0.2500 0.2500 0.2500 0.2500 0.2500 1.2500 1.8114 3.3093 
4.0000 64.0000 3.0000 4.0000 0.0000 -6.6000 2 1.0000 1.0000 0.6060 14.0000 6.0000 -2.0000 10.0000 -6.0000 2.0000 0.2996 0.2280 0.1576 0.3726 0.1854 1.2432 1.9494 3.4524 
4.0000 27.0000 3.0000 -2.0000 0.0000 4.4000 8 -1.0000 1.0000 0.9840 -4.0000 4.0000 8.0000 -12.0000 0.0000 -8.0000 0.1508 0.2260 0.3680 0.3321 0.1710 1.2479 1.9591 3.4572 
4.0000 3.0000 3.0000 -4.0000 1.0000 -2.2000 2 1.0000 1.0000 0.7010 -14.0000 -6.0000 6.0000 -10.0000 2.0000 -2.0000 0.2500 0.2500 0.2500 0.2500 0.2500 1.2500 1.9613 3.4591 
4.0000 48.0000 3.0000 2.0000 1.0000 4.4000 8 -1.0000 1.0000 0.7320 -4.0000 8.0000 12.0000 -8.0000 4.0000 0.0000 0.2500 0.2500 0.2500 0.2500 0.2500 1.2500 1.9560 3.4593 
4.0000 31.0000 3.0000 0.0000 1.0000 -2.2000 2 1.0000 1.0000 0.6240 -6.0000 2.0000 6.0000 -2.0000 10.0000 -10.0000 0.2500 0.2500 0.2500 0.2500 0.2500 1.2500 1.8733 3.3758 
4.0000 38.0000 3.0000 0.0000 0.0000 -2.2000 2 1.0000 1.0000 1.0570 -2.0000 6.0000 10.0000 -10.0000 2.0000 -6.0000 0.3064 0.1922 0.3627 0.2051 0.1761 1.2424 1.9859 3.4684 
4.0000 19.0000 3.0000 -2.0000 1.0000 2.2000 8 -1.0000 1.0000 0.8300 -8.0000 0.0000 4.0000 -4.0000 8.0000 -12.0000 0.2500 0.2500 0.2500 0.2500 0.2500 1.2500 1.8839 3.3759 
4.0000 1.0000 3.0000 -4.0000 1.0000 -6.6000 2 1.0000 1.0000 0.5590 2.0000 -6.0000 -10.0000 -2.0000 -14.0000 6.0000 0.2500 0.2500 0.2500 0.2500 0.2500 1.2500 1.8117 3.3093 
4.0000 6.0000 3.0000 -4.0000 1.0000 4.4000 8 -1.0000 1.0000 0.5260 -10.0000 -2.0000 6.0000 -6.0000 2.0000 -14.0000 0.2500 0.2500 0.2500 0.2500 0.2500 1.2500 1.9167 3.4259 
4.0000 47.0000 3.0000 2.0000 1.0000 2.2000 8 -1.0000 1.0000 0.5760 8.0000 -4.0000 -8.0000 12.0000 0.0000 4.0000 0.2500 0.2500 0.2500 0.2500 0.2500 1.2500 1.8278 3.3425 
4.0000 26.0000 3.0000 -2.0000 0.0000 2.2000 2 1.0000 0.0000 0.4310 4.0000 -4.0000 -12.0000 0.0000 -8.0000 8.0000 0.2839 0.3235 0.2381 0.1899 0.2233 1.2587 1.8959 3.4179 
4.0000 22.0000 3.0000 -2.0000 0.0000 -6.6000 2 1.0000 1.0000 0.7050 4.0000 -4.0000 -8.0000 0.0000 -12.0000 8.0000 0.1762 0.2258 0.1865 0.2925 0.3719 1.2530 1.7703 3.2789 
4.0000 9.0000 3.0000 -4.0000 0.0000 -4.4000 2 1.0000 1.0000 0.9340 2.0000 -6.0000 -10.0000 -2.0000 -14.0000 6.0000 0.1865 0.3445 0.2565 0.2094 0.2453 1.2422 1.8353 3.3347 
4.0000 8.0000 3.0000 -4.0000 0.0000 -6.6000 2 1.0000 1.0000 0.3920 6.0000 -2.0000 -14.0000 2.0000 -10.0000 -6.0000 0.2889 0.2495 0.2004 0.2900 0.2174 1.2463 1.8735 3.3721 
4.0000 51.0000 3.0000 2.0000 0.0000 -4.4000 2 1.0000 1.0000 0.4150 0.0000 8.0000 12.0000 -8.0000 4.0000 -4.0000 0.2547 0.1570 0.3311 0.2081 0.2931 1.2440 1.8764 3.3700 
4.0000 43.0000 3.0000 2.0000 1.0000 -6.6000 2 1.0000 1.0000 0.2780 12.0000 4.0000 -8.0000 8.0000 -4.0000 0.0000 0.2500 0.2500 0.2500 0.2500 0.2500 1.2500 1.8695 3.3758 
4.0000 5.0000 3.0000 -4.0000 1.0000 2.2000 2 1.0000 0.0000 0.7510 2.0000 -6.0000 -10.0000 -2.0000 -14.0000 6.0000 0.2500 0.2500 0.2500 0.2500 0.2500 1.2500 1.9439 3.4426 
4.0000 57.0000 3.0000 4.0000 1.0000 -6.6000 2 1.0000 1.0000 0.3530 -6.0000 6.0000 10.0000 2.0000 14.0000 -2.0000 0.2500 0.2500 0.2500 0.2500 0.2500 1.2500 1.8588 3.3594 
4.0000 37.0000 3.0000 0.0000 0.0000 -4.4000 2 1.0000 1.0000 0.4580 -10.0000 -2.0000 6.0000 -6.0000 10.0000 2.0000 0.2390 0.3155 0.1744 0.3312 0.1929 1.2531 1.8459 3.3457 
4.0000 49.0000 3.0000 2.0000 1.0000 6.6000 8 -1.0000 1.0000 1.7100 12.0000 4.0000 -8.0000 8.0000 -4.0000 0.0000 0.2500 0.2500 0.2500 0.2500 0.2500 1.2500 1.9318 3.4259 
4.0000 12.0000 3.0000 -4.0000 0.0000 2.2000 8 -1.0000 1.0000 0.7210 -14.0000 -2.0000 6.0000 -6.0000 2.0000 -10.0000 0.1656 0.2708 0.2018 0.3399 0.2763 1.2543 1.8481 3.3468 
4.0000 69.0000 3.0000 4.0000 0.0000 4.4000 8 -1.0000 1.0000 0.5850 6.0000 -2.0000 -6.0000 14.0000 2.0000 10.0000 0.1574 0.1907 0.2880 0.3664 0.2423 1.2448 1.9481 3.4541 
4.0000 66.0000 3.0000 4.0000 0.0000 -2.2000 2 1.0000 1.0000 0.4970 14.0000 6.0000 -2.0000 10.0000 -6.0000 2.0000 0.1556 0.2813 0.3620 0.2561 0.1982 1.2532 1.8338 3.3457 
4.0000 41.0000 3.0000 0.0000 0.0000 4.4000 8 -1.0000 1.0000 0.5670 -6.0000 2.0000 10.0000 -2.0000 6.0000 -10.0000 0.2938 0.1974 0.3799 0.2161 0.1531 1.2404 1.8214 3.3162 
4.0000 61.0000 3.0000 4.0000 1.0000 2.2000 8 -1.0000 1.0000 0.4020 -6.0000 2.0000 10.0000 -2.0000 14.0000 6.0000 0.2500 0.2500 0.2500 0.2500 0.2500 1.2500 1.7627 3.2758 
4.0000 56.0000 3.0000 2.0000 0.0000 6.6000 8 -1.0000 1.0000 0.4820 12.0000 0.0000 -8.0000 4.0000 -4.0000 8.0000 0.3118 0.2552 0.1679 0.2175 0.2991 1.2515 1.8865 3.3940 
4.0000 44.0000 3.0000 2.0000 1.0000 -4.4000 2 1.0000 1.0000 1.0650 -4.0000 4.0000 12.0000 0.0000 8.0000 -8.0000 0.2500 0.2500 0.2500 0.2500 0.2500 1.2500 1.9772 3.4759 
4.0000 16.0000 3.0000 -2.0000 1.0000 -4.4000 2 1.0000 1.0000 0.5670 4.0000 -4.0000 -8.0000 0.0000 -12.0000 8.0000 0.2500 0.2500 0.2500 0.2500 0.2500 1.2500 1.8718 3.3759 
4.0000 35.0000 3.0000 0.0000 1.0000 6.6000 8 -1.0000 1.0000 0.4970 10.0000 2.0000 -10.0000 6.0000 -6.0000 -2.0000 0.2500 0.2500 0.2500 0.2500 0.2500 1.2500 1.8064 3.3092 
4.0000 28.0000 3.0000 -2.0000 0.0000 6.6000 8 -1.0000 1.0000 0.6470 4.0000 -4.0000 -8.0000 0.0000 -12.0000 8.0000 0.2478 0.2780 0.2068 0.1653 0.3534 1.2514 1.8138 3.3105 
4.0000 10.0000 3.0000 -4.0000 0.0000 -2.2000 2 1.0000 1.0000 0.9860 -2.0000 -10.0000 -14.0000 6.0000 -6.0000 2.0000 0.2153 0.3827 0.1775 0.2484 0.2230 1.2469 1.9710 3.4729 
4.0000 59.0000 3.0000 4.0000 1.0000 -2.2000 8 -1.0000 0.0000 0.8350 -6.0000 6.0000 10.0000 2.0000 14.0000 -2.0000 0.2500 0.2500 0.2500 0.2500 0.2500 1.2500 1.8158 3.3093 
4.0000 60.0000 3.0000 4.0000 1.0000 0.0000 8 -1.0000 0.0000 0.6940 -6.0000 6.0000 10.0000 2.0000 14.0000 -2.0000 0.2500 0.2500 0.2500 0.2500 0.2500 1.2500 1.9894 3.4760 
4.0000 25.0000 3.0000 -2.0000 0.0000 0.0000 2 1.0000 0.0000 1.0360 4.0000 -4.0000 -12.0000 0.0000 -8.0000 8.0000 0.1719 0.2751 0.1819 0.3772 0.2473 1.2534 1.8379 3.3291 
4.0000 36.0000 3.0000 0.0000 0.0000 -6.6000 2 1.0000 1.0000 0.4750 -2.0000 6.0000 10.0000 -10.0000 2.0000 -6.0000 0.2297 0.1878 0.3728 0.2783 0.1738 1.2424 1.8021 3.3015 
4.0000 70.0000 3.0000 4.0000 0.0000 6.6000 8 -1.0000 1.0000 0.9360 14.0000 6.0000 -2.0000 10.0000 -6.0000 2.0000 0.1850 0.2493 0.3756 0.2416 0.2073 1.2589 1.8500 3.3681 
4.0000 63.0000 3.0000 4.0000 1.0000 6.6000 8 -1.0000 1.0000 0.4960 -6.0000 2.0000 10.0000 -2.0000 14.0000 6.0000 0.2500 0.2500 0.2500 0.2500 0.2500 1.2500 1.8899 3.3925 
4.0000 17.0000 3.0000 -2.0000 1.0000 -2.2000 2 1.0000 1.0000 0.6110 -12.0000 -4.0000 8.0000 -8.0000 4.0000 0.0000 0.2500 0.2500 0.2500 0.2500 0.2500 1.2500 1.8527 3.3591 
4.0000 42.0000 3.0000 0.0000 0.0000 6.6000 8 -1.0000 1.0000 1.0900 10.0000 2.0000 -6.0000 6.0000 -10.0000 -2.0000 0.3986 0.2505 0.2011 0.1505 0.2567 1.2574 1.8712 3.3833 
4.0000 18.0000 3.0000 -2.0000 1.0000 0.0000 2 1.0000 0.0000 0.5330 -12.0000 0.0000 4.0000 -4.0000 8.0000 -8.0000 0.2500 0.2500 0.2500 0.2500 0.2500 1.2500 1.9143 3.4092 
4.0000 21.0000 3.0000 -2.0000 1.0000 6.6000 8 -1.0000 1.0000 0.7970 4.0000 -4.0000 -8.0000 0.0000 -12.0000 8.0000 0.2500 0.2500 0.2500 0.2500 0.2500 1.2500 1.9039 3.4092 
4.0000 15.0000 3.0000 -2.0000 1.0000 -6.6000 2 1.0000 1.0000 1.2530 -8.0000 0.0000 4.0000 -4.0000 8.0000 -12.0000 0.2500 0.2500 0.2500 0.2500 0.2500 1.2500 1.8737 3.3760 
4.0000 24.0000 3.0000 -2.0000 0.0000 -2.2000 2 1.0000 1.0000 0.9920 -4.0000 4.0000 8.0000 -12.0000 0.0000 -8.0000 0.3359 0.1573 0.2245 0.3523 0.1830 1.2530 1.8909 3.3955 
4.0000 50.0000 3.0000 2.0000 0.0000 -6.6000 2 1.0000 1.0000 0.7380 8.0000 0.0000 -8.0000 4.0000 -4.0000 12.0000 0.1991 0.2703 0.2414 0.1776 0.3682 1.2565 1.8142 3.3156 
4.0000 55.0000 3.0000 2.0000 0.0000 4.4000 8 -1.0000 1.0000 0.7600 8.0000 0.0000 -8.0000 4.0000 -4.0000 12.0000 0.1915 0.2745 0.1720 0.3984 0.2039 1.2403 1.8058 3.2995 
4.0000 68.0000 3.0000 4.0000 0.0000 2.2000 8 -1.0000 1.0000 1.4870 10.0000 2.0000 -2.0000 6.0000 -6.0000 14.0000 0.2035 0.3222 0.2936 0.1669 0.2661 1.2523 1.9351 3.4281 
4.0000 30.0000 3.0000 0.0000 1.0000 -4.4000 2 1.0000 1.0000 0.6820 -6.0000 2.0000 10.0000 -2.0000 6.0000 -10.0000 0.2500 0.2500 0.2500 0.2500 0.2500 1.2500 1.8754 3.3759 
4.0000 39.0000 3.0000 0.0000 0.0000 0.0000 2 1.0000 0.0000 0.7460 10.0000 -2.0000 -6.0000 2.0000 -10.0000 6.0000 0.2244 0.1685 0.3779 0.2881 0.1871 1.2459 1.9881 3.4887 
4.0000 54.0000 3.0000 2.0000 0.0000 2.2000 2 1.0000 0.0000 1.6060 12.0000 0.0000 -8.0000 4.0000 -4.0000 8.0000 0.2949 0.3387 0.1763 0.2363 0.2055 1.2517 1.9800 3.4943 
4.0000 4.0000 3.0000 -4.0000 1.0000 0.0000 2 1.0000 0.0000 0.8810 -10.0000 -2.0000 6.0000 -6.0000 2.0000 -14.0000 0.2500 0.2500 0.2500 0.2500 0.2500 1.2500 1.9548 3.4592 
4.0000 65.0000 3.0000 4.0000 0.0000 -4.4000 2 1.0000 1.0000 0.6050 -2.0000 6.0000 10.0000 2.0000 14.0000 -6.0000 0.1891 0.2786 0.3450 0.2792 0.1664 1.2583 1.8633 3.3676 
4.0000 62.0000 3.0000 4.0000 1.0000 4.4000 8 -1.0000 1.0000 0.6090 6.0000 -2.0000 -6.0000 14.0000 2.0000 10.0000 0.2500 0.2500 0.2500 0.2500 0.2500 1.2500 1.8988 3.4092 
4.0000 67.0000 3.0000 4.0000 0.0000 0.0000 8 -1.0000 0.0000 0.6340 2.0000 10.0000 14.0000 -6.0000 6.0000 -2.0000 0.1723 0.3105 0.2412 0.2149 0.3126 1.2515 1.8295 3.3273 
4.0000 7.0000 3.0000 -4.0000 1.0000 6.6000 8 -1.0000 1.0000 0.5250 -14.0000 -6.0000 2.0000 -10.0000 6.0000 -2.0000 0.2500 0.2500 0.2500 0.2500 0.2500 1.2500 1.7501 3.2425 
4.0000 46.0000 3.0000 2.0000 1.0000 0.0000 8 -1.0000 0.0000 0.6250 -8.0000 4.0000 8.0000 0.0000 12.0000 -4.0000 0.2500 0.2500 0.2500 0.2500 0.2500 1.2500 1.8458 3.3426 
4.0000 29.0000 3.0000 0.0000 1.0000 -6.6000 2 1.0000 1.0000 1.3390 6.0000 -2.0000 -6.0000 2.0000 -10.0000 10.0000 0.2500 0.2500 0.2500 0.2500 0.2500 1.2500 1.7914 3.2926 
4.0000 34.0000 3.0000 0.0000 1.0000 4.4000 2 1.0000 0.0000 0.7730 -10.0000 -2.0000 6.0000 -6.0000 10.0000 2.0000 0.2500 0.2500 0.2500 0.2500 0.2500 1.2500 1.8489 3.3426 
4.0000 58.0000 3.0000 4.0000 1.0000 -4.4000 8 -1.0000 0.0000 0.8390 -6.0000 2.0000 14.0000 -2.0000 10.0000 6.0000 0.2500 0.2500 0.2500 0.2500 0.2500 1.2500 1.8407 3.3425 
4.0000 13.0000 3.0000 -4.0000 0.0000 4.4000 8 -1.0000 1.0000 0.4180 -14.0000 -2.0000 6.0000 -6.0000 2.0000 -10.0000 0.3499 0.1916 0.3197 0.2178 0.1635 1.2426 1.7884 3.2684 
4.0000 45.0000 3.0000 2.0000 1.0000 -2.2000 2 1.0000 1.0000 0.7960 -4.0000 8.0000 12.0000 -8.0000 4.0000 0.0000 0.2500 0.2500 0.2500 0.2500 0.2500 1.2500 1.9445 3.4594 
4.0000 53.0000 3.0000 2.0000 0.0000 0.0000 2 1.0000 0.0000 0.7980 12.0000 4.0000 -4.0000 8.0000 -8.0000 0.0000 0.2689 0.2065 0.3520 0.1982 0.2316 1.2572 1.9915 3.4997 
4.0000 33.0000 3.0000 0.0000 1.0000 2.2000 2 1.0000 0.0000 0.9940 10.0000 2.0000 -6.0000 6.0000 -10.0000 -2.0000 0.2500 0.2500 0.2500 0.2500 0.2500 1.2500 1.9718 3.4760 
4.0000 52.0000 3.0000 2.0000 0.0000 -2.2000 2 1.0000 1.0000 0.6080 12.0000 4.0000 -4.0000 8.0000 -8.0000 0.0000 0.2318 0.1829 0.3751 0.1728 0.2918 1.2544 1.8610 3.3636 
4.0000 20.0000 3.0000 -2.0000 1.0000 4.4000 8 -1.0000 1.0000 1.5440 -8.0000 0.0000 4.0000 -4.0000 8.0000 -12.0000 0.2500 0.2500 0.2500 0.2500 0.2500 1.2500 1.8336 3.3425 
4.0000 11.0000 3.0000 -4.0000 0.0000 0.0000 2 1.0000 0.0000 0.8840 -10.0000 2.0000 6.0000 -14.0000 -2.0000 -6.0000 0.2222 0.2852 0.1639 0.2565 0.3180 1.2458 1.9530 3.4550 
4.0000 25.0000 4.0000 -2.0000 0.0000 0.0000 2 1.0000 0.0000 0.9050 -8.0000 0.0000 4.0000 -4.0000 8.0000 -12.0000 0.2302 0.1809 0.3889 0.2902 0.1520 1.2422 1.8694 3.3682 
4.0000 41.0000 4.0000 0.0000 0.0000 4.4000 8 -1.0000 1.0000 1.7370 10.0000 2.0000 -10.0000 6.0000 -6.0000 -2.0000 0.2296 0.1661 0.3333 0.2967 0.2148 1.2406 1.7743 3.2664 
4.0000 11.0000 4.0000 -4.0000 0.0000 0.0000 2 1.0000 0.0000 0.8390 6.0000 -2.0000 -14.0000 2.0000 -10.0000 -6.0000 0.1601 0.2170 0.2512 0.3506 0.2743 1.2532 1.9132 3.4125 
4.0000 52.0000 4.0000 2.0000 0.0000 -2.2000 2 1.0000 1.0000 0.7720 12.0000 0.0000 -8.0000 4.0000 -4.0000 8.0000 0.2658 0.1783 0.3639 0.2945 0.1543 1.2569 1.7570 3.2661 
4.0000 4.0000 4.0000 -4.0000 1.0000 0.0000 2 1.0000 0.0000 0.5840 2.0000 -10.0000 -14.0000 6.0000 -6.0000 -2.0000 0.2500 0.2500 0.2500 0.2500 0.2500 1.2500 1.7706 3.2591 
4.0000 16.0000 4.0000 -2.0000 1.0000 -4.4000 2 1.0000 1.0000 0.6090 8.0000 -4.0000 -12.0000 0.0000 -8.0000 4.0000 0.2500 0.2500 0.2500 0.2500 0.2500 1.2500 1.8644 3.3592 
4.0000 39.0000 4.0000 0.0000 0.0000 0.0000 2 1.0000 0.0000 0.5000 6.0000 -2.0000 -10.0000 2.0000 -6.0000 10.0000 0.3088 0.2778 0.2180 0.1706 0.2782 1.2534 1.9790 3.4793 
4.0000 37.0000 4.0000 0.0000 0.0000 -4.4000 2 1.0000 1.0000 0.4400 -10.0000 2.0000 10.0000 -2.0000 6.0000 -6.0000 0.2543 0.1889 0.2180 0.3791 0.2108 1.2511 1.7938 3.3104 
4.0000 24.0000 4.0000 -2.0000 0.0000 -2.2000 2 1.0000 1.0000 0.4330 4.0000 -4.0000 -12.0000 0.0000 -8.0000 8.0000 0.2663 0.2149 0.1741 0.2665 0.3185 1.2403 1.7992 3.2995 
4.0000 14.0000 4.0000 -4.0000 0.0000 6.6000 8 -1.0000 1.0000 0.8530 6.0000 -2.0000 -10.0000 2.0000 -14.0000 -6.0000 0.3240 0.2264 0.2732 0.2365 0.1982 1.2582 1.8825 3.4007 
4.0000 44.0000 4.0000 2.0000 1.0000 -4.4000 8 -1.0000 0.0000 1.1530 12.0000 0.0000 -8.0000 4.0000 -4.0000 8.0000 0.2500 0.2500 0.2500 0.2500 0.2500 1.2500 1.8915 3.3925 
4.0000 60.0000 4.0000 4.0000 1.0000 0.0000 8 -1.0000 0.0000 0.6110 -6.0000 6.0000 10.0000 2.0000 14.0000 -2.0000 0.2500 0.2500 0.2500 0.2500 0.2500 1.2500 1.8944 3.3927 
4.0000 49.0000 4.0000 2.0000 1.0000 6.6000 8 -1.0000 1.0000 0.7160 12.0000 0.0000 -8.0000 4.0000 -4.0000 8.0000 0.2500 0.2500 0.2500 0.2500 0.2500 1.2500 1.7613 3.2591 
4.0000 15.0000 4.0000 -2.0000 1.0000 -6.6000 8 -1.0000 0.0000 1.0190 -12.0000 0.0000 8.0000 -4.0000 4.0000 -8.0000 0.2500 0.2500 0.2500 0.2500 0.2500 1.2500 1.7688 3.2758 
4.0000 6.0000 4.0000 -4.0000 1.0000 4.4000 8 -1.0000 1.0000 0.8600 -14.0000 -2.0000 6.0000 -6.0000 2.0000 -10.0000 0.2500 0.2500 0.2500 0.2500 0.2500 1.2500 1.8175 3.3092 
4.0000 54.0000 4.0000 2.0000 0.0000 2.2000 8 -1.0000 1.0000 0.7520 8.0000 0.0000 -8.0000 4.0000 -4.0000 12.0000 0.1917 0.3315 0.1959 0.3526 0.1699 1.2417 1.7582 3.2508 
4.0000 1.0000 4.0000 -4.0000 1.0000 -6.6000 2 1.0000 1.0000 0.6380 -6.0000 2.0000 6.0000 -14.0000 -2.0000 -10.0000 0.2500 0.2500 0.2500 0.2500 0.2500 1.2500 1.9469 3.4425 
4.0000 9.0000 4.0000 -4.0000 0.0000 -4.4000 2 1.0000 1.0000 0.5810 -10.0000 -2.0000 2.0000 -6.0000 6.0000 -14.0000 0.3104 0.2162 0.1897 0.3526 0.1758 1.2447 1.8535 3.3372 
4.0000 32.0000 4.0000 0.0000 1.0000 0.0000 2 1.0000 0.0000 0.6570 10.0000 -2.0000 -10.0000 2.0000 -6.0000 6.0000 0.2500 0.2500 0.2500 0.2500 0.2500 1.2500 1.8019 3.2925 
4.0000 40.0000 4.0000 0.0000 0.0000 2.2000 8 -1.0000 1.0000 0.4330 -10.0000 -2.0000 6.0000 -6.0000 10.0000 2.0000 0.2650 0.1599 0.2628 0.1979 0.3596 1.2452 1.8211 3.3044 
4.0000 56.0000 4.0000 2.0000 0.0000 6.6000 8 -1.0000 1.0000 1.4260 8.0000 0.0000 -4.0000 4.0000 -8.0000 12.0000 0.3576 0.2037 0.2726 0.1828 0.2380 1.2548 1.9563 3.4642 
4.0000 65.0000 4.0000 4.0000 0.0000 -4.4000 2 1.0000 1.0000 0.5750 10.0000 2.0000 -2.0000 6.0000 -6.0000 14.0000 0.1709 0.2753 0.2502 0.1656 0.3793 1.2413 1.9363 3.4340 
4.0000 5.0000 4.0000 -4.0000 1.0000 2.2000 2 1.0000 0.0000 0.4310 -14.0000 -2.0000 2.0000 -6.0000 6.0000 -10.0000 0.2500 0.2500 0.2500 0.2500 0.2500 1.2500 1.8437 3.3426 
4.0000 2.0000 4.0000 -4.0000 1.0000 -4.4000 2 1.0000 1.0000 0.6070 -10.0000 -2.0000 6.0000 -6.0000 2.0000 -14.0000 0.2500 0.2500 0.2500 0.2500 0.2500 1.2500 1.8360 3.3425 
4.0000 10.0000 4.0000 -4.0000 0.0000 -2.2000 2 1.0000 1.0000 0.6000 6.0000 -2.0000 -14.0000 2.0000 -10.0000 -6.0000 0.2578 0.2019 0.2470 0.3238 0.2256 1.2563 1.7715 3.2820 
4.0000 13.0000 4.0000 -4.0000 0.0000 4.4000 8 -1.0000 1.0000 0.8340 -14.0000 -2.0000 6.0000 -6.0000 2.0000 -10.0000 0.2374 0.3446 0.1638 0.3014 0.2037 1.2510 1.7957 3.2936 
4.0000 7.0000 4.0000 -4.0000 1.0000 6.6000 8 -1.0000 1.0000 1.8940 6.0000 -2.0000 -14.0000 2.0000 -10.0000 -6.0000 0.2500 0.2500 0.2500 0.2500 0.2500 1.2500 1.7687 3.2759 
4.0000 53.0000 4.0000 2.0000 0.0000 0.0000 2 1.0000 0.0000 0.8100 0.0000 8.0000 12.0000 -8.0000 4.0000 -4.0000 0.2215 0.2634 0.1766 0.3472 0.2459 1.2546 1.8190 3.3137 
4.0000 23.0000 4.0000 -2.0000 0.0000 -4.4000 2 1.0000 1.0000 0.7960 -12.0000 -4.0000 8.0000 -8.0000 4.0000 0.0000 0.3169 0.2740 0.2104 0.1795 0.2692 1.2499 1.8353 3.3257 
4.0000 43.0000 4.0000 2.0000 1.0000 -6.6000 2 1.0000 1.0000 0.4610 12.0000 4.0000 -8.0000 8.0000 -4.0000 0.0000 0.2500 0.2500 0.2500 0.2500 0.2500 1.2500 1.8080 3.3093 
4.0000 36.0000 4.0000 0.0000 0.0000 -6.6000 2 1.0000 1.0000 0.9690 -10.0000 2.0000 6.0000 -2.0000 10.0000 -6.0000 0.2360 0.2704 0.2347 0.3435 0.1577 1.2423 1.9461 3.4348 
4.0000 70.0000 4.0000 4.0000 0.0000 6.6000 8 -1.0000 1.0000 0.6930 10.0000 2.0000 -6.0000 6.0000 -2.0000 14.0000 0.2829 0.3343 0.1534 0.2667 0.2081 1.2453 1.7833 3.2711 
4.0000 59.0000 4.0000 4.0000 1.0000 -2.2000 2 1.0000 1.0000 1.0510 2.0000 10.0000 14.0000 -6.0000 6.0000 -2.0000 0.2500 0.2500 0.2500 0.2500 0.2500 1.2500 1.7931 3.3093 
4.0000 61.0000 4.0000 4.0000 1.0000 2.2000 8 -1.0000 1.0000 0.4750 -6.0000 2.0000 14.0000 -2.0000 10.0000 6.0000 0.2500 0.2500 0.2500 0.2500 0.2500 1.2500 1.9783 3.4925 
4.0000 31.0000 4.0000 0.0000 1.0000 -2.2000 8 -1.0000 0.0000 0.9640 -6.0000 2.0000 6.0000 -2.0000 10.0000 -10.0000 0.2500 0.2500 0.2500 0.2500 0.2500 1.2500 1.9953 3.4928 
4.0000 46.0000 4.0000 2.0000 1.0000 0.0000 8 -1.0000 0.0000 1.2770 12.0000 4.0000 -4.0000 8.0000 -8.0000 0.0000 0.2500 0.2500 0.2500 0.2500 0.2500 1.2500 1.8610 3.3593 
4.0000 64.0000 4.0000 4.0000 0.0000 -6.6000 2 1.0000 1.0000 0.7520 10.0000 2.0000 -2.0000 6.0000 -6.0000 14.0000 0.1757 0.2311 0.2905 0.1810 0.3814 1.2596 1.8320 3.3521 
4.0000 48.0000 4.0000 2.0000 1.0000 4.4000 8 -1.0000 1.0000 0.9610 -4.0000 4.0000 12.0000 0.0000 8.0000 -8.0000 0.2500 0.2500 0.2500 0.2500 0.2500 1.2500 1.8617 3.3592 
4.0000 34.0000 4.0000 0.0000 1.0000 4.4000 8 -1.0000 1.0000 0.5160 10.0000 2.0000 -6.0000 6.0000 -10.0000 -2.0000 0.2500 0.2500 0.2500 0.2500 0.2500 1.2500 1.8210 3.3258 
4.0000 38.0000 4.0000 0.0000 0.0000 -2.2000 NR 0.0000 0.0000 0.6270 10.0000 2.0000 -10.0000 6.0000 -6.0000 -2.0000 0.2175 0.2979 0.1842 0.2460 0.3113 1.2568 1.9932 3.4995 
4.0000 33.0000 4.0000 0.0000 1.0000 2.2000 8 -1.0000 1.0000 0.5820 -6.0000 2.0000 10.0000 -2.0000 6.0000 -10.0000 0.2500 0.2500 0.2500 0.2500 0.2500 1.2500 1.9047 3.4093 
4.0000 67.0000 4.0000 4.0000 0.0000 0.0000 8 -1.0000 0.0000 0.6820 14.0000 2.0000 -2.0000 6.0000 -6.0000 10.0000 0.3176 0.1873 0.2377 0.3016 0.1959 1.2401 1.7893 3.2827 
4.0000 29.0000 4.0000 0.0000 1.0000 -6.6000 2 1.0000 1.0000 0.9710 6.0000 -2.0000 -10.0000 2.0000 -6.0000 10.0000 0.2500 0.2500 0.2500 0.2500 0.2500 1.2500 1.9593 3.4592 
4.0000 22.0000 4.0000 -2.0000 0.0000 -6.6000 2 1.0000 1.0000 0.7210 8.0000 0.0000 -12.0000 4.0000 -8.0000 -4.0000 0.1722 0.3089 0.2419 0.2988 0.2342 1.2560 1.9689 3.4652 
4.0000 19.0000 4.0000 -2.0000 1.0000 2.2000 8 -1.0000 1.0000 0.6310 4.0000 -4.0000 -8.0000 0.0000 -12.0000 8.0000 0.2500 0.2500 0.2500 0.2500 0.2500 1.2500 1.9387 3.4259 
4.0000 30.0000 4.0000 0.0000 1.0000 -4.4000 2 1.0000 1.0000 1.2190 10.0000 2.0000 -6.0000 6.0000 -10.0000 -2.0000 0.2500 0.2500 0.2500 0.2500 0.2500 1.2500 1.9102 3.4259 
4.0000 27.0000 4.0000 -2.0000 0.0000 4.4000 2 1.0000 0.0000 0.8380 8.0000 -4.0000 -12.0000 0.0000 -8.0000 4.0000 0.3238 0.2243 0.2752 0.2336 0.1961 1.2530 1.8963 3.4123 
4.0000 55.0000 4.0000 2.0000 0.0000 4.4000 8 -1.0000 1.0000 2.3180 -8.0000 4.0000 12.0000 0.0000 8.0000 -4.0000 0.2490 0.3390 0.2039 0.1776 0.2827 1.2522 1.9550 3.4615 
4.0000 28.0000 4.0000 -2.0000 0.0000 6.6000 8 -1.0000 1.0000 0.5930 4.0000 -4.0000 -8.0000 0.0000 -12.0000 8.0000 0.3047 0.2287 0.1730 0.2460 0.2922 1.2445 1.8595 3.3537 
4.0000 69.0000 4.0000 4.0000 0.0000 4.4000 8 -1.0000 1.0000 0.4130 14.0000 6.0000 -2.0000 10.0000 -6.0000 2.0000 0.1708 0.3271 0.2098 0.3215 0.2167 1.2459 1.9444 3.4384 
4.0000 62.0000 4.0000 4.0000 1.0000 4.4000 8 -1.0000 1.0000 1.0210 14.0000 2.0000 -2.0000 6.0000 -6.0000 10.0000 0.2500 0.2500 0.2500 0.2500 0.2500 1.2500 1.8652 3.3594 
4.0000 50.0000 4.0000 2.0000 0.0000 -6.6000 2 1.0000 1.0000 0.7290 12.0000 0.0000 -4.0000 4.0000 -8.0000 8.0000 0.2098 0.1777 0.3860 0.3217 0.1605 1.2557 1.9649 3.4650 
4.0000 3.0000 4.0000 -4.0000 1.0000 -2.2000 2 1.0000 1.0000 1.1880 6.0000 -6.0000 -10.0000 -2.0000 -14.0000 2.0000 0.2500 0.2500 0.2500 0.2500 0.2500 1.2500 1.8496 3.3425 
4.0000 20.0000 4.0000 -2.0000 1.0000 4.4000 8 -1.0000 1.0000 0.6730 -12.0000 -4.0000 8.0000 -8.0000 4.0000 0.0000 0.2500 0.2500 0.2500 0.2500 0.2500 1.2500 1.9290 3.4258 
4.0000 58.0000 4.0000 4.0000 1.0000 -4.4000 NR 0.0000 0.0000 0.0000 -6.0000 6.0000 10.0000 2.0000 14.0000 -2.0000 0.2500 0.2500 0.2500 0.2500 0.2500 1.2500 1.8140 3.3091 
4.0000 63.0000 4.0000 4.0000 1.0000 6.6000 8 -1.0000 1.0000 0.8770 -6.0000 6.0000 10.0000 2.0000 14.0000 -2.0000 0.2500 0.2500 0.2500 0.2500 0.2500 1.2500 1.8787 3.3759 
4.0000 57.0000 4.0000 4.0000 1.0000 -6.6000 2 1.0000 1.0000 0.6540 -2.0000 10.0000 14.0000 -6.0000 6.0000 2.0000 0.2500 0.2500 0.2500 0.2500 0.2500 1.2500 1.9278 3.4426 
4.0000 47.0000 4.0000 2.0000 1.0000 2.2000 8 -1.0000 1.0000 0.5510 -4.0000 8.0000 12.0000 -8.0000 4.0000 0.0000 0.2500 0.2500 0.2500 0.2500 0.2500 1.2500 1.7501 3.2593 
4.0000 68.0000 4.0000 4.0000 0.0000 2.2000 8 -1.0000 1.0000 1.4920 14.0000 2.0000 -6.0000 6.0000 -2.0000 10.0000 0.2187 0.3203 0.1972 0.3359 0.1761 1.2482 1.7795 3.2908 
4.0000 8.0000 4.0000 -4.0000 0.0000 -6.6000 2 1.0000 1.0000 0.6820 2.0000 -6.0000 -10.0000 -2.0000 -14.0000 6.0000 0.1571 0.3130 0.1730 0.3697 0.2461 1.2588 1.9388 3.4513 
4.0000 21.0000 4.0000 -2.0000 1.0000 6.6000 8 -1.0000 1.0000 0.6820 4.0000 -4.0000 -8.0000 0.0000 -12.0000 8.0000 0.2500 0.2500 0.2500 0.2500 0.2500 1.2500 1.9676 3.4761 
4.0000 51.0000 4.0000 2.0000 0.0000 -4.4000 2 1.0000 1.0000 0.8280 4.0000 -4.0000 -8.0000 12.0000 0.0000 8.0000 0.2133 0.2562 0.3975 0.2107 0.1643 1.2421 1.9493 3.4346 
4.0000 18.0000 4.0000 -2.0000 1.0000 0.0000 2 1.0000 0.0000 1.5250 -8.0000 4.0000 8.0000 -12.0000 0.0000 -4.0000 0.2500 0.2500 0.2500 0.2500 0.2500 1.2500 1.7750 3.2758 
4.0000 17.0000 4.0000 -2.0000 1.0000 -2.2000 2 1.0000 1.0000 0.5100 4.0000 -4.0000 -12.0000 0.0000 -8.0000 8.0000 0.2500 0.2500 0.2500 0.2500 0.2500 1.2500 1.7505 3.2424 
4.0000 35.0000 4.0000 0.0000 1.0000 6.6000 8 -1.0000 1.0000 1.3790 10.0000 2.0000 -10.0000 6.0000 -6.0000 -2.0000 0.2500 0.2500 0.2500 0.2500 0.2500 1.2500 1.7956 3.2926 
4.0000 42.0000 4.0000 0.0000 0.0000 6.6000 8 -1.0000 1.0000 0.4860 -10.0000 -2.0000 6.0000 -6.0000 10.0000 2.0000 0.2142 0.3036 0.2236 0.3309 0.1702 1.2425 1.8241 3.3184 
4.0000 26.0000 4.0000 -2.0000 0.0000 2.2000 2 1.0000 0.0000 0.6780 -12.0000 -4.0000 8.0000 -8.0000 4.0000 0.0000 0.1711 0.3289 0.2851 0.1995 0.2587 1.2433 1.8075 3.3027 
4.0000 66.0000 4.0000 4.0000 0.0000 -2.2000 2 1.0000 1.0000 0.5230 14.0000 2.0000 -2.0000 6.0000 -6.0000 10.0000 0.2456 0.1636 0.3941 0.2695 0.1802 1.2530 1.8944 3.3955 
4.0000 45.0000 4.0000 2.0000 1.0000 -2.2000 2 1.0000 1.0000 0.5860 12.0000 0.0000 -8.0000 4.0000 -4.0000 8.0000 0.2500 0.2500 0.2500 0.2500 0.2500 1.2500 1.9109 3.4091 
4.0000 12.0000 4.0000 -4.0000 0.0000 2.2000 2 1.0000 0.0000 1.4410 -2.0000 -10.0000 -14.0000 6.0000 -6.0000 2.0000 0.3961 0.3047 0.1552 0.2311 0.1675 1.2547 1.8681 3.3807 
4.0000 21.0000 5.0000 -2.0000 1.0000 6.6000 8 -1.0000 1.0000 0.5170 -8.0000 0.0000 4.0000 -4.0000 8.0000 -12.0000 0.2500 0.2500 0.2500 0.2500 0.2500 1.2500 1.8618 3.3592 
4.0000 27.0000 5.0000 -2.0000 0.0000 4.4000 2 1.0000 0.0000 1.4630 4.0000 -4.0000 -8.0000 0.0000 -12.0000 8.0000 0.1544 0.3679 0.2307 0.2895 0.2124 1.2549 1.8408 3.3475 
4.0000 62.0000 5.0000 4.0000 1.0000 4.4000 2 1.0000 0.0000 1.7910 10.0000 2.0000 -2.0000 6.0000 -6.0000 14.0000 0.2500 0.2500 0.2500 0.2500 0.2500 1.2500 1.9989 3.4927 
4.0000 47.0000 5.0000 2.0000 1.0000 2.2000 8 -1.0000 1.0000 1.8770 12.0000 0.0000 -4.0000 4.0000 -8.0000 8.0000 0.2500 0.2500 0.2500 0.2500 0.2500 1.2500 1.9774 3.4759 
4.0000 59.0000 5.0000 4.0000 1.0000 -2.2000 2 1.0000 1.0000 0.5040 -6.0000 6.0000 14.0000 2.0000 10.0000 -2.0000 0.2500 0.2500 0.2500 0.2500 0.2500 1.2500 1.8238 3.3260 
4.0000 55.0000 5.0000 2.0000 0.0000 4.4000 8 -1.0000 1.0000 0.5790 -4.0000 8.0000 12.0000 -8.0000 4.0000 0.0000 0.1683 0.3027 0.3631 0.2593 0.1605 1.2540 1.9929 3.4966 
4.0000 18.0000 5.0000 -2.0000 1.0000 0.0000 2 1.0000 0.0000 0.5920 -4.0000 4.0000 8.0000 -12.0000 0.0000 -8.0000 0.2500 0.2500 0.2500 0.2500 0.2500 1.2500 1.8051 3.3091 
4.0000 45.0000 5.0000 2.0000 1.0000 -2.2000 2 1.0000 1.0000 0.4560 4.0000 -4.0000 -8.0000 12.0000 0.0000 8.0000 0.2500 0.2500 0.2500 0.2500 0.2500 1.2500 1.9909 3.4925 
4.0000 64.0000 5.0000 4.0000 0.0000 -6.6000 2 1.0000 1.0000 0.5600 -6.0000 2.0000 14.0000 -2.0000 10.0000 6.0000 0.2720 0.2205 0.2787 0.1646 0.3095 1.2453 1.8347 3.3379 
4.0000 35.0000 5.0000 0.0000 1.0000 6.6000 8 -1.0000 1.0000 0.5490 10.0000 2.0000 -10.0000 6.0000 -6.0000 -2.0000 0.2500 0.2500 0.2500 0.2500 0.2500 1.2500 1.7574 3.2591 
4.0000 30.0000 5.0000 0.0000 1.0000 -4.4000 2 1.0000 1.0000 0.4360 -2.0000 6.0000 10.0000 -10.0000 2.0000 -6.0000 0.2500 0.2500 0.2500 0.2500 0.2500 1.2500 1.9042 3.4092 
4.0000 15.0000 5.0000 -2.0000 1.0000 -6.6000 2 1.0000 1.0000 0.3990 4.0000 -4.0000 -12.0000 0.0000 -8.0000 8.0000 0.2500 0.2500 0.2500 0.2500 0.2500 1.2500 1.7893 3.2925 
4.0000 65.0000 5.0000 4.0000 0.0000 -4.4000 2 1.0000 1.0000 0.3930 10.0000 -2.0000 -6.0000 14.0000 2.0000 6.0000 0.1562 0.2756 0.1924 0.3285 0.2938 1.2465 1.9731 3.4725 
4.0000 51.0000 5.0000 2.0000 0.0000 -4.4000 2 1.0000 1.0000 0.3150 12.0000 4.0000 -4.0000 8.0000 -8.0000 0.0000 0.3969 0.2898 0.2013 0.1540 0.2068 1.2488 1.7992 3.2913 
4.0000 58.0000 5.0000 4.0000 1.0000 -4.4000 2 1.0000 1.0000 0.3600 14.0000 2.0000 -2.0000 6.0000 -6.0000 10.0000 0.2500 0.2500 0.2500 0.2500 0.2500 1.2500 1.8408 3.3426 
4.0000 28.0000 5.0000 -2.0000 0.0000 6.6000 8 -1.0000 1.0000 0.4020 -12.0000 -4.0000 4.0000 -8.0000 8.0000 0.0000 0.1551 0.3874 0.2185 0.3151 0.1720 1.2480 1.8954 3.3905 
4.0000 50.0000 5.0000 2.0000 0.0000 -6.6000 2 1.0000 1.0000 0.3790 8.0000 0.0000 -8.0000 4.0000 -4.0000 12.0000 0.2002 0.3285 0.2414 0.2994 0.1764 1.2458 1.8494 3.3384 
4.0000 7.0000 5.0000 -4.0000 1.0000 6.6000 8 -1.0000 1.0000 0.7250 -14.0000 -6.0000 6.0000 -10.0000 2.0000 -2.0000 0.2500 0.2500 0.2500 0.2500 0.2500 1.2500 1.8279 3.3425 
4.0000 9.0000 5.0000 -4.0000 0.0000 -4.4000 2 1.0000 1.0000 0.7060 2.0000 -10.0000 -14.0000 6.0000 -6.0000 -2.0000 0.1610 0.2069 0.2888 0.1985 0.3854 1.2405 1.7901 3.2829 
4.0000 68.0000 5.0000 4.0000 0.0000 2.2000 8 -1.0000 1.0000 0.5550 10.0000 2.0000 -2.0000 6.0000 -6.0000 14.0000 0.1657 0.3267 0.2090 0.1709 0.3813 1.2538 1.8717 3.3797 
4.0000 31.0000 5.0000 0.0000 1.0000 -2.2000 2 1.0000 1.0000 0.5650 -6.0000 2.0000 10.0000 -2.0000 6.0000 -10.0000 0.2500 0.2500 0.2500 0.2500 0.2500 1.2500 1.8696 3.3758 
4.0000 38.0000 5.0000 0.0000 0.0000 -2.2000 2 1.0000 1.0000 0.4010 10.0000 -2.0000 -6.0000 2.0000 -10.0000 6.0000 0.2109 0.3118 0.2062 0.2422 0.2753 1.2465 1.9260 3.4223 
4.0000 41.0000 5.0000 0.0000 0.0000 4.4000 8 -1.0000 1.0000 0.5010 10.0000 2.0000 -10.0000 6.0000 -6.0000 -2.0000 0.1560 0.2537 0.3482 0.2859 0.2004 1.2442 1.9849 3.4868 
4.0000 4.0000 5.0000 -4.0000 1.0000 0.0000 2 1.0000 0.0000 0.7140 2.0000 -6.0000 -14.0000 -2.0000 -10.0000 6.0000 0.2500 0.2500 0.2500 0.2500 0.2500 1.2500 1.8334 3.3425 
4.0000 34.0000 5.0000 0.0000 1.0000 4.4000 8 -1.0000 1.0000 0.3790 6.0000 -2.0000 -6.0000 2.0000 -10.0000 10.0000 0.2500 0.2500 0.2500 0.2500 0.2500 1.2500 1.7894 3.2925 
4.0000 57.0000 5.0000 4.0000 1.0000 -6.6000 2 1.0000 1.0000 0.5530 14.0000 6.0000 -2.0000 10.0000 -6.0000 2.0000 0.2500 0.2500 0.2500 0.2500 0.2500 1.2500 1.9677 3.4593 
4.0000 23.0000 5.0000 -2.0000 0.0000 -4.4000 2 1.0000 1.0000 0.4600 -12.0000 0.0000 4.0000 -4.0000 8.0000 -8.0000 0.3987 0.2599 0.2346 0.1607 0.1957 1.2496 1.7523 3.2420 
4.0000 39.0000 5.0000 0.0000 0.0000 0.0000 8 -1.0000 0.0000 0.6940 -6.0000 2.0000 6.0000 -2.0000 10.0000 -10.0000 0.1676 0.2737 0.3035 0.2072 0.2957 1.2475 1.9852 3.4735 
4.0000 54.0000 5.0000 2.0000 0.0000 2.2000 2 1.0000 0.0000 0.5020 12.0000 4.0000 -4.0000 8.0000 -8.0000 0.0000 0.2479 0.2804 0.2259 0.1587 0.3363 1.2492 1.7600 3.2583 
4.0000 46.0000 5.0000 2.0000 1.0000 0.0000 8 -1.0000 0.0000 0.5740 0.0000 8.0000 12.0000 -8.0000 4.0000 -4.0000 0.2500 0.2500 0.2500 0.2500 0.2500 1.2500 1.7588 3.2592 
4.0000 32.0000 5.0000 0.0000 1.0000 0.0000 2 1.0000 0.0000 0.4830 6.0000 -2.0000 -10.0000 2.0000 -6.0000 10.0000 0.2500 0.2500 0.2500 0.2500 0.2500 1.2500 1.7925 3.2925 
4.0000 3.0000 5.0000 -4.0000 1.0000 -2.2000 2 1.0000 1.0000 0.3420 6.0000 -6.0000 -10.0000 -2.0000 -14.0000 2.0000 0.2500 0.2500 0.2500 0.2500 0.2500 1.2500 1.8707 3.3759 
4.0000 24.0000 5.0000 -2.0000 0.0000 -2.2000 2 1.0000 1.0000 0.3330 8.0000 -4.0000 -12.0000 0.0000 -8.0000 4.0000 0.3100 0.1967 0.2903 0.1609 0.2921 1.2502 1.8952 3.4095 
4.0000 48.0000 5.0000 2.0000 1.0000 4.4000 8 -1.0000 1.0000 0.6080 0.0000 8.0000 12.0000 -8.0000 4.0000 -4.0000 0.2500 0.2500 0.2500 0.2500 0.2500 1.2500 1.8755 3.3759 
4.0000 67.0000 5.0000 4.0000 0.0000 0.0000 2 1.0000 0.0000 0.7190 14.0000 2.0000 -6.0000 6.0000 -2.0000 10.0000 0.3718 0.2875 0.2133 0.1704 0.2048 1.2477 1.9946 3.4902 
4.0000 29.0000 5.0000 0.0000 1.0000 -6.6000 2 1.0000 1.0000 0.3580 10.0000 2.0000 -10.0000 6.0000 -6.0000 -2.0000 0.2500 0.2500 0.2500 0.2500 0.2500 1.2500 1.9924 3.4925 
4.0000 43.0000 5.0000 2.0000 1.0000 -6.6000 2 1.0000 1.0000 0.3710 -8.0000 0.0000 8.0000 -4.0000 12.0000 4.0000 0.2500 0.2500 0.2500 0.2500 0.2500 1.2500 1.9186 3.4259 
4.0000 36.0000 5.0000 0.0000 0.0000 -6.6000 2 1.0000 1.0000 0.3680 -6.0000 2.0000 6.0000 -2.0000 10.0000 -10.0000 0.1624 0.3790 0.3295 0.1670 0.2071 1.2449 1.9696 3.4710 
4.0000 26.0000 5.0000 -2.0000 0.0000 2.2000 2 1.0000 0.0000 0.5350 8.0000 0.0000 -8.0000 4.0000 -12.0000 -4.0000 0.2327 0.3705 0.1790 0.2146 0.2606 1.2575 1.9185 3.4334 
4.0000 56.0000 5.0000 2.0000 0.0000 6.6000 8 -1.0000 1.0000 0.4290 8.0000 0.0000 -8.0000 4.0000 -4.0000 12.0000 0.1714 0.3444 0.2264 0.1732 0.3417 1.2571 1.7735 3.2830 
4.0000 16.0000 5.0000 -2.0000 1.0000 -4.4000 2 1.0000 1.0000 1.3100 0.0000 -8.0000 -12.0000 8.0000 -4.0000 4.0000 0.2500 0.2500 0.2500 0.2500 0.2500 1.2500 1.9964 3.4925 
4.0000 20.0000 5.0000 -2.0000 1.0000 4.4000 8 -1.0000 1.0000 0.8040 4.0000 -4.0000 -12.0000 0.0000 -8.0000 8.0000 0.2500 0.2500 0.2500 0.2500 0.2500 1.2500 1.9614 3.4592 
4.0000 1.0000 5.0000 -4.0000 1.0000 -6.6000 2 1.0000 1.0000 0.6120 2.0000 -6.0000 -14.0000 -2.0000 -10.0000 6.0000 0.2500 0.2500 0.2500 0.2500 0.2500 1.2500 1.9057 3.3925 
4.0000 8.0000 5.0000 -4.0000 0.0000 -6.6000 2 1.0000 1.0000 0.4980 2.0000 -6.0000 -14.0000 -2.0000 -10.0000 6.0000 0.2234 0.1641 0.3954 0.2034 0.2673 1.2535 1.8722 3.3627 
4.0000 53.0000 5.0000 2.0000 0.0000 0.0000 2 1.0000 0.0000 0.9140 -4.0000 8.0000 12.0000 -8.0000 4.0000 0.0000 0.2830 0.2388 0.3027 0.2404 0.1943 1.2592 1.7907 3.3016 
4.0000 60.0000 5.0000 4.0000 1.0000 0.0000 2 1.0000 0.0000 0.6380 6.0000 -2.0000 -6.0000 14.0000 2.0000 10.0000 0.2500 0.2500 0.2500 0.2500 0.2500 1.2500 1.9862 3.4926 
4.0000 42.0000 5.0000 0.0000 0.0000 6.6000 8 -1.0000 1.0000 0.6150 -6.0000 2.0000 10.0000 -2.0000 6.0000 -10.0000 0.1671 0.2982 0.2673 0.1786 0.3473 1.2584 1.7652 3.2842 
4.0000 70.0000 5.0000 4.0000 0.0000 6.6000 8 -1.0000 1.0000 0.5830 -6.0000 6.0000 10.0000 2.0000 14.0000 -2.0000 0.1761 0.3878 0.2537 0.2264 0.1981 1.2422 1.8284 3.3181 
4.0000 2.0000 5.0000 -4.0000 1.0000 -4.4000 2 1.0000 1.0000 0.5540 -14.0000 -6.0000 6.0000 -10.0000 2.0000 -2.0000 0.2500 0.2500 0.2500 0.2500 0.2500 1.2500 1.9742 3.4761 
4.0000 22.0000 5.0000 -2.0000 0.0000 -6.6000 2 1.0000 1.0000 0.6510 8.0000 -4.0000 -12.0000 0.0000 -8.0000 4.0000 0.1674 0.3393 0.1684 0.3327 0.2484 1.2562 1.9118 3.4155 
4.0000 6.0000 5.0000 -4.0000 1.0000 4.4000 8 -1.0000 1.0000 1.2590 6.0000 -6.0000 -14.0000 -2.0000 -10.0000 2.0000 0.2500 0.2500 0.2500 0.2500 0.2500 1.2500 1.9527 3.4591 
4.0000 37.0000 5.0000 0.0000 0.0000 -4.4000 2 1.0000 1.0000 0.4200 10.0000 -2.0000 -10.0000 2.0000 -6.0000 6.0000 0.1841 0.3017 0.1660 0.3729 0.2345 1.2592 1.7934 3.3016 
4.0000 12.0000 5.0000 -4.0000 0.0000 2.2000 2 1.0000 0.0000 0.6020 2.0000 -6.0000 -14.0000 -2.0000 -10.0000 6.0000 0.3385 0.2278 0.2586 0.1877 0.2288 1.2414 1.9155 3.4006 
4.0000 19.0000 5.0000 -2.0000 1.0000 2.2000 8 -1.0000 1.0000 0.7910 -8.0000 0.0000 8.0000 -4.0000 4.0000 -12.0000 0.2500 0.2500 0.2500 0.2500 0.2500 1.2500 1.9042 3.3926 
4.0000 69.0000 5.0000 4.0000 0.0000 4.4000 8 -1.0000 1.0000 0.4770 10.0000 2.0000 -2.0000 6.0000 -6.0000 14.0000 0.1765 0.3005 0.2602 0.3573 0.1606 1.2551 1.9342 3.4310 
4.0000 17.0000 5.0000 -2.0000 1.0000 -2.2000 8 -1.0000 0.0000 1.9030 4.0000 -4.0000 -8.0000 0.0000 -12.0000 8.0000 0.2500 0.2500 0.2500 0.2500 0.2500 1.2500 1.9693 3.4592 
4.0000 61.0000 5.0000 4.0000 1.0000 2.2000 8 -1.0000 1.0000 0.9720 10.0000 2.0000 -2.0000 6.0000 -6.0000 14.0000 0.2500 0.2500 0.2500 0.2500 0.2500 1.2500 1.9924 3.5092 
4.0000 33.0000 5.0000 0.0000 1.0000 2.2000 8 -1.0000 1.0000 0.4240 -6.0000 2.0000 6.0000 -2.0000 10.0000 -10.0000 0.2500 0.2500 0.2500 0.2500 0.2500 1.2500 1.9906 3.4926 
4.0000 10.0000 5.0000 -4.0000 0.0000 -2.2000 2 1.0000 1.0000 0.6800 -14.0000 -2.0000 6.0000 -6.0000 2.0000 -10.0000 0.2857 0.3232 0.2560 0.2101 0.1763 1.2512 1.9304 3.4438 
4.0000 5.0000 5.0000 -4.0000 1.0000 2.2000 2 1.0000 0.0000 0.7770 2.0000 -6.0000 -14.0000 -2.0000 -10.0000 6.0000 0.2500 0.2500 0.2500 0.2500 0.2500 1.2500 1.9585 3.4593 
4.0000 49.0000 5.0000 2.0000 1.0000 6.6000 8 -1.0000 1.0000 0.6170 -8.0000 4.0000 8.0000 0.0000 12.0000 -4.0000 0.2500 0.2500 0.2500 0.2500 0.2500 1.2500 1.8855 3.3927 
4.0000 25.0000 5.0000 -2.0000 0.0000 0.0000 8 -1.0000 0.0000 0.8090 4.0000 -4.0000 -8.0000 0.0000 -12.0000 8.0000 0.2281 0.3089 0.1865 0.2221 0.3057 1.2511 1.8284 3.3269 
4.0000 14.0000 5.0000 -4.0000 0.0000 6.6000 8 -1.0000 1.0000 0.5130 6.0000 -2.0000 -14.0000 2.0000 -10.0000 -6.0000 0.2752 0.3447 0.2518 0.2072 0.1767 1.2555 1.9974 3.4983 
4.0000 63.0000 5.0000 4.0000 1.0000 6.6000 8 -1.0000 1.0000 0.2840 -6.0000 2.0000 10.0000 -2.0000 14.0000 6.0000 0.2500 0.2500 0.2500 0.2500 0.2500 1.2500 1.8826 3.3760 
4.0000 13.0000 5.0000 -4.0000 0.0000 4.4000 8 -1.0000 1.0000 0.3550 2.0000 -6.0000 -10.0000 -2.0000 -14.0000 6.0000 0.2841 0.2545 0.2213 0.1500 0.3403 1.2501 1.8655 3.3593 
4.0000 11.0000 5.0000 -4.0000 0.0000 0.0000 2 1.0000 0.0000 0.6200 6.0000 -6.0000 -14.0000 -2.0000 -10.0000 2.0000 0.3170 0.1607 0.1895 0.3235 0.2506 1.2414 1.8435 3.3338 
4.0000 66.0000 5.0000 4.0000 0.0000 -2.2000 2 1.0000 1.0000 0.6950 10.0000 2.0000 -2.0000 6.0000 -6.0000 14.0000 0.2595 0.1590 0.2535 0.3159 0.2532 1.2411 1.8194 3.3003 
4.0000 52.0000 5.0000 2.0000 0.0000 -2.2000 2 1.0000 1.0000 0.5280 -4.0000 8.0000 12.0000 -8.0000 4.0000 0.0000 0.1539 0.2767 0.1901 0.2618 0.3691 1.2515 1.7561 3.2607 
4.0000 44.0000 5.0000 2.0000 1.0000 -4.4000 2 1.0000 1.0000 0.3410 12.0000 4.0000 -8.0000 8.0000 -4.0000 0.0000 0.2500 0.2500 0.2500 0.2500 0.2500 1.2500 1.7871 3.2758 
4.0000 40.0000 5.0000 0.0000 0.0000 2.2000 2 1.0000 0.0000 0.3670 2.0000 -6.0000 -10.0000 10.0000 -2.0000 6.0000 0.1727 0.3929 0.2229 0.2957 0.1756 1.2597 1.8972 3.4022 
4.0000 9.0000 6.0000 -4.0000 0.0000 -4.4000 2 1.0000 1.0000 0.4480 -14.0000 -2.0000 2.0000 -6.0000 6.0000 -10.0000 0.2960 0.1783 0.3752 0.1866 0.2224 1.2586 1.8215 3.3344 
4.0000 34.0000 6.0000 0.0000 1.0000 4.4000 2 1.0000 0.0000 0.8410 10.0000 2.0000 -6.0000 6.0000 -10.0000 -2.0000 0.2500 0.2500 0.2500 0.2500 0.2500 1.2500 1.9708 3.4758 
4.0000 40.0000 6.0000 0.0000 0.0000 2.2000 8 -1.0000 1.0000 0.6650 -6.0000 2.0000 10.0000 -2.0000 6.0000 -10.0000 0.2685 0.2243 0.2572 0.2033 0.2927 1.2461 1.7830 3.2886 
4.0000 2.0000 6.0000 -4.0000 1.0000 -4.4000 2 1.0000 1.0000 0.4110 -10.0000 2.0000 6.0000 -14.0000 -2.0000 -6.0000 0.2500 0.2500 0.2500 0.2500 0.2500 1.2500 1.9351 3.4426 
4.0000 10.0000 6.0000 -4.0000 0.0000 -2.2000 2 1.0000 1.0000 0.4880 -10.0000 2.0000 6.0000 -14.0000 -2.0000 -6.0000 0.2908 0.3226 0.1655 0.1992 0.2793 1.2574 1.9469 3.4499 
4.0000 14.0000 6.0000 -4.0000 0.0000 6.6000 8 -1.0000 1.0000 0.5720 2.0000 -10.0000 -14.0000 6.0000 -6.0000 -2.0000 0.2275 0.3447 0.1932 0.1581 0.3252 1.2487 1.8321 3.3246 
4.0000 38.0000 6.0000 0.0000 0.0000 -2.2000 2 1.0000 1.0000 0.5750 2.0000 -6.0000 -10.0000 10.0000 -2.0000 6.0000 0.1865 0.3229 0.1694 0.3240 0.2542 1.2570 1.8355 3.3497 
4.0000 44.0000 6.0000 2.0000 1.0000 -4.4000 2 1.0000 1.0000 0.3750 12.0000 0.0000 -4.0000 4.0000 -8.0000 8.0000 0.2500 0.2500 0.2500 0.2500 0.2500 1.2500 1.8603 3.3593 
4.0000 5.0000 6.0000 -4.0000 1.0000 2.2000 8 -1.0000 1.0000 0.5820 -14.0000 -2.0000 2.0000 -6.0000 6.0000 -10.0000 0.2500 0.2500 0.2500 0.2500 0.2500 1.2500 1.9528 3.4424 
4.0000 13.0000 6.0000 -4.0000 0.0000 4.4000 8 -1.0000 1.0000 0.4610 -14.0000 -6.0000 2.0000 -10.0000 6.0000 -2.0000 0.3857 0.2520 0.1960 0.2636 0.1530 1.2504 1.8590 3.3596 
4.0000 60.0000 6.0000 4.0000 1.0000 0.0000 2 1.0000 0.0000 0.6590 10.0000 2.0000 -2.0000 6.0000 -6.0000 14.0000 0.2500 0.2500 0.2500 0.2500 0.2500 1.2500 1.8506 3.3425 
4.0000 62.0000 6.0000 4.0000 1.0000 4.4000 8 -1.0000 1.0000 0.5130 14.0000 2.0000 -2.0000 6.0000 -6.0000 10.0000 0.2500 0.2500 0.2500 0.2500 0.2500 1.2500 1.8964 3.3925 
4.0000 18.0000 6.0000 -2.0000 1.0000 0.0000 2 1.0000 0.0000 0.6100 4.0000 -4.0000 -8.0000 0.0000 -12.0000 8.0000 0.2500 0.2500 0.2500 0.2500 0.2500 1.2500 1.9023 3.3925 
4.0000 27.0000 6.0000 -2.0000 0.0000 4.4000 8 -1.0000 1.0000 0.3640 4.0000 -8.0000 -12.0000 8.0000 -4.0000 0.0000 0.2299 0.1969 0.2888 0.3348 0.1946 1.2450 1.9722 3.4711 
4.0000 49.0000 6.0000 2.0000 1.0000 6.6000 8 -1.0000 1.0000 0.5930 0.0000 8.0000 12.0000 -8.0000 4.0000 -4.0000 0.2500 0.2500 0.2500 0.2500 0.2500 1.2500 1.9918 3.4925 
4.0000 4.0000 6.0000 -4.0000 1.0000 0.0000 2 1.0000 0.0000 0.7030 6.0000 -6.0000 -10.0000 -2.0000 -14.0000 2.0000 0.2500 0.2500 0.2500 0.2500 0.2500 1.2500 1.8911 3.3925 
4.0000 36.0000 6.0000 0.0000 0.0000 -6.6000 2 1.0000 1.0000 0.3920 6.0000 -6.0000 -10.0000 10.0000 -2.0000 2.0000 0.2020 0.2935 0.1781 0.2447 0.3238 1.2421 1.9014 3.4014 
4.0000 1.0000 6.0000 -4.0000 1.0000 -6.6000 2 1.0000 1.0000 0.2560 6.0000 -2.0000 -14.0000 2.0000 -10.0000 -6.0000 0.2500 0.2500 0.2500 0.2500 0.2500 1.2500 1.8740 3.3759 
4.0000 59.0000 6.0000 4.0000 1.0000 -2.2000 2 1.0000 1.0000 0.6270 -2.0000 6.0000 10.0000 2.0000 14.0000 -6.0000 0.2500 0.2500 0.2500 0.2500 0.2500 1.2500 1.7577 3.2591 
4.0000 25.0000 6.0000 -2.0000 0.0000 0.0000 2 1.0000 0.0000 0.3720 -8.0000 4.0000 8.0000 -12.0000 0.0000 -4.0000 0.3685 0.2205 0.1711 0.3016 0.1858 1.2474 1.9818 3.4734 
4.0000 3.0000 6.0000 -4.0000 1.0000 -2.2000 2 1.0000 1.0000 0.4190 2.0000 -6.0000 -14.0000 -2.0000 -10.0000 6.0000 0.2500 0.2500 0.2500 0.2500 0.2500 1.2500 1.9549 3.4594 
4.0000 67.0000 6.0000 4.0000 0.0000 0.0000 2 1.0000 0.0000 1.0290 2.0000 10.0000 14.0000 -6.0000 6.0000 -2.0000 0.2852 0.1990 0.3110 0.2612 0.1989 1.2552 1.9878 3.4980 
4.0000 32.0000 6.0000 0.0000 1.0000 0.0000 8 -1.0000 0.0000 0.9340 2.0000 -6.0000 -10.0000 10.0000 -2.0000 6.0000 0.2500 0.2500 0.2500 0.2500 0.2500 1.2500 1.9799 3.4761 
4.0000 63.0000 6.0000 4.0000 1.0000 6.6000 8 -1.0000 1.0000 0.4680 -2.0000 6.0000 10.0000 2.0000 14.0000 -6.0000 0.2500 0.2500 0.2500 0.2500 0.2500 1.2500 1.9507 3.4427 
4.0000 8.0000 6.0000 -4.0000 0.0000 -6.6000 2 1.0000 1.0000 0.5400 -10.0000 -2.0000 6.0000 -6.0000 2.0000 -14.0000 0.2965 0.3457 0.1885 0.2332 0.1821 1.2460 1.8278 3.3218 
4.0000 45.0000 6.0000 2.0000 1.0000 -2.2000 2 1.0000 1.0000 0.6330 -4.0000 4.0000 8.0000 0.0000 12.0000 -8.0000 0.2500 0.2500 0.2500 0.2500 0.2500 1.2500 1.8325 3.3259 
4.0000 43.0000 6.0000 2.0000 1.0000 -6.6000 2 1.0000 1.0000 0.4430 -8.0000 0.0000 12.0000 -4.0000 8.0000 4.0000 0.2500 0.2500 0.2500 0.2500 0.2500 1.2500 1.9318 3.4427 
4.0000 47.0000 6.0000 2.0000 1.0000 2.2000 8 -1.0000 1.0000 0.4130 -8.0000 4.0000 12.0000 0.0000 8.0000 -4.0000 0.2500 0.2500 0.2500 0.2500 0.2500 1.2500 1.9582 3.4592 
4.0000 65.0000 6.0000 4.0000 0.0000 -4.4000 2 1.0000 1.0000 0.7590 14.0000 2.0000 -6.0000 6.0000 -2.0000 10.0000 0.1634 0.2456 0.2707 0.3107 0.2553 1.2456 1.8193 3.3215 
4.0000 21.0000 6.0000 -2.0000 1.0000 6.6000 8 -1.0000 1.0000 0.4900 8.0000 -4.0000 -12.0000 0.0000 -8.0000 4.0000 0.2500 0.2500 0.2500 0.2500 0.2500 1.2500 1.7953 3.2925 
4.0000 24.0000 6.0000 -2.0000 0.0000 -2.2000 2 1.0000 1.0000 0.5800 4.0000 -4.0000 -8.0000 0.0000 -12.0000 8.0000 0.2092 0.1713 0.2697 0.3741 0.2220 1.2463 1.9066 3.4056 
4.0000 51.0000 6.0000 2.0000 0.0000 -4.4000 2 1.0000 1.0000 0.5970 0.0000 8.0000 12.0000 -8.0000 4.0000 -4.0000 0.1815 0.2068 0.3521 0.2264 0.2762 1.2430 1.8362 3.3355 
4.0000 31.0000 6.0000 0.0000 1.0000 -2.2000 2 1.0000 1.0000 0.4180 10.0000 2.0000 -10.0000 6.0000 -6.0000 -2.0000 0.2500 0.2500 0.2500 0.2500 0.2500 1.2500 1.9594 3.4592 
4.0000 69.0000 6.0000 4.0000 0.0000 4.4000 8 -1.0000 1.0000 1.0750 2.0000 10.0000 14.0000 -6.0000 6.0000 -2.0000 0.3079 0.2488 0.2104 0.2683 0.2207 1.2561 1.9767 3.4819 
4.0000 33.0000 6.0000 0.0000 1.0000 2.2000 8 -1.0000 1.0000 0.4660 -2.0000 6.0000 10.0000 -10.0000 2.0000 -6.0000 0.2500 0.2500 0.2500 0.2500 0.2500 1.2500 1.8376 3.3425 
4.0000 11.0000 6.0000 -4.0000 0.0000 0.0000 2 1.0000 0.0000 0.8670 2.0000 -6.0000 -14.0000 -2.0000 -10.0000 6.0000 0.1852 0.2288 0.2631 0.3959 0.1727 1.2458 1.9828 3.4716 
4.0000 64.0000 6.0000 4.0000 0.0000 -6.6000 2 1.0000 1.0000 0.7550 -6.0000 2.0000 10.0000 -2.0000 14.0000 6.0000 0.2343 0.2663 0.1693 0.3917 0.1951 1.2567 1.9789 3.4827 
4.0000 58.0000 6.0000 4.0000 1.0000 -4.4000 8 -1.0000 0.0000 0.5140 -2.0000 10.0000 14.0000 -6.0000 6.0000 2.0000 0.2500 0.2500 0.2500 0.2500 0.2500 1.2500 1.9595 3.4593 
4.0000 30.0000 6.0000 0.0000 1.0000 -4.4000 2 1.0000 1.0000 0.5070 -2.0000 6.0000 10.0000 -10.0000 2.0000 -6.0000 0.2500 0.2500 0.2500 0.2500 0.2500 1.2500 1.9220 3.4093 
4.0000 39.0000 6.0000 0.0000 0.0000 0.0000 8 -1.0000 0.0000 0.5750 2.0000 -6.0000 -10.0000 10.0000 -2.0000 6.0000 0.2640 0.3840 0.1671 0.2536 0.1909 1.2595 1.8286 3.3522 
4.0000 19.0000 6.0000 -2.0000 1.0000 2.2000 8 -1.0000 1.0000 0.4580 -12.0000 0.0000 4.0000 -4.0000 8.0000 -8.0000 0.2500 0.2500 0.2500 0.2500 0.2500 1.2500 1.7804 3.2925 
4.0000 70.0000 6.0000 4.0000 0.0000 6.6000 8 -1.0000 1.0000 1.1110 14.0000 6.0000 -2.0000 10.0000 -6.0000 2.0000 0.3629 0.2243 0.1913 0.1599 0.3091 1.2474 1.8913 3.3900 
4.0000 42.0000 6.0000 0.0000 0.0000 6.6000 8 -1.0000 1.0000 0.8990 -10.0000 2.0000 6.0000 -2.0000 10.0000 -6.0000 0.1925 0.2783 0.1827 0.3873 0.2075 1.2483 1.8156 3.3241 
4.0000 46.0000 6.0000 2.0000 1.0000 0.0000 2 1.0000 0.0000 0.7220 -8.0000 4.0000 12.0000 0.0000 8.0000 -4.0000 0.2500 0.2500 0.2500 0.2500 0.2500 1.2500 1.9609 3.4592 
4.0000 56.0000 6.0000 2.0000 0.0000 6.6000 8 -1.0000 1.0000 0.6410 12.0000 0.0000 -8.0000 4.0000 -4.0000 8.0000 0.3322 0.1591 0.2269 0.1910 0.3384 1.2475 1.9524 3.4566 
4.0000 53.0000 6.0000 2.0000 0.0000 0.0000 2 1.0000 0.0000 0.6190 12.0000 0.0000 -8.0000 4.0000 -4.0000 8.0000 0.2231 0.3221 0.2381 0.2970 0.1721 1.2525 1.9872 3.4950 
4.0000 37.0000 6.0000 0.0000 0.0000 -4.4000 2 1.0000 1.0000 0.6330 -6.0000 2.0000 10.0000 -2.0000 6.0000 -10.0000 0.3284 0.3545 0.1661 0.2324 0.1602 1.2417 1.8502 3.3342 
4.0000 66.0000 6.0000 4.0000 0.0000 -2.2000 2 1.0000 1.0000 0.6150 2.0000 10.0000 14.0000 -6.0000 6.0000 -2.0000 0.3256 0.1888 0.3585 0.2087 0.1784 1.2599 1.8686 3.3693 
4.0000 15.0000 6.0000 -2.0000 1.0000 -6.6000 2 1.0000 1.0000 0.4520 -8.0000 0.0000 4.0000 -4.0000 8.0000 -12.0000 0.2500 0.2500 0.2500 0.2500 0.2500 1.2500 1.8887 3.3927 
4.0000 57.0000 6.0000 4.0000 1.0000 -6.6000 2 1.0000 1.0000 0.5410 2.0000 10.0000 14.0000 -6.0000 6.0000 -2.0000 0.2500 0.2500 0.2500 0.2500 0.2500 1.2500 1.7616 3.2591 
4.0000 48.0000 6.0000 2.0000 1.0000 4.4000 8 -1.0000 1.0000 0.6190 8.0000 0.0000 -8.0000 4.0000 -4.0000 12.0000 0.2500 0.2500 0.2500 0.2500 0.2500 1.2500 1.9879 3.4761 
4.0000 23.0000 6.0000 -2.0000 0.0000 -4.4000 2 1.0000 1.0000 0.7650 4.0000 -4.0000 -12.0000 0.0000 -8.0000 8.0000 0.1837 0.3022 0.2348 0.2078 0.3163 1.2449 1.7922 3.2875 
4.0000 35.0000 6.0000 0.0000 1.0000 6.6000 8 -1.0000 1.0000 0.4110 10.0000 -2.0000 -10.0000 2.0000 -6.0000 6.0000 0.2500 0.2500 0.2500 0.2500 0.2500 1.2500 1.9139 3.4259 
4.0000 54.0000 6.0000 2.0000 0.0000 2.2000 8 -1.0000 1.0000 0.5240 8.0000 0.0000 -8.0000 4.0000 -4.0000 12.0000 0.2512 0.1973 0.2754 0.3336 0.1917 1.2493 1.8143 3.3250 
4.0000 7.0000 6.0000 -4.0000 1.0000 6.6000 8 -1.0000 1.0000 0.3310 -14.0000 -2.0000 6.0000 -6.0000 2.0000 -10.0000 0.2500 0.2500 0.2500 0.2500 0.2500 1.2500 1.9475 3.4593 
4.0000 26.0000 6.0000 -2.0000 0.0000 2.2000 8 -1.0000 1.0000 0.5910 -12.0000 -4.0000 4.0000 -8.0000 8.0000 0.0000 0.2383 0.1607 0.2416 0.3371 0.2637 1.2413 1.9844 3.4838 
4.0000 52.0000 6.0000 2.0000 0.0000 -2.2000 2 1.0000 1.0000 0.5230 12.0000 0.0000 -8.0000 4.0000 -4.0000 8.0000 0.1948 0.3446 0.1782 0.3304 0.1922 1.2402 1.7773 3.2660 
4.0000 41.0000 6.0000 0.0000 0.0000 4.4000 8 -1.0000 1.0000 0.3560 -10.0000 -2.0000 10.0000 -6.0000 6.0000 2.0000 0.1515 0.2112 0.2731 0.2378 0.3827 1.2563 1.8828 3.3989 
4.0000 17.0000 6.0000 -2.0000 1.0000 -2.2000 2 1.0000 1.0000 0.5160 -8.0000 0.0000 8.0000 -4.0000 4.0000 -12.0000 0.2500 0.2500 0.2500 0.2500 0.2500 1.2500 1.9292 3.4259 
4.0000 50.0000 6.0000 2.0000 0.0000 -6.6000 2 1.0000 1.0000 0.5700 12.0000 4.0000 -8.0000 8.0000 -4.0000 0.0000 0.2802 0.1590 0.3098 0.2057 0.3052 1.2600 1.7862 3.3024 
4.0000 20.0000 6.0000 -2.0000 1.0000 4.4000 8 -1.0000 1.0000 1.2480 -8.0000 0.0000 4.0000 -4.0000 8.0000 -12.0000 0.2500 0.2500 0.2500 0.2500 0.2500 1.2500 1.9599 3.4591 
4.0000 68.0000 6.0000 4.0000 0.0000 2.2000 8 -1.0000 1.0000 0.4430 -6.0000 6.0000 14.0000 2.0000 10.0000 -2.0000 0.2317 0.3802 0.1947 0.1501 0.2870 1.2436 1.8897 3.3861 
4.0000 55.0000 6.0000 2.0000 0.0000 4.4000 8 -1.0000 1.0000 0.3990 8.0000 0.0000 -4.0000 4.0000 -8.0000 12.0000 0.2337 0.3095 0.1624 0.2218 0.3275 1.2549 1.9267 3.4309 
4.0000 6.0000 6.0000 -4.0000 1.0000 4.4000 8 -1.0000 1.0000 0.6890 6.0000 -6.0000 -10.0000 -2.0000 -14.0000 2.0000 0.2500 0.2500 0.2500 0.2500 0.2500 1.2500 1.9874 3.4760 
4.0000 22.0000 6.0000 -2.0000 0.0000 -6.6000 2 1.0000 1.0000 0.4190 8.0000 0.0000 -8.0000 4.0000 -12.0000 -4.0000 0.3248 0.2023 0.3052 0.2256 0.1995 1.2573 1.9762 3.4832 
4.0000 16.0000 6.0000 -2.0000 1.0000 -4.4000 2 1.0000 1.0000 0.8310 -12.0000 -4.0000 4.0000 -8.0000 8.0000 0.0000 0.2500 0.2500 0.2500 0.2500 0.2500 1.2500 1.8967 3.4092 
4.0000 61.0000 6.0000 4.0000 1.0000 2.2000 8 -1.0000 1.0000 0.3560 -6.0000 2.0000 10.0000 -2.0000 14.0000 6.0000 0.2500 0.2500 0.2500 0.2500 0.2500 1.2500 1.8411 3.3426 
4.0000 12.0000 6.0000 -4.0000 0.0000 2.2000 8 -1.0000 1.0000 0.8210 -2.0000 -10.0000 -14.0000 6.0000 -6.0000 2.0000 0.2490 0.2876 0.1635 0.3146 0.2374 1.2522 1.8802 3.3946 
4.0000 28.0000 6.0000 -2.0000 0.0000 6.6000 8 -1.0000 1.0000 0.3710 8.0000 -4.0000 -12.0000 0.0000 -8.0000 4.0000 0.3449 0.1761 0.2564 0.2836 0.1850 1.2461 1.8615 3.3554 
4.0000 29.0000 6.0000 0.0000 1.0000 -6.6000 2 1.0000 1.0000 0.4270 2.0000 -6.0000 -10.0000 10.0000 -2.0000 6.0000 0.2500 0.2500 0.2500 0.2500 0.2500 1.2500 1.8740 3.3758 
