subNo index block mean periodicity testLevel pressedKey answer isCorrect rt s1 s2 s3 s4 s5 s6 t1 t2 t3 t4 t5 seqDuration startInterval trialDuration 
20.0000 14.0000 1.0000 -4.0000 0.0000 9.9000 8 -1.0000 1.0000 0.7560 -14.0000 -6.0000 6.0000 -10.0000 2.0000 -2.0000 0.2613 0.1938 0.2927 0.1964 0.2992 1.2435 1.8660 3.3694 
20.0000 11.0000 1.0000 -4.0000 0.0000 0.0000 2 1.0000 0.0000 1.2650 -14.0000 -2.0000 2.0000 -6.0000 6.0000 -10.0000 0.1644 0.3105 0.2787 0.3132 0.1752 1.2420 1.7688 3.2677 
20.0000 30.0000 1.0000 0.0000 1.0000 -6.6000 2 1.0000 1.0000 0.9820 10.0000 2.0000 -10.0000 6.0000 -6.0000 -2.0000 0.2500 0.2500 0.2500 0.2500 0.2500 1.2500 1.8657 3.3760 
20.0000 58.0000 1.0000 4.0000 1.0000 -6.6000 2 1.0000 1.0000 0.8090 2.0000 10.0000 14.0000 -6.0000 6.0000 -2.0000 0.2500 0.2500 0.2500 0.2500 0.2500 1.2500 1.7596 3.2592 
20.0000 36.0000 1.0000 0.0000 0.0000 -9.9000 2 1.0000 1.0000 0.5440 -2.0000 6.0000 10.0000 -10.0000 2.0000 -6.0000 0.3728 0.1581 0.2567 0.1764 0.2931 1.2572 1.8177 3.3331 
20.0000 13.0000 1.0000 -4.0000 0.0000 6.6000 8 -1.0000 1.0000 1.0340 -14.0000 -2.0000 6.0000 -6.0000 2.0000 -10.0000 0.2872 0.1631 0.3984 0.1710 0.2250 1.2447 1.9226 3.4206 
20.0000 68.0000 1.0000 4.0000 0.0000 3.3000 8 -1.0000 1.0000 3.4970 -2.0000 10.0000 14.0000 -6.0000 6.0000 2.0000 0.2199 0.1711 0.3947 0.2061 0.2491 1.2410 1.9908 3.4837 
20.0000 45.0000 1.0000 2.0000 1.0000 -3.3000 2 1.0000 1.0000 0.5050 12.0000 0.0000 -4.0000 4.0000 -8.0000 8.0000 0.2500 0.2500 0.2500 0.2500 0.2500 1.2500 1.9547 3.4592 
20.0000 38.0000 1.0000 0.0000 0.0000 -3.3000 2 1.0000 1.0000 0.8640 -2.0000 6.0000 10.0000 -10.0000 2.0000 -6.0000 0.1529 0.3033 0.2028 0.3657 0.2217 1.2465 1.9673 3.4558 
20.0000 2.0000 1.0000 -4.0000 1.0000 -6.6000 2 1.0000 1.0000 0.8100 2.0000 -10.0000 -14.0000 6.0000 -6.0000 -2.0000 0.2500 0.2500 0.2500 0.2500 0.2500 1.2500 1.9842 3.4760 
20.0000 20.0000 1.0000 -2.0000 1.0000 6.6000 8 -1.0000 1.0000 1.3090 8.0000 0.0000 -8.0000 4.0000 -12.0000 -4.0000 0.2500 0.2500 0.2500 0.2500 0.2500 1.2500 1.7650 3.2591 
20.0000 15.0000 1.0000 -2.0000 1.0000 -9.9000 2 1.0000 1.0000 1.3600 -8.0000 0.0000 4.0000 -4.0000 8.0000 -12.0000 0.2500 0.2500 0.2500 0.2500 0.2500 1.2500 1.8912 3.3926 
20.0000 34.0000 1.0000 0.0000 1.0000 6.6000 8 -1.0000 1.0000 0.6350 6.0000 -2.0000 -10.0000 2.0000 -6.0000 10.0000 0.2500 0.2500 0.2500 0.2500 0.2500 1.2500 1.9187 3.4260 
20.0000 47.0000 1.0000 2.0000 1.0000 3.3000 8 -1.0000 1.0000 1.8420 -4.0000 8.0000 12.0000 -8.0000 4.0000 0.0000 0.2500 0.2500 0.2500 0.2500 0.2500 1.2500 1.8918 3.3927 
20.0000 61.0000 1.0000 4.0000 1.0000 3.3000 8 -1.0000 1.0000 0.8020 14.0000 2.0000 -6.0000 6.0000 -2.0000 10.0000 0.2500 0.2500 0.2500 0.2500 0.2500 1.2500 1.9931 3.4925 
20.0000 9.0000 1.0000 -4.0000 0.0000 -6.6000 2 1.0000 1.0000 0.9680 -6.0000 2.0000 6.0000 -14.0000 -2.0000 -10.0000 0.3402 0.2167 0.1671 0.2267 0.3081 1.2587 1.8692 3.3846 
20.0000 49.0000 1.0000 2.0000 1.0000 9.9000 8 -1.0000 1.0000 0.6870 12.0000 0.0000 -4.0000 4.0000 -8.0000 8.0000 0.2500 0.2500 0.2500 0.2500 0.2500 1.2500 1.9285 3.4259 
20.0000 41.0000 1.0000 0.0000 0.0000 6.6000 8 -1.0000 1.0000 1.5750 -2.0000 6.0000 10.0000 -10.0000 2.0000 -6.0000 0.1566 0.3560 0.1856 0.3750 0.1863 1.2595 1.9368 3.4521 
20.0000 28.0000 1.0000 -2.0000 0.0000 9.9000 8 -1.0000 1.0000 0.7460 8.0000 0.0000 -8.0000 4.0000 -12.0000 -4.0000 0.1984 0.3424 0.1697 0.3072 0.2262 1.2439 1.9729 3.4700 
20.0000 6.0000 1.0000 -4.0000 1.0000 6.6000 8 -1.0000 1.0000 0.9310 -14.0000 -2.0000 6.0000 -6.0000 2.0000 -10.0000 0.2500 0.2500 0.2500 0.2500 0.2500 1.2500 1.9105 3.4091 
20.0000 33.0000 1.0000 0.0000 1.0000 3.3000 8 -1.0000 1.0000 3.0470 10.0000 -2.0000 -10.0000 2.0000 -6.0000 6.0000 0.2500 0.2500 0.2500 0.2500 0.2500 1.2500 1.8371 3.3259 
20.0000 40.0000 1.0000 0.0000 0.0000 3.3000 2 1.0000 0.0000 2.8640 2.0000 -6.0000 -10.0000 10.0000 -2.0000 6.0000 0.3046 0.2476 0.1960 0.2725 0.2336 1.2542 1.9505 3.4467 
20.0000 23.0000 1.0000 -2.0000 0.0000 -6.6000 2 1.0000 1.0000 1.0650 -8.0000 0.0000 4.0000 -4.0000 8.0000 -12.0000 0.1878 0.3474 0.2471 0.3172 0.1556 1.2551 1.9285 3.4477 
20.0000 27.0000 1.0000 -2.0000 0.0000 6.6000 8 -1.0000 1.0000 0.7560 8.0000 -4.0000 -8.0000 0.0000 -12.0000 4.0000 0.2972 0.2489 0.1857 0.2152 0.2952 1.2423 1.8710 3.3681 
20.0000 64.0000 1.0000 4.0000 0.0000 -9.9000 2 1.0000 1.0000 0.7010 6.0000 -2.0000 -6.0000 14.0000 2.0000 10.0000 0.2079 0.1693 0.3249 0.2895 0.2564 1.2480 1.8521 3.3571 
20.0000 19.0000 1.0000 -2.0000 1.0000 3.3000 2 1.0000 0.0000 4.1330 4.0000 -8.0000 -12.0000 8.0000 -4.0000 0.0000 0.2500 0.2500 0.2500 0.2500 0.2500 1.2500 1.7579 3.2591 
20.0000 7.0000 1.0000 -4.0000 1.0000 9.9000 8 -1.0000 1.0000 0.6600 -6.0000 2.0000 6.0000 -14.0000 -2.0000 -10.0000 0.2500 0.2500 0.2500 0.2500 0.2500 1.2500 1.9506 3.4593 
20.0000 37.0000 1.0000 0.0000 0.0000 -6.6000 2 1.0000 1.0000 1.2530 6.0000 -2.0000 -6.0000 2.0000 -10.0000 10.0000 0.2200 0.1510 0.2884 0.3368 0.2496 1.2458 1.9254 3.4217 
20.0000 39.0000 1.0000 0.0000 0.0000 0.0000 2 1.0000 0.0000 4.0380 -6.0000 2.0000 10.0000 -2.0000 6.0000 -10.0000 0.1534 0.2585 0.1542 0.3041 0.3807 1.2509 1.7794 3.2768 
20.0000 24.0000 1.0000 -2.0000 0.0000 -3.3000 2 1.0000 1.0000 2.0800 4.0000 -4.0000 -8.0000 0.0000 -12.0000 8.0000 0.1935 0.2857 0.1928 0.3186 0.2560 1.2467 1.7502 3.2392 
20.0000 4.0000 1.0000 -4.0000 1.0000 0.0000 8 -1.0000 0.0000 1.0200 2.0000 -10.0000 -14.0000 6.0000 -6.0000 -2.0000 0.2500 0.2500 0.2500 0.2500 0.2500 1.2500 1.9026 3.3926 
20.0000 43.0000 1.0000 2.0000 1.0000 -9.9000 2 1.0000 1.0000 0.7770 12.0000 4.0000 -4.0000 8.0000 -8.0000 0.0000 0.2500 0.2500 0.2500 0.2500 0.2500 1.2500 1.9049 3.3927 
20.0000 32.0000 1.0000 0.0000 1.0000 0.0000 2 1.0000 0.0000 4.1370 6.0000 -2.0000 -10.0000 2.0000 -6.0000 10.0000 0.2500 0.2500 0.2500 0.2500 0.2500 1.2500 1.8939 3.3925 
20.0000 69.0000 1.0000 4.0000 0.0000 6.6000 8 -1.0000 1.0000 0.6360 14.0000 6.0000 -6.0000 10.0000 -2.0000 2.0000 0.1900 0.3310 0.2188 0.1510 0.3614 1.2522 1.9319 3.4449 
20.0000 25.0000 1.0000 -2.0000 0.0000 0.0000 8 -1.0000 0.0000 3.1210 8.0000 -4.0000 -12.0000 0.0000 -8.0000 4.0000 0.1521 0.3175 0.2756 0.3335 0.1760 1.2547 1.9024 3.4139 
20.0000 22.0000 1.0000 -2.0000 0.0000 -9.9000 2 1.0000 1.0000 0.6490 -12.0000 0.0000 8.0000 -4.0000 4.0000 -8.0000 0.2223 0.3842 0.1998 0.1606 0.2898 1.2567 1.9062 3.4161 
20.0000 65.0000 1.0000 4.0000 0.0000 -6.6000 2 1.0000 1.0000 0.6920 10.0000 -2.0000 -6.0000 14.0000 2.0000 6.0000 0.2062 0.3549 0.2293 0.1693 0.2872 1.2469 1.9167 3.4228 
20.0000 44.0000 1.0000 2.0000 1.0000 -6.6000 2 1.0000 1.0000 4.2160 8.0000 -4.0000 -8.0000 12.0000 0.0000 4.0000 0.2500 0.2500 0.2500 0.2500 0.2500 1.2500 1.8233 3.3258 
20.0000 31.0000 1.0000 0.0000 1.0000 -3.3000 NR 0.0000 0.0000 0.0000 -10.0000 -2.0000 6.0000 -6.0000 10.0000 2.0000 0.2500 0.2500 0.2500 0.2500 0.2500 1.2500 1.8904 3.3926 
20.0000 48.0000 1.0000 2.0000 1.0000 6.6000 8 -1.0000 1.0000 0.7020 -8.0000 0.0000 12.0000 -4.0000 8.0000 4.0000 0.2500 0.2500 0.2500 0.2500 0.2500 1.2500 1.7831 3.2758 
20.0000 59.0000 1.0000 4.0000 1.0000 -3.3000 2 1.0000 1.0000 1.1820 -6.0000 6.0000 10.0000 2.0000 14.0000 -2.0000 0.2500 0.2500 0.2500 0.2500 0.2500 1.2500 1.7707 3.2591 
20.0000 1.0000 1.0000 -4.0000 1.0000 -9.9000 2 1.0000 1.0000 1.2810 -14.0000 -2.0000 2.0000 -6.0000 6.0000 -10.0000 0.2500 0.2500 0.2500 0.2500 0.2500 1.2500 1.7888 3.2758 
20.0000 53.0000 1.0000 2.0000 0.0000 0.0000 8 -1.0000 0.0000 2.1980 12.0000 0.0000 -8.0000 4.0000 -4.0000 8.0000 0.3398 0.2345 0.2915 0.2020 0.1746 1.2424 1.8995 3.4017 
20.0000 66.0000 1.0000 4.0000 0.0000 -3.3000 2 1.0000 1.0000 0.8380 -6.0000 2.0000 10.0000 -2.0000 14.0000 6.0000 0.2438 0.3257 0.1895 0.2756 0.2055 1.2401 1.8284 3.3326 
20.0000 70.0000 1.0000 4.0000 0.0000 9.9000 8 -1.0000 1.0000 0.6310 -6.0000 2.0000 14.0000 -2.0000 10.0000 6.0000 0.3321 0.2093 0.2922 0.1582 0.2664 1.2582 1.9126 3.4340 
20.0000 52.0000 1.0000 2.0000 0.0000 -3.3000 2 1.0000 1.0000 4.4360 8.0000 0.0000 -4.0000 4.0000 -8.0000 12.0000 0.1873 0.3703 0.2252 0.2821 0.1784 1.2433 1.9393 3.4359 
20.0000 60.0000 1.0000 4.0000 1.0000 0.0000 8 -1.0000 0.0000 4.6180 10.0000 2.0000 -6.0000 6.0000 -2.0000 14.0000 0.2500 0.2500 0.2500 0.2500 0.2500 1.2500 1.7722 3.2759 
20.0000 56.0000 1.0000 2.0000 0.0000 9.9000 8 -1.0000 1.0000 0.6050 0.0000 8.0000 12.0000 -8.0000 4.0000 -4.0000 0.3659 0.1635 0.2856 0.2588 0.1831 1.2570 1.7601 3.2662 
20.0000 5.0000 1.0000 -4.0000 1.0000 3.3000 8 -1.0000 1.0000 0.7570 -14.0000 -6.0000 2.0000 -10.0000 6.0000 -2.0000 0.2500 0.2500 0.2500 0.2500 0.2500 1.2500 1.8348 3.3258 
20.0000 26.0000 1.0000 -2.0000 0.0000 3.3000 8 -1.0000 1.0000 4.5140 4.0000 -4.0000 -12.0000 0.0000 -8.0000 8.0000 0.1756 0.2432 0.1641 0.2945 0.3718 1.2491 1.9856 3.4750 
20.0000 57.0000 1.0000 4.0000 1.0000 -9.9000 2 1.0000 1.0000 0.6200 -2.0000 10.0000 14.0000 -6.0000 6.0000 2.0000 0.2500 0.2500 0.2500 0.2500 0.2500 1.2500 1.8950 3.3925 
20.0000 21.0000 1.0000 -2.0000 1.0000 9.9000 8 -1.0000 1.0000 0.6890 4.0000 -4.0000 -8.0000 0.0000 -12.0000 8.0000 0.2500 0.2500 0.2500 0.2500 0.2500 1.2500 1.8737 3.3592 
20.0000 17.0000 1.0000 -2.0000 1.0000 -3.3000 2 1.0000 1.0000 3.3630 0.0000 -8.0000 -12.0000 8.0000 -4.0000 4.0000 0.2500 0.2500 0.2500 0.2500 0.2500 1.2500 1.8993 3.4092 
20.0000 55.0000 1.0000 2.0000 0.0000 6.6000 8 -1.0000 1.0000 0.8980 12.0000 0.0000 -8.0000 4.0000 -4.0000 8.0000 0.1521 0.2542 0.3972 0.2105 0.2427 1.2567 1.8714 3.3827 
20.0000 10.0000 1.0000 -4.0000 0.0000 -3.3000 2 1.0000 1.0000 0.6430 -14.0000 -2.0000 6.0000 -6.0000 2.0000 -10.0000 0.1590 0.2613 0.1555 0.3819 0.2849 1.2426 1.9278 3.4186 
20.0000 63.0000 1.0000 4.0000 1.0000 9.9000 8 -1.0000 1.0000 0.6110 -6.0000 6.0000 10.0000 2.0000 14.0000 -2.0000 0.2500 0.2500 0.2500 0.2500 0.2500 1.2500 1.9856 3.4925 
20.0000 12.0000 1.0000 -4.0000 0.0000 3.3000 8 -1.0000 1.0000 1.1620 -6.0000 2.0000 6.0000 -14.0000 -2.0000 -10.0000 0.2447 0.2750 0.3589 0.2051 0.1593 1.2431 1.9211 3.4190 
20.0000 18.0000 1.0000 -2.0000 1.0000 0.0000 NR 0.0000 0.0000 0.0000 -8.0000 0.0000 4.0000 -4.0000 8.0000 -12.0000 0.2500 0.2500 0.2500 0.2500 0.2500 1.2500 1.8960 3.3925 
20.0000 3.0000 1.0000 -4.0000 1.0000 -3.3000 2 1.0000 1.0000 0.6610 6.0000 -2.0000 -10.0000 2.0000 -14.0000 -6.0000 0.2500 0.2500 0.2500 0.2500 0.2500 1.2500 1.8651 3.3592 
20.0000 62.0000 1.0000 4.0000 1.0000 6.6000 8 -1.0000 1.0000 0.6830 14.0000 2.0000 -6.0000 6.0000 -2.0000 10.0000 0.2500 0.2500 0.2500 0.2500 0.2500 1.2500 1.8964 3.3925 
20.0000 54.0000 1.0000 2.0000 0.0000 3.3000 8 -1.0000 1.0000 1.3630 -4.0000 4.0000 8.0000 0.0000 12.0000 -8.0000 0.2774 0.1732 0.2335 0.1831 0.3737 1.2407 1.8051 3.2999 
20.0000 50.0000 1.0000 2.0000 0.0000 -9.9000 2 1.0000 1.0000 0.8010 12.0000 4.0000 -4.0000 8.0000 -8.0000 0.0000 0.1767 0.3823 0.1616 0.2803 0.2520 1.2529 1.9242 3.4289 
20.0000 67.0000 1.0000 4.0000 0.0000 0.0000 2 1.0000 0.0000 1.4190 14.0000 6.0000 -6.0000 10.0000 -2.0000 2.0000 0.3423 0.2538 0.1514 0.1987 0.3090 1.2551 1.7963 3.2977 
20.0000 16.0000 1.0000 -2.0000 1.0000 -6.6000 2 1.0000 1.0000 0.7870 8.0000 -4.0000 -12.0000 0.0000 -8.0000 4.0000 0.2500 0.2500 0.2500 0.2500 0.2500 1.2500 1.8074 3.3091 
20.0000 46.0000 1.0000 2.0000 1.0000 0.0000 2 1.0000 0.0000 3.5070 -8.0000 4.0000 8.0000 0.0000 12.0000 -4.0000 0.2500 0.2500 0.2500 0.2500 0.2500 1.2500 1.8799 3.3927 
20.0000 8.0000 1.0000 -4.0000 0.0000 -9.9000 2 1.0000 1.0000 1.5140 -14.0000 -6.0000 6.0000 -10.0000 2.0000 -2.0000 0.3112 0.1655 0.2859 0.2059 0.2823 1.2509 1.8755 3.3767 
20.0000 29.0000 1.0000 0.0000 1.0000 -9.9000 2 1.0000 1.0000 0.7660 6.0000 -2.0000 -6.0000 2.0000 -10.0000 10.0000 0.2500 0.2500 0.2500 0.2500 0.2500 1.2500 1.8798 3.3758 
20.0000 51.0000 1.0000 2.0000 0.0000 -6.6000 8 -1.0000 0.0000 3.7500 -8.0000 0.0000 8.0000 -4.0000 12.0000 4.0000 0.3788 0.2783 0.1684 0.2639 0.1676 1.2569 1.8129 3.3161 
20.0000 42.0000 1.0000 0.0000 0.0000 9.9000 8 -1.0000 1.0000 0.7400 2.0000 -6.0000 -10.0000 10.0000 -2.0000 6.0000 0.1693 0.3778 0.1681 0.2102 0.3246 1.2500 1.9960 3.4926 
20.0000 35.0000 1.0000 0.0000 1.0000 9.9000 8 -1.0000 1.0000 0.7110 -6.0000 2.0000 10.0000 -2.0000 6.0000 -10.0000 0.2500 0.2500 0.2500 0.2500 0.2500 1.2500 1.9902 3.4926 
20.0000 63.0000 2.0000 4.0000 1.0000 9.9000 8 -1.0000 1.0000 0.7340 -2.0000 6.0000 14.0000 2.0000 10.0000 -6.0000 0.2500 0.2500 0.2500 0.2500 0.2500 1.2500 1.9631 3.4592 
20.0000 33.0000 2.0000 0.0000 1.0000 3.3000 8 -1.0000 1.0000 2.7550 -6.0000 2.0000 6.0000 -2.0000 10.0000 -10.0000 0.2500 0.2500 0.2500 0.2500 0.2500 1.2500 1.9923 3.4926 
20.0000 6.0000 2.0000 -4.0000 1.0000 6.6000 NR 0.0000 0.0000 0.0000 -10.0000 -2.0000 6.0000 -6.0000 2.0000 -14.0000 0.2500 0.2500 0.2500 0.2500 0.2500 1.2500 1.9203 3.4093 
20.0000 23.0000 2.0000 -2.0000 0.0000 -6.6000 8 -1.0000 0.0000 1.2440 -8.0000 0.0000 4.0000 -4.0000 8.0000 -12.0000 0.3534 0.1550 0.2991 0.2375 0.2103 1.2554 1.7702 3.2812 
20.0000 31.0000 2.0000 0.0000 1.0000 -3.3000 2 1.0000 1.0000 0.5070 10.0000 2.0000 -10.0000 6.0000 -6.0000 -2.0000 0.2500 0.2500 0.2500 0.2500 0.2500 1.2500 1.9992 3.5094 
20.0000 3.0000 2.0000 -4.0000 1.0000 -3.3000 2 1.0000 1.0000 1.4410 2.0000 -6.0000 -14.0000 -2.0000 -10.0000 6.0000 0.2500 0.2500 0.2500 0.2500 0.2500 1.2500 1.9694 3.4758 
20.0000 5.0000 2.0000 -4.0000 1.0000 3.3000 2 1.0000 0.0000 2.4730 -10.0000 -2.0000 2.0000 -6.0000 6.0000 -14.0000 0.2500 0.2500 0.2500 0.2500 0.2500 1.2500 1.7523 3.2592 
20.0000 8.0000 2.0000 -4.0000 0.0000 -9.9000 2 1.0000 1.0000 0.6330 -10.0000 -2.0000 6.0000 -6.0000 2.0000 -14.0000 0.1516 0.2558 0.3863 0.2168 0.2449 1.2554 1.9499 3.4648 
20.0000 12.0000 2.0000 -4.0000 0.0000 3.3000 8 -1.0000 1.0000 2.0670 6.0000 -2.0000 -14.0000 2.0000 -10.0000 -6.0000 0.2098 0.3025 0.2281 0.1869 0.3238 1.2511 1.7883 3.2935 
20.0000 70.0000 2.0000 4.0000 0.0000 9.9000 8 -1.0000 1.0000 0.7470 14.0000 2.0000 -2.0000 6.0000 -6.0000 10.0000 0.2570 0.3885 0.2013 0.1741 0.2354 1.2562 1.7877 3.2987 
20.0000 67.0000 2.0000 4.0000 0.0000 0.0000 2 1.0000 0.0000 3.0840 14.0000 6.0000 -2.0000 10.0000 -6.0000 2.0000 0.2771 0.1838 0.2288 0.1803 0.3705 1.2406 1.8713 3.3665 
20.0000 65.0000 2.0000 4.0000 0.0000 -6.6000 2 1.0000 1.0000 1.1380 -6.0000 6.0000 10.0000 2.0000 14.0000 -2.0000 0.2123 0.3154 0.2178 0.1894 0.3139 1.2489 1.8048 3.2915 
20.0000 21.0000 2.0000 -2.0000 1.0000 9.9000 8 -1.0000 1.0000 0.5090 -8.0000 4.0000 8.0000 -12.0000 0.0000 -4.0000 0.2500 0.2500 0.2500 0.2500 0.2500 1.2500 1.8625 3.3592 
20.0000 36.0000 2.0000 0.0000 0.0000 -9.9000 2 1.0000 1.0000 0.4930 -10.0000 2.0000 6.0000 -2.0000 10.0000 -6.0000 0.3416 0.1586 0.2920 0.1918 0.2702 1.2542 1.9707 3.4634 
20.0000 20.0000 2.0000 -2.0000 1.0000 6.6000 8 -1.0000 1.0000 0.4300 0.0000 -8.0000 -12.0000 8.0000 -4.0000 4.0000 0.2500 0.2500 0.2500 0.2500 0.2500 1.2500 1.9296 3.4425 
20.0000 58.0000 2.0000 4.0000 1.0000 -6.6000 2 1.0000 1.0000 0.3870 14.0000 6.0000 -6.0000 10.0000 -2.0000 2.0000 0.2500 0.2500 0.2500 0.2500 0.2500 1.2500 1.9091 3.4092 
20.0000 40.0000 2.0000 0.0000 0.0000 3.3000 8 -1.0000 1.0000 1.2550 -6.0000 2.0000 6.0000 -2.0000 10.0000 -10.0000 0.2803 0.2428 0.2860 0.2420 0.1964 1.2474 1.7593 3.2567 
20.0000 50.0000 2.0000 2.0000 0.0000 -9.9000 2 1.0000 1.0000 0.4850 -8.0000 0.0000 12.0000 -4.0000 8.0000 4.0000 0.1728 0.2503 0.3198 0.2921 0.2209 1.2558 1.8299 3.3484 
20.0000 27.0000 2.0000 -2.0000 0.0000 6.6000 8 -1.0000 1.0000 1.1790 -12.0000 0.0000 8.0000 -4.0000 4.0000 -8.0000 0.2591 0.3049 0.1508 0.1928 0.3504 1.2580 1.7930 3.3006 
20.0000 52.0000 2.0000 2.0000 0.0000 -3.3000 2 1.0000 1.0000 0.8470 -8.0000 4.0000 12.0000 0.0000 8.0000 -4.0000 0.2096 0.3036 0.2681 0.1785 0.2939 1.2537 1.9204 3.4297 
20.0000 18.0000 2.0000 -2.0000 1.0000 0.0000 8 -1.0000 0.0000 4.0830 -8.0000 0.0000 8.0000 -4.0000 4.0000 -12.0000 0.2500 0.2500 0.2500 0.2500 0.2500 1.2500 1.8838 3.3925 
20.0000 11.0000 2.0000 -4.0000 0.0000 0.0000 2 1.0000 0.0000 2.1770 2.0000 -6.0000 -10.0000 -2.0000 -14.0000 6.0000 0.2286 0.2840 0.1931 0.3584 0.1878 1.2519 1.9947 3.4945 
20.0000 15.0000 2.0000 -2.0000 1.0000 -9.9000 2 1.0000 1.0000 0.8930 4.0000 -4.0000 -12.0000 0.0000 -8.0000 8.0000 0.2500 0.2500 0.2500 0.2500 0.2500 1.2500 1.7830 3.2758 
20.0000 19.0000 2.0000 -2.0000 1.0000 3.3000 8 -1.0000 1.0000 1.1180 0.0000 -8.0000 -12.0000 8.0000 -4.0000 4.0000 0.2500 0.2500 0.2500 0.2500 0.2500 1.2500 1.9521 3.4424 
20.0000 13.0000 2.0000 -4.0000 0.0000 6.6000 8 -1.0000 1.0000 1.7230 6.0000 -2.0000 -14.0000 2.0000 -10.0000 -6.0000 0.1978 0.3962 0.2952 0.1716 0.1975 1.2584 1.9973 3.5010 
20.0000 45.0000 2.0000 2.0000 1.0000 -3.3000 2 1.0000 1.0000 0.6490 0.0000 8.0000 12.0000 -8.0000 4.0000 -4.0000 0.2500 0.2500 0.2500 0.2500 0.2500 1.2500 1.8137 3.3092 
20.0000 37.0000 2.0000 0.0000 0.0000 -6.6000 2 1.0000 1.0000 2.8970 10.0000 2.0000 -6.0000 6.0000 -10.0000 -2.0000 0.3203 0.1587 0.2937 0.1939 0.2750 1.2416 1.7957 3.3007 
20.0000 29.0000 2.0000 0.0000 1.0000 -9.9000 2 1.0000 1.0000 0.6340 10.0000 -2.0000 -6.0000 2.0000 -10.0000 6.0000 0.2500 0.2500 0.2500 0.2500 0.2500 1.2500 1.8887 3.3925 
20.0000 66.0000 2.0000 4.0000 0.0000 -3.3000 2 1.0000 1.0000 1.6700 10.0000 2.0000 -2.0000 6.0000 -6.0000 14.0000 0.3297 0.2671 0.1673 0.2197 0.2647 1.2485 1.8768 3.3744 
20.0000 10.0000 2.0000 -4.0000 0.0000 -3.3000 2 1.0000 1.0000 0.9340 6.0000 -6.0000 -14.0000 -2.0000 -10.0000 2.0000 0.2233 0.3870 0.3082 0.1500 0.1782 1.2468 1.7899 3.2892 
20.0000 26.0000 2.0000 -2.0000 0.0000 3.3000 8 -1.0000 1.0000 3.8170 -4.0000 4.0000 8.0000 -12.0000 0.0000 -8.0000 0.1502 0.2345 0.3734 0.1840 0.3105 1.2526 1.8370 3.3453 
20.0000 53.0000 2.0000 2.0000 0.0000 0.0000 2 1.0000 0.0000 3.5100 -8.0000 4.0000 12.0000 0.0000 8.0000 -4.0000 0.3209 0.1907 0.2393 0.2941 0.2108 1.2558 1.8848 3.3982 
20.0000 61.0000 2.0000 4.0000 1.0000 3.3000 8 -1.0000 1.0000 0.7560 14.0000 2.0000 -6.0000 6.0000 -2.0000 10.0000 0.2500 0.2500 0.2500 0.2500 0.2500 1.2500 1.7614 3.2592 
20.0000 16.0000 2.0000 -2.0000 1.0000 -6.6000 8 -1.0000 0.0000 3.8030 8.0000 0.0000 -12.0000 4.0000 -8.0000 -4.0000 0.2500 0.2500 0.2500 0.2500 0.2500 1.2500 1.7971 3.2925 
20.0000 14.0000 2.0000 -4.0000 0.0000 9.9000 8 -1.0000 1.0000 0.6350 -14.0000 -2.0000 2.0000 -6.0000 6.0000 -10.0000 0.2673 0.1748 0.3073 0.1812 0.3112 1.2418 1.7976 3.2845 
20.0000 46.0000 2.0000 2.0000 1.0000 0.0000 8 -1.0000 0.0000 2.1240 -8.0000 0.0000 8.0000 -4.0000 12.0000 4.0000 0.2500 0.2500 0.2500 0.2500 0.2500 1.2500 1.8162 3.3092 
20.0000 57.0000 2.0000 4.0000 1.0000 -9.9000 2 1.0000 1.0000 3.5330 -6.0000 2.0000 10.0000 -2.0000 14.0000 6.0000 0.2500 0.2500 0.2500 0.2500 0.2500 1.2500 1.8060 3.3093 
20.0000 24.0000 2.0000 -2.0000 0.0000 -3.3000 2 1.0000 1.0000 0.9670 -12.0000 -4.0000 4.0000 -8.0000 8.0000 0.0000 0.2986 0.2648 0.1777 0.2781 0.2407 1.2598 1.8505 3.3689 
20.0000 9.0000 2.0000 -4.0000 0.0000 -6.6000 2 1.0000 1.0000 0.6420 -14.0000 -2.0000 6.0000 -6.0000 2.0000 -10.0000 0.2776 0.1884 0.3546 0.1797 0.2495 1.2497 1.9823 3.4922 
20.0000 47.0000 2.0000 2.0000 1.0000 3.3000 8 -1.0000 1.0000 4.0300 -4.0000 8.0000 12.0000 -8.0000 4.0000 0.0000 0.2500 0.2500 0.2500 0.2500 0.2500 1.2500 1.9191 3.4259 
20.0000 41.0000 2.0000 0.0000 0.0000 6.6000 8 -1.0000 1.0000 0.7630 10.0000 -2.0000 -6.0000 2.0000 -10.0000 6.0000 0.3023 0.1946 0.2272 0.1620 0.3552 1.2413 1.8789 3.3672 
20.0000 51.0000 2.0000 2.0000 0.0000 -6.6000 2 1.0000 1.0000 1.8630 12.0000 0.0000 -8.0000 4.0000 -4.0000 8.0000 0.3092 0.1918 0.2277 0.3304 0.1900 1.2491 1.9440 3.4417 
20.0000 32.0000 2.0000 0.0000 1.0000 0.0000 2 1.0000 0.0000 2.1590 -10.0000 -2.0000 10.0000 -6.0000 6.0000 2.0000 0.2500 0.2500 0.2500 0.2500 0.2500 1.2500 1.8462 3.3425 
20.0000 68.0000 2.0000 4.0000 0.0000 3.3000 8 -1.0000 1.0000 2.0960 -6.0000 6.0000 14.0000 2.0000 10.0000 -2.0000 0.2038 0.2334 0.1649 0.3675 0.2782 1.2478 1.8216 3.3070 
20.0000 43.0000 2.0000 2.0000 1.0000 -9.9000 2 1.0000 1.0000 0.7580 0.0000 8.0000 12.0000 -8.0000 4.0000 -4.0000 0.2500 0.2500 0.2500 0.2500 0.2500 1.2500 1.8285 3.3258 
20.0000 28.0000 2.0000 -2.0000 0.0000 9.9000 8 -1.0000 1.0000 0.7820 -12.0000 -4.0000 8.0000 -8.0000 4.0000 0.0000 0.3624 0.1521 0.2864 0.2445 0.2024 1.2478 1.9348 3.4236 
20.0000 22.0000 2.0000 -2.0000 0.0000 -9.9000 2 1.0000 1.0000 0.8620 -12.0000 0.0000 8.0000 -4.0000 4.0000 -8.0000 0.2083 0.3382 0.1554 0.2098 0.3289 1.2406 1.8763 3.3831 
20.0000 7.0000 2.0000 -4.0000 1.0000 9.9000 8 -1.0000 1.0000 0.6120 2.0000 -6.0000 -14.0000 -2.0000 -10.0000 6.0000 0.2500 0.2500 0.2500 0.2500 0.2500 1.2500 1.7781 3.2926 
20.0000 64.0000 2.0000 4.0000 0.0000 -9.9000 2 1.0000 1.0000 0.7390 10.0000 -2.0000 -6.0000 14.0000 2.0000 6.0000 0.2510 0.2253 0.1769 0.3884 0.2048 1.2463 1.8878 3.3889 
20.0000 4.0000 2.0000 -4.0000 1.0000 0.0000 2 1.0000 0.0000 3.3910 -10.0000 2.0000 6.0000 -14.0000 -2.0000 -6.0000 0.2500 0.2500 0.2500 0.2500 0.2500 1.2500 1.9635 3.4594 
20.0000 56.0000 2.0000 2.0000 0.0000 9.9000 8 -1.0000 1.0000 0.7710 0.0000 8.0000 12.0000 -8.0000 4.0000 -4.0000 0.1733 0.3838 0.1659 0.3617 0.1714 1.2560 1.7563 3.2652 
20.0000 39.0000 2.0000 0.0000 0.0000 0.0000 NR 0.0000 0.0000 0.0000 10.0000 2.0000 -6.0000 6.0000 -10.0000 -2.0000 0.2243 0.1864 0.3345 0.2096 0.2944 1.2492 1.8514 3.3585 
20.0000 38.0000 2.0000 0.0000 0.0000 -3.3000 2 1.0000 1.0000 4.1670 -10.0000 2.0000 10.0000 -2.0000 6.0000 -6.0000 0.1703 0.3675 0.2136 0.3433 0.1597 1.2545 1.9137 3.4136 
20.0000 35.0000 2.0000 0.0000 1.0000 9.9000 8 -1.0000 1.0000 0.5680 -6.0000 2.0000 10.0000 -2.0000 6.0000 -10.0000 0.2500 0.2500 0.2500 0.2500 0.2500 1.2500 1.8425 3.3425 
20.0000 62.0000 2.0000 4.0000 1.0000 6.6000 8 -1.0000 1.0000 0.5240 10.0000 2.0000 -2.0000 6.0000 -6.0000 14.0000 0.2500 0.2500 0.2500 0.2500 0.2500 1.2500 1.7630 3.2592 
20.0000 42.0000 2.0000 0.0000 0.0000 9.9000 8 -1.0000 1.0000 0.5160 10.0000 -2.0000 -6.0000 2.0000 -10.0000 6.0000 0.1641 0.3240 0.1553 0.2525 0.3636 1.2595 1.9377 3.4354 
20.0000 44.0000 2.0000 2.0000 1.0000 -6.6000 2 1.0000 1.0000 0.5610 -8.0000 4.0000 8.0000 0.0000 12.0000 -4.0000 0.2500 0.2500 0.2500 0.2500 0.2500 1.2500 1.8441 3.3426 
20.0000 54.0000 2.0000 2.0000 0.0000 3.3000 8 -1.0000 1.0000 0.7860 12.0000 0.0000 -4.0000 4.0000 -8.0000 8.0000 0.2452 0.1563 0.2850 0.3173 0.2524 1.2562 1.8525 3.3655 
20.0000 60.0000 2.0000 4.0000 1.0000 0.0000 2 1.0000 0.0000 0.6630 -6.0000 2.0000 14.0000 -2.0000 10.0000 6.0000 0.2500 0.2500 0.2500 0.2500 0.2500 1.2500 1.9014 3.4092 
20.0000 69.0000 2.0000 4.0000 0.0000 6.6000 8 -1.0000 1.0000 0.4630 10.0000 2.0000 -6.0000 6.0000 -2.0000 14.0000 0.3059 0.2348 0.2652 0.1939 0.2488 1.2486 1.9794 3.4911 
20.0000 48.0000 2.0000 2.0000 1.0000 6.6000 8 -1.0000 1.0000 3.0100 12.0000 0.0000 -4.0000 4.0000 -8.0000 8.0000 0.2500 0.2500 0.2500 0.2500 0.2500 1.2500 1.8889 3.3926 
20.0000 34.0000 2.0000 0.0000 1.0000 6.6000 2 1.0000 0.0000 4.4230 10.0000 -2.0000 -10.0000 2.0000 -6.0000 6.0000 0.2500 0.2500 0.2500 0.2500 0.2500 1.2500 1.9099 3.4093 
20.0000 30.0000 2.0000 0.0000 1.0000 -6.6000 2 1.0000 1.0000 0.9010 10.0000 2.0000 -10.0000 6.0000 -6.0000 -2.0000 0.2500 0.2500 0.2500 0.2500 0.2500 1.2500 1.8232 3.3260 
20.0000 25.0000 2.0000 -2.0000 0.0000 0.0000 2 1.0000 0.0000 0.6300 -8.0000 4.0000 8.0000 -12.0000 0.0000 -4.0000 0.2615 0.1762 0.2641 0.3142 0.2344 1.2503 1.9278 3.4262 
20.0000 49.0000 2.0000 2.0000 1.0000 9.9000 8 -1.0000 1.0000 0.8860 8.0000 0.0000 -8.0000 4.0000 -4.0000 12.0000 0.2500 0.2500 0.2500 0.2500 0.2500 1.2500 1.8455 3.3427 
20.0000 2.0000 2.0000 -4.0000 1.0000 -6.6000 8 -1.0000 0.0000 2.8240 -14.0000 -6.0000 2.0000 -10.0000 6.0000 -2.0000 0.2500 0.2500 0.2500 0.2500 0.2500 1.2500 1.7677 3.2593 
20.0000 59.0000 2.0000 4.0000 1.0000 -3.3000 2 1.0000 1.0000 0.5670 -2.0000 6.0000 10.0000 2.0000 14.0000 -6.0000 0.2500 0.2500 0.2500 0.2500 0.2500 1.2500 1.8499 3.3425 
20.0000 1.0000 2.0000 -4.0000 1.0000 -9.9000 2 1.0000 1.0000 0.7200 -14.0000 -6.0000 2.0000 -10.0000 6.0000 -2.0000 0.2500 0.2500 0.2500 0.2500 0.2500 1.2500 1.8411 3.3258 
20.0000 55.0000 2.0000 2.0000 0.0000 6.6000 8 -1.0000 1.0000 0.7050 12.0000 4.0000 -4.0000 8.0000 -8.0000 0.0000 0.1686 0.3322 0.1828 0.3665 0.2008 1.2508 1.8365 3.3432 
20.0000 17.0000 2.0000 -2.0000 1.0000 -3.3000 2 1.0000 1.0000 4.1920 8.0000 0.0000 -12.0000 4.0000 -8.0000 -4.0000 0.2500 0.2500 0.2500 0.2500 0.2500 1.2500 1.9534 3.4593 
20.0000 69.0000 3.0000 4.0000 0.0000 6.6000 8 -1.0000 1.0000 0.8540 -2.0000 6.0000 10.0000 2.0000 14.0000 -6.0000 0.1568 0.3002 0.1950 0.3649 0.2386 1.2556 1.8390 3.3482 
20.0000 29.0000 3.0000 0.0000 1.0000 -9.9000 2 1.0000 1.0000 0.4840 -10.0000 -2.0000 6.0000 -6.0000 10.0000 2.0000 0.2500 0.2500 0.2500 0.2500 0.2500 1.2500 1.8856 3.3758 
20.0000 5.0000 3.0000 -4.0000 1.0000 3.3000 2 1.0000 0.0000 1.0110 -14.0000 -6.0000 6.0000 -10.0000 2.0000 -2.0000 0.2500 0.2500 0.2500 0.2500 0.2500 1.2500 1.9812 3.4761 
20.0000 35.0000 3.0000 0.0000 1.0000 9.9000 8 -1.0000 1.0000 0.7080 10.0000 2.0000 -10.0000 6.0000 -6.0000 -2.0000 0.2500 0.2500 0.2500 0.2500 0.2500 1.2500 1.9718 3.4760 
20.0000 18.0000 3.0000 -2.0000 1.0000 0.0000 2 1.0000 0.0000 1.0580 -4.0000 4.0000 8.0000 -12.0000 0.0000 -8.0000 0.2500 0.2500 0.2500 0.2500 0.2500 1.2500 1.9758 3.4759 
20.0000 64.0000 3.0000 4.0000 0.0000 -9.9000 2 1.0000 1.0000 0.4670 2.0000 10.0000 14.0000 -6.0000 6.0000 -2.0000 0.2646 0.3228 0.2404 0.1587 0.2602 1.2468 1.7902 3.2893 
20.0000 58.0000 3.0000 4.0000 1.0000 -6.6000 2 1.0000 1.0000 0.5570 -6.0000 6.0000 10.0000 2.0000 14.0000 -2.0000 0.2500 0.2500 0.2500 0.2500 0.2500 1.2500 1.9013 3.4093 
20.0000 54.0000 3.0000 2.0000 0.0000 3.3000 8 -1.0000 1.0000 0.6680 8.0000 -4.0000 -8.0000 12.0000 0.0000 4.0000 0.2115 0.3622 0.2896 0.2256 0.1550 1.2440 1.9441 3.4367 
20.0000 52.0000 3.0000 2.0000 0.0000 -3.3000 2 1.0000 1.0000 1.3660 -4.0000 8.0000 12.0000 -8.0000 4.0000 0.0000 0.3187 0.1755 0.3254 0.2288 0.1931 1.2416 1.9487 3.4342 
20.0000 15.0000 3.0000 -2.0000 1.0000 -9.9000 2 1.0000 1.0000 0.6190 -8.0000 0.0000 4.0000 -4.0000 8.0000 -12.0000 0.2500 0.2500 0.2500 0.2500 0.2500 1.2500 1.9428 3.4425 
20.0000 30.0000 3.0000 0.0000 1.0000 -6.6000 2 1.0000 1.0000 0.6170 10.0000 -2.0000 -6.0000 2.0000 -10.0000 6.0000 0.2500 0.2500 0.2500 0.2500 0.2500 1.2500 1.9171 3.4093 
20.0000 17.0000 3.0000 -2.0000 1.0000 -3.3000 2 1.0000 1.0000 0.8720 -8.0000 4.0000 8.0000 -12.0000 0.0000 -4.0000 0.2500 0.2500 0.2500 0.2500 0.2500 1.2500 1.8294 3.3258 
20.0000 14.0000 3.0000 -4.0000 0.0000 9.9000 8 -1.0000 1.0000 0.6460 -14.0000 -6.0000 2.0000 -10.0000 6.0000 -2.0000 0.2112 0.3019 0.2528 0.1745 0.3040 1.2445 1.8736 3.3704 
20.0000 55.0000 3.0000 2.0000 0.0000 6.6000 8 -1.0000 1.0000 0.9250 8.0000 0.0000 -8.0000 4.0000 -4.0000 12.0000 0.2996 0.2720 0.1971 0.2684 0.2219 1.2590 1.8312 3.3350 
20.0000 43.0000 3.0000 2.0000 1.0000 -9.9000 2 1.0000 1.0000 1.0640 8.0000 -4.0000 -8.0000 12.0000 0.0000 4.0000 0.2500 0.2500 0.2500 0.2500 0.2500 1.2500 1.8659 3.3591 
20.0000 67.0000 3.0000 4.0000 0.0000 0.0000 8 -1.0000 0.0000 3.5880 -2.0000 6.0000 14.0000 2.0000 10.0000 -6.0000 0.2332 0.1698 0.2934 0.3663 0.1964 1.2590 1.9117 3.4349 
20.0000 27.0000 3.0000 -2.0000 0.0000 6.6000 8 -1.0000 1.0000 1.6250 8.0000 -4.0000 -12.0000 0.0000 -8.0000 4.0000 0.2821 0.3930 0.1716 0.2416 0.1559 1.2442 1.8467 3.3535 
20.0000 41.0000 3.0000 0.0000 0.0000 6.6000 8 -1.0000 1.0000 1.3970 -10.0000 -2.0000 10.0000 -6.0000 6.0000 2.0000 0.3104 0.1818 0.2497 0.1717 0.3280 1.2416 1.9227 3.4174 
20.0000 65.0000 3.0000 4.0000 0.0000 -6.6000 2 1.0000 1.0000 0.4800 10.0000 -2.0000 -6.0000 14.0000 2.0000 6.0000 0.1902 0.3048 0.2661 0.3171 0.1742 1.2523 1.7909 3.2949 
20.0000 63.0000 3.0000 4.0000 1.0000 9.9000 8 -1.0000 1.0000 0.5510 -6.0000 2.0000 10.0000 -2.0000 14.0000 6.0000 0.2500 0.2500 0.2500 0.2500 0.2500 1.2500 1.9797 3.4759 
20.0000 53.0000 3.0000 2.0000 0.0000 0.0000 2 1.0000 0.0000 3.0180 -4.0000 4.0000 12.0000 0.0000 8.0000 -8.0000 0.2287 0.3387 0.2197 0.1770 0.2896 1.2538 1.8199 3.3297 
20.0000 2.0000 3.0000 -4.0000 1.0000 -6.6000 2 1.0000 1.0000 0.5270 -10.0000 -2.0000 6.0000 -6.0000 2.0000 -14.0000 0.2500 0.2500 0.2500 0.2500 0.2500 1.2500 1.9151 3.4092 
20.0000 62.0000 3.0000 4.0000 1.0000 6.6000 8 -1.0000 1.0000 0.6360 10.0000 2.0000 -2.0000 6.0000 -6.0000 14.0000 0.2500 0.2500 0.2500 0.2500 0.2500 1.2500 1.7867 3.2926 
20.0000 6.0000 3.0000 -4.0000 1.0000 6.6000 8 -1.0000 1.0000 0.9660 -10.0000 2.0000 6.0000 -14.0000 -2.0000 -6.0000 0.2500 0.2500 0.2500 0.2500 0.2500 1.2500 1.9746 3.4760 
20.0000 10.0000 3.0000 -4.0000 0.0000 -3.3000 2 1.0000 1.0000 0.4670 -10.0000 2.0000 6.0000 -14.0000 -2.0000 -6.0000 0.2430 0.1712 0.2836 0.3309 0.2312 1.2599 1.7705 3.2691 
20.0000 4.0000 3.0000 -4.0000 1.0000 0.0000 8 -1.0000 0.0000 0.9650 2.0000 -6.0000 -10.0000 -2.0000 -14.0000 6.0000 0.2500 0.2500 0.2500 0.2500 0.2500 1.2500 1.9484 3.4426 
20.0000 22.0000 3.0000 -2.0000 0.0000 -9.9000 2 1.0000 1.0000 0.5980 8.0000 0.0000 -12.0000 4.0000 -8.0000 -4.0000 0.2284 0.3014 0.1654 0.3046 0.2414 1.2412 1.9384 3.4170 
20.0000 36.0000 3.0000 0.0000 0.0000 -9.9000 2 1.0000 1.0000 0.4790 -10.0000 2.0000 6.0000 -2.0000 10.0000 -6.0000 0.1847 0.2712 0.1981 0.3143 0.2769 1.2453 1.8180 3.3211 
20.0000 12.0000 3.0000 -4.0000 0.0000 3.3000 8 -1.0000 1.0000 1.8930 -10.0000 -2.0000 6.0000 -6.0000 2.0000 -14.0000 0.2117 0.1788 0.3205 0.2535 0.2860 1.2506 1.8232 3.3265 
20.0000 59.0000 3.0000 4.0000 1.0000 -3.3000 2 1.0000 1.0000 0.8730 -6.0000 6.0000 14.0000 2.0000 10.0000 -2.0000 0.2500 0.2500 0.2500 0.2500 0.2500 1.2500 1.9880 3.4926 
20.0000 48.0000 3.0000 2.0000 1.0000 6.6000 8 -1.0000 1.0000 0.5010 8.0000 0.0000 -4.0000 4.0000 -8.0000 12.0000 0.2500 0.2500 0.2500 0.2500 0.2500 1.2500 1.8739 3.3758 
20.0000 60.0000 3.0000 4.0000 1.0000 0.0000 8 -1.0000 0.0000 3.0380 -6.0000 6.0000 14.0000 2.0000 10.0000 -2.0000 0.2500 0.2500 0.2500 0.2500 0.2500 1.2500 1.7590 3.2591 
20.0000 45.0000 3.0000 2.0000 1.0000 -3.3000 2 1.0000 1.0000 1.6070 4.0000 -4.0000 -8.0000 12.0000 0.0000 8.0000 0.2500 0.2500 0.2500 0.2500 0.2500 1.2500 1.9989 3.4926 
20.0000 16.0000 3.0000 -2.0000 1.0000 -6.6000 2 1.0000 1.0000 1.0820 8.0000 -4.0000 -8.0000 0.0000 -12.0000 4.0000 0.2500 0.2500 0.2500 0.2500 0.2500 1.2500 1.9285 3.4258 
20.0000 56.0000 3.0000 2.0000 0.0000 9.9000 8 -1.0000 1.0000 0.5960 12.0000 4.0000 -8.0000 8.0000 -4.0000 0.0000 0.1732 0.2429 0.3532 0.2658 0.2103 1.2455 1.9421 3.4379 
20.0000 33.0000 3.0000 0.0000 1.0000 3.3000 8 -1.0000 1.0000 0.9310 -10.0000 -2.0000 10.0000 -6.0000 6.0000 2.0000 0.2500 0.2500 0.2500 0.2500 0.2500 1.2500 1.8632 3.3593 
20.0000 34.0000 3.0000 0.0000 1.0000 6.6000 8 -1.0000 1.0000 1.5120 -2.0000 6.0000 10.0000 -10.0000 2.0000 -6.0000 0.2500 0.2500 0.2500 0.2500 0.2500 1.2500 1.8204 3.3092 
20.0000 46.0000 3.0000 2.0000 1.0000 0.0000 8 -1.0000 0.0000 4.8180 12.0000 0.0000 -4.0000 4.0000 -8.0000 8.0000 0.2500 0.2500 0.2500 0.2500 0.2500 1.2500 1.8871 3.3759 
20.0000 1.0000 3.0000 -4.0000 1.0000 -9.9000 2 1.0000 1.0000 0.4340 -14.0000 -2.0000 6.0000 -6.0000 2.0000 -10.0000 0.2500 0.2500 0.2500 0.2500 0.2500 1.2500 1.9462 3.4591 
20.0000 42.0000 3.0000 0.0000 0.0000 9.9000 8 -1.0000 1.0000 0.4930 2.0000 -6.0000 -10.0000 10.0000 -2.0000 6.0000 0.3200 0.2015 0.2576 0.2051 0.2633 1.2475 1.7903 3.2901 
20.0000 11.0000 3.0000 -4.0000 0.0000 0.0000 2 1.0000 0.0000 0.4660 -10.0000 2.0000 6.0000 -14.0000 -2.0000 -6.0000 0.2112 0.1622 0.2033 0.3523 0.3223 1.2513 1.9908 3.4940 
20.0000 9.0000 3.0000 -4.0000 0.0000 -6.6000 2 1.0000 1.0000 0.4920 -6.0000 2.0000 6.0000 -14.0000 -2.0000 -10.0000 0.1639 0.3032 0.2631 0.2192 0.2918 1.2411 1.7720 3.2670 
20.0000 57.0000 3.0000 4.0000 1.0000 -9.9000 2 1.0000 1.0000 0.5680 -6.0000 6.0000 10.0000 2.0000 14.0000 -2.0000 0.2500 0.2500 0.2500 0.2500 0.2500 1.2500 1.8077 3.3093 
20.0000 38.0000 3.0000 0.0000 0.0000 -3.3000 2 1.0000 1.0000 0.4540 -10.0000 2.0000 6.0000 -2.0000 10.0000 -6.0000 0.1612 0.2178 0.1522 0.3859 0.3293 1.2463 1.9838 3.4890 
20.0000 13.0000 3.0000 -4.0000 0.0000 6.6000 8 -1.0000 1.0000 4.6460 -6.0000 2.0000 6.0000 -14.0000 -2.0000 -10.0000 0.1844 0.2989 0.3322 0.2414 0.2004 1.2574 1.7681 3.2832 
20.0000 51.0000 3.0000 2.0000 0.0000 -6.6000 2 1.0000 1.0000 0.5420 12.0000 0.0000 -4.0000 4.0000 -8.0000 8.0000 0.1820 0.2426 0.3060 0.2212 0.2918 1.2436 1.9757 3.4696 
20.0000 20.0000 3.0000 -2.0000 1.0000 6.6000 8 -1.0000 1.0000 0.4990 4.0000 -4.0000 -12.0000 0.0000 -8.0000 8.0000 0.2500 0.2500 0.2500 0.2500 0.2500 1.2500 1.8254 3.3259 
20.0000 47.0000 3.0000 2.0000 1.0000 3.3000 2 1.0000 0.0000 1.0970 0.0000 8.0000 12.0000 -8.0000 4.0000 -4.0000 0.2500 0.2500 0.2500 0.2500 0.2500 1.2500 1.9620 3.4593 
20.0000 66.0000 3.0000 4.0000 0.0000 -3.3000 2 1.0000 1.0000 0.6160 -6.0000 6.0000 14.0000 2.0000 10.0000 -2.0000 0.3066 0.1808 0.2361 0.3377 0.1861 1.2473 1.8508 3.3399 
20.0000 68.0000 3.0000 4.0000 0.0000 3.3000 8 -1.0000 1.0000 0.4820 10.0000 -2.0000 -6.0000 14.0000 2.0000 6.0000 0.1940 0.2293 0.3895 0.1510 0.2766 1.2405 1.9523 3.4331 
20.0000 37.0000 3.0000 0.0000 0.0000 -6.6000 2 1.0000 1.0000 0.5930 -6.0000 2.0000 6.0000 -2.0000 10.0000 -10.0000 0.2568 0.1900 0.3031 0.2690 0.2265 1.2453 1.7990 3.3044 
20.0000 44.0000 3.0000 2.0000 1.0000 -6.6000 2 1.0000 1.0000 0.5070 -4.0000 8.0000 12.0000 -8.0000 4.0000 0.0000 0.2500 0.2500 0.2500 0.2500 0.2500 1.2500 1.9625 3.4759 
20.0000 50.0000 3.0000 2.0000 0.0000 -9.9000 2 1.0000 1.0000 0.4460 0.0000 8.0000 12.0000 -8.0000 4.0000 -4.0000 0.2161 0.2492 0.3083 0.2212 0.2545 1.2493 1.9263 3.4251 
20.0000 40.0000 3.0000 0.0000 0.0000 3.3000 8 -1.0000 1.0000 1.1110 -10.0000 -2.0000 6.0000 -6.0000 10.0000 2.0000 0.2630 0.2006 0.3424 0.1800 0.2602 1.2462 1.7965 3.2887 
20.0000 23.0000 3.0000 -2.0000 0.0000 -6.6000 2 1.0000 1.0000 0.3610 8.0000 -4.0000 -8.0000 0.0000 -12.0000 4.0000 0.3038 0.1934 0.2304 0.3362 0.1785 1.2423 1.8384 3.3349 
20.0000 25.0000 3.0000 -2.0000 0.0000 0.0000 8 -1.0000 0.0000 3.0000 8.0000 -4.0000 -12.0000 0.0000 -8.0000 4.0000 0.1887 0.3814 0.2884 0.1503 0.2425 1.2512 1.7549 3.2605 
20.0000 31.0000 3.0000 0.0000 1.0000 -3.3000 2 1.0000 1.0000 4.1710 -10.0000 -2.0000 6.0000 -6.0000 10.0000 2.0000 0.2500 0.2500 0.2500 0.2500 0.2500 1.2500 1.9459 3.4425 
20.0000 61.0000 3.0000 4.0000 1.0000 3.3000 8 -1.0000 1.0000 0.5710 10.0000 -2.0000 -6.0000 14.0000 2.0000 6.0000 0.2500 0.2500 0.2500 0.2500 0.2500 1.2500 1.8373 3.3427 
20.0000 70.0000 3.0000 4.0000 0.0000 9.9000 8 -1.0000 1.0000 0.8280 10.0000 2.0000 -2.0000 6.0000 -6.0000 14.0000 0.2006 0.3294 0.3029 0.1739 0.2389 1.2458 1.8475 3.3384 
20.0000 3.0000 3.0000 -4.0000 1.0000 -3.3000 2 1.0000 1.0000 1.1530 6.0000 -6.0000 -10.0000 -2.0000 -14.0000 2.0000 0.2500 0.2500 0.2500 0.2500 0.2500 1.2500 1.9174 3.4092 
20.0000 21.0000 3.0000 -2.0000 1.0000 9.9000 8 -1.0000 1.0000 0.9550 8.0000 0.0000 -12.0000 4.0000 -8.0000 -4.0000 0.2500 0.2500 0.2500 0.2500 0.2500 1.2500 1.8648 3.3593 
20.0000 7.0000 3.0000 -4.0000 1.0000 9.9000 8 -1.0000 1.0000 1.0110 6.0000 -2.0000 -14.0000 2.0000 -10.0000 -6.0000 0.2500 0.2500 0.2500 0.2500 0.2500 1.2500 1.8669 3.3758 
20.0000 49.0000 3.0000 2.0000 1.0000 9.9000 8 -1.0000 1.0000 0.3850 -8.0000 0.0000 8.0000 -4.0000 12.0000 4.0000 0.2500 0.2500 0.2500 0.2500 0.2500 1.2500 1.9104 3.4259 
20.0000 8.0000 3.0000 -4.0000 0.0000 -9.9000 2 1.0000 1.0000 0.4910 2.0000 -10.0000 -14.0000 6.0000 -6.0000 -2.0000 0.2860 0.2351 0.3209 0.1846 0.2284 1.2550 1.9357 3.4475 
20.0000 19.0000 3.0000 -2.0000 1.0000 3.3000 8 -1.0000 1.0000 1.0430 -12.0000 -4.0000 4.0000 -8.0000 8.0000 0.0000 0.2500 0.2500 0.2500 0.2500 0.2500 1.2500 1.9554 3.4593 
20.0000 39.0000 3.0000 0.0000 0.0000 0.0000 8 -1.0000 0.0000 3.6720 -10.0000 -2.0000 10.0000 -6.0000 6.0000 2.0000 0.2469 0.1723 0.3216 0.2950 0.2075 1.2433 1.9194 3.4192 
20.0000 24.0000 3.0000 -2.0000 0.0000 -3.3000 2 1.0000 1.0000 0.5970 -8.0000 0.0000 8.0000 -4.0000 4.0000 -12.0000 0.2071 0.2728 0.3750 0.1678 0.2369 1.2596 1.7770 3.2854 
20.0000 32.0000 3.0000 0.0000 1.0000 0.0000 2 1.0000 0.0000 0.9700 10.0000 2.0000 -10.0000 6.0000 -6.0000 -2.0000 0.2500 0.2500 0.2500 0.2500 0.2500 1.2500 1.9514 3.4592 
20.0000 26.0000 3.0000 -2.0000 0.0000 3.3000 8 -1.0000 1.0000 3.9490 -12.0000 0.0000 8.0000 -4.0000 4.0000 -8.0000 0.1587 0.3631 0.1604 0.3161 0.2473 1.2456 1.8156 3.3047 
20.0000 28.0000 3.0000 -2.0000 0.0000 9.9000 8 -1.0000 1.0000 0.6190 -12.0000 -4.0000 8.0000 -8.0000 4.0000 0.0000 0.1927 0.2413 0.3310 0.2648 0.2112 1.2411 1.9116 3.4003 
20.0000 24.0000 4.0000 -2.0000 0.0000 -3.3000 8 -1.0000 0.0000 1.4270 0.0000 -8.0000 -12.0000 8.0000 -4.0000 4.0000 0.3303 0.2993 0.1521 0.3027 0.1715 1.2559 1.8369 3.3318 
20.0000 44.0000 4.0000 2.0000 1.0000 -6.6000 2 1.0000 1.0000 0.5620 8.0000 0.0000 -4.0000 4.0000 -8.0000 12.0000 0.2500 0.2500 0.2500 0.2500 0.2500 1.2500 1.9014 3.3925 
20.0000 38.0000 4.0000 0.0000 0.0000 -3.3000 2 1.0000 1.0000 2.6040 -6.0000 2.0000 10.0000 -2.0000 6.0000 -10.0000 0.2977 0.2489 0.1782 0.2462 0.2871 1.2580 1.8135 3.3171 
20.0000 26.0000 4.0000 -2.0000 0.0000 3.3000 8 -1.0000 1.0000 3.1990 -4.0000 4.0000 8.0000 -12.0000 0.0000 -8.0000 0.2184 0.3471 0.1638 0.2979 0.2189 1.2462 1.7584 3.2554 
20.0000 35.0000 4.0000 0.0000 1.0000 9.9000 8 -1.0000 1.0000 0.7040 10.0000 2.0000 -6.0000 6.0000 -10.0000 -2.0000 0.2500 0.2500 0.2500 0.2500 0.2500 1.2500 1.8323 3.3426 
20.0000 68.0000 4.0000 4.0000 0.0000 3.3000 2 1.0000 0.0000 3.8530 -2.0000 6.0000 14.0000 2.0000 10.0000 -6.0000 0.2357 0.1845 0.2222 0.3916 0.2210 1.2550 1.7838 3.2975 
20.0000 19.0000 4.0000 -2.0000 1.0000 3.3000 2 1.0000 0.0000 1.6600 -8.0000 0.0000 4.0000 -4.0000 8.0000 -12.0000 0.2500 0.2500 0.2500 0.2500 0.2500 1.2500 1.7845 3.2926 
20.0000 32.0000 4.0000 0.0000 1.0000 0.0000 2 1.0000 0.0000 1.4850 10.0000 -2.0000 -10.0000 2.0000 -6.0000 6.0000 0.2500 0.2500 0.2500 0.2500 0.2500 1.2500 1.9539 3.4592 
20.0000 25.0000 4.0000 -2.0000 0.0000 0.0000 2 1.0000 0.0000 4.4970 8.0000 0.0000 -8.0000 4.0000 -12.0000 -4.0000 0.2671 0.2251 0.3476 0.1522 0.2659 1.2580 1.8501 3.3505 
20.0000 51.0000 4.0000 2.0000 0.0000 -6.6000 2 1.0000 1.0000 0.4980 -8.0000 0.0000 8.0000 -4.0000 12.0000 4.0000 0.2632 0.2060 0.3494 0.1689 0.2530 1.2405 1.9192 3.3997 
20.0000 13.0000 4.0000 -4.0000 0.0000 6.6000 8 -1.0000 1.0000 1.7220 -10.0000 -2.0000 6.0000 -6.0000 2.0000 -14.0000 0.1669 0.2177 0.1767 0.3746 0.3227 1.2586 1.9208 3.4177 
20.0000 63.0000 4.0000 4.0000 1.0000 9.9000 8 -1.0000 1.0000 0.5350 -2.0000 10.0000 14.0000 -6.0000 6.0000 2.0000 0.2500 0.2500 0.2500 0.2500 0.2500 1.2500 1.8556 3.3426 
20.0000 50.0000 4.0000 2.0000 0.0000 -9.9000 2 1.0000 1.0000 0.4610 12.0000 4.0000 -8.0000 8.0000 -4.0000 0.0000 0.2092 0.3380 0.2367 0.1552 0.3053 1.2445 1.7942 3.2869 
20.0000 69.0000 4.0000 4.0000 0.0000 6.6000 8 -1.0000 1.0000 0.5290 -6.0000 6.0000 10.0000 2.0000 14.0000 -2.0000 0.2231 0.2696 0.2045 0.3394 0.2114 1.2481 1.8416 3.3407 
20.0000 3.0000 4.0000 -4.0000 1.0000 -3.3000 2 1.0000 1.0000 0.5470 6.0000 -6.0000 -10.0000 -2.0000 -14.0000 2.0000 0.2500 0.2500 0.2500 0.2500 0.2500 1.2500 1.8892 3.3925 
20.0000 31.0000 4.0000 0.0000 1.0000 -3.3000 2 1.0000 1.0000 3.8020 6.0000 -2.0000 -6.0000 2.0000 -10.0000 10.0000 0.2500 0.2500 0.2500 0.2500 0.2500 1.2500 1.9603 3.4593 
20.0000 6.0000 4.0000 -4.0000 1.0000 6.6000 8 -1.0000 1.0000 0.9570 6.0000 -6.0000 -14.0000 -2.0000 -10.0000 2.0000 0.2500 0.2500 0.2500 0.2500 0.2500 1.2500 1.9631 3.4594 
20.0000 64.0000 4.0000 4.0000 0.0000 -9.9000 2 1.0000 1.0000 1.8060 14.0000 6.0000 -2.0000 10.0000 -6.0000 2.0000 0.1595 0.2447 0.2801 0.1571 0.3990 1.2405 1.8218 3.3163 
20.0000 34.0000 4.0000 0.0000 1.0000 6.6000 8 -1.0000 1.0000 0.7740 6.0000 -2.0000 -10.0000 2.0000 -6.0000 10.0000 0.2500 0.2500 0.2500 0.2500 0.2500 1.2500 1.8545 3.3593 
20.0000 39.0000 4.0000 0.0000 0.0000 0.0000 8 -1.0000 0.0000 3.2160 10.0000 2.0000 -10.0000 6.0000 -6.0000 -2.0000 0.3530 0.1986 0.1545 0.3874 0.1562 1.2496 1.8316 3.3254 
20.0000 57.0000 4.0000 4.0000 1.0000 -9.9000 2 1.0000 1.0000 0.5610 10.0000 2.0000 -2.0000 6.0000 -6.0000 14.0000 0.2500 0.2500 0.2500 0.2500 0.2500 1.2500 1.7575 3.2592 
20.0000 54.0000 4.0000 2.0000 0.0000 3.3000 8 -1.0000 1.0000 0.6600 8.0000 0.0000 -8.0000 4.0000 -4.0000 12.0000 0.2660 0.2284 0.1584 0.3170 0.2757 1.2455 1.8831 3.3715 
20.0000 59.0000 4.0000 4.0000 1.0000 -3.3000 2 1.0000 1.0000 1.1180 -6.0000 6.0000 10.0000 2.0000 14.0000 -2.0000 0.2500 0.2500 0.2500 0.2500 0.2500 1.2500 1.9445 3.4426 
20.0000 2.0000 4.0000 -4.0000 1.0000 -6.6000 2 1.0000 1.0000 1.6110 2.0000 -6.0000 -10.0000 -2.0000 -14.0000 6.0000 0.2500 0.2500 0.2500 0.2500 0.2500 1.2500 1.9992 3.4927 
20.0000 12.0000 4.0000 -4.0000 0.0000 3.3000 8 -1.0000 1.0000 1.2660 -2.0000 -10.0000 -14.0000 6.0000 -6.0000 2.0000 0.2882 0.1717 0.2918 0.1526 0.3380 1.2423 1.8805 3.3849 
20.0000 7.0000 4.0000 -4.0000 1.0000 9.9000 8 -1.0000 1.0000 1.1360 -6.0000 2.0000 6.0000 -14.0000 -2.0000 -10.0000 0.2500 0.2500 0.2500 0.2500 0.2500 1.2500 1.8231 3.3260 
20.0000 14.0000 4.0000 -4.0000 0.0000 9.9000 8 -1.0000 1.0000 0.7830 6.0000 -6.0000 -14.0000 -2.0000 -10.0000 2.0000 0.3789 0.2847 0.1566 0.1849 0.2474 1.2526 1.8893 3.3951 
20.0000 53.0000 4.0000 2.0000 0.0000 0.0000 2 1.0000 0.0000 0.6210 12.0000 4.0000 -4.0000 8.0000 -8.0000 0.0000 0.2541 0.1598 0.2946 0.3766 0.1706 1.2556 1.9277 3.4315 
20.0000 21.0000 4.0000 -2.0000 1.0000 9.9000 8 -1.0000 1.0000 0.7950 -12.0000 0.0000 4.0000 -4.0000 8.0000 -8.0000 0.2500 0.2500 0.2500 0.2500 0.2500 1.2500 1.8967 3.3926 
20.0000 45.0000 4.0000 2.0000 1.0000 -3.3000 2 1.0000 1.0000 0.8850 -8.0000 0.0000 12.0000 -4.0000 8.0000 4.0000 0.2500 0.2500 0.2500 0.2500 0.2500 1.2500 1.7997 3.2924 
20.0000 65.0000 4.0000 4.0000 0.0000 -6.6000 2 1.0000 1.0000 0.6830 6.0000 -2.0000 -6.0000 14.0000 2.0000 10.0000 0.3608 0.2852 0.1640 0.2608 0.1784 1.2492 1.8587 3.3584 
20.0000 37.0000 4.0000 0.0000 0.0000 -6.6000 2 1.0000 1.0000 0.3480 10.0000 2.0000 -10.0000 6.0000 -6.0000 -2.0000 0.2510 0.2225 0.1519 0.3814 0.2357 1.2424 1.8960 3.3851 
20.0000 5.0000 4.0000 -4.0000 1.0000 3.3000 2 1.0000 0.0000 1.6230 -14.0000 -2.0000 6.0000 -6.0000 2.0000 -10.0000 0.2500 0.2500 0.2500 0.2500 0.2500 1.2500 1.8683 3.3592 
20.0000 36.0000 4.0000 0.0000 0.0000 -9.9000 2 1.0000 1.0000 1.3550 6.0000 -2.0000 -6.0000 2.0000 -10.0000 10.0000 0.1619 0.2958 0.2277 0.3919 0.1664 1.2436 1.9431 3.4361 
20.0000 61.0000 4.0000 4.0000 1.0000 3.3000 8 -1.0000 1.0000 3.9770 14.0000 6.0000 -2.0000 10.0000 -6.0000 2.0000 0.2500 0.2500 0.2500 0.2500 0.2500 1.2500 1.9689 3.4592 
20.0000 28.0000 4.0000 -2.0000 0.0000 9.9000 8 -1.0000 1.0000 1.0710 8.0000 0.0000 -8.0000 4.0000 -12.0000 -4.0000 0.2622 0.1956 0.2605 0.3373 0.1951 1.2506 1.8987 3.4100 
20.0000 23.0000 4.0000 -2.0000 0.0000 -6.6000 2 1.0000 1.0000 4.1420 -12.0000 -4.0000 4.0000 -8.0000 8.0000 0.0000 0.1927 0.3170 0.1911 0.3483 0.1926 1.2418 1.9402 3.4343 
20.0000 9.0000 4.0000 -4.0000 0.0000 -6.6000 2 1.0000 1.0000 1.3760 -10.0000 -2.0000 2.0000 -6.0000 6.0000 -14.0000 0.2824 0.1798 0.1528 0.3741 0.2640 1.2531 1.8001 3.3124 
20.0000 42.0000 4.0000 0.0000 0.0000 9.9000 8 -1.0000 1.0000 0.8650 -10.0000 2.0000 6.0000 -2.0000 10.0000 -6.0000 0.3372 0.2956 0.2310 0.1634 0.2247 1.2519 1.8400 3.3443 
20.0000 4.0000 4.0000 -4.0000 1.0000 0.0000 8 -1.0000 0.0000 1.2570 -14.0000 -6.0000 6.0000 -10.0000 2.0000 -2.0000 0.2500 0.2500 0.2500 0.2500 0.2500 1.2500 1.7782 3.2757 
20.0000 1.0000 4.0000 -4.0000 1.0000 -9.9000 2 1.0000 1.0000 0.7310 2.0000 -10.0000 -14.0000 6.0000 -6.0000 -2.0000 0.2500 0.2500 0.2500 0.2500 0.2500 1.2500 1.9741 3.4760 
20.0000 8.0000 4.0000 -4.0000 0.0000 -9.9000 2 1.0000 1.0000 0.5660 -14.0000 -2.0000 2.0000 -6.0000 6.0000 -10.0000 0.2696 0.1992 0.2624 0.1761 0.3474 1.2547 1.8271 3.3305 
20.0000 27.0000 4.0000 -2.0000 0.0000 6.6000 2 1.0000 0.0000 4.7530 -8.0000 4.0000 8.0000 -12.0000 0.0000 -4.0000 0.2695 0.3264 0.1568 0.2934 0.1973 1.2434 1.7913 3.2858 
20.0000 29.0000 4.0000 0.0000 1.0000 -9.9000 2 1.0000 1.0000 0.5060 10.0000 2.0000 -6.0000 6.0000 -10.0000 -2.0000 0.2500 0.2500 0.2500 0.2500 0.2500 1.2500 1.8995 3.3926 
20.0000 11.0000 4.0000 -4.0000 0.0000 0.0000 8 -1.0000 0.0000 3.7270 2.0000 -6.0000 -14.0000 -2.0000 -10.0000 6.0000 0.2927 0.1535 0.2314 0.3929 0.1717 1.2421 1.8276 3.3179 
20.0000 56.0000 4.0000 2.0000 0.0000 9.9000 8 -1.0000 1.0000 0.5430 8.0000 -4.0000 -8.0000 12.0000 0.0000 4.0000 0.1610 0.3006 0.3488 0.1750 0.2728 1.2581 1.8775 3.4007 
20.0000 30.0000 4.0000 0.0000 1.0000 -6.6000 2 1.0000 1.0000 2.7540 6.0000 -2.0000 -6.0000 2.0000 -10.0000 10.0000 0.2500 0.2500 0.2500 0.2500 0.2500 1.2500 1.9843 3.4925 
20.0000 60.0000 4.0000 4.0000 1.0000 0.0000 2 1.0000 0.0000 1.0300 10.0000 -2.0000 -6.0000 14.0000 2.0000 6.0000 0.2500 0.2500 0.2500 0.2500 0.2500 1.2500 1.7696 3.2758 
20.0000 66.0000 4.0000 4.0000 0.0000 -3.3000 2 1.0000 1.0000 0.6770 -2.0000 6.0000 14.0000 2.0000 10.0000 -6.0000 0.2681 0.1613 0.3962 0.1801 0.2405 1.2464 1.8687 3.3722 
20.0000 46.0000 4.0000 2.0000 1.0000 0.0000 2 1.0000 0.0000 1.1070 -8.0000 4.0000 8.0000 0.0000 12.0000 -4.0000 0.2500 0.2500 0.2500 0.2500 0.2500 1.2500 1.7790 3.2758 
20.0000 17.0000 4.0000 -2.0000 1.0000 -3.3000 2 1.0000 1.0000 4.5750 4.0000 -8.0000 -12.0000 8.0000 -4.0000 0.0000 0.2500 0.2500 0.2500 0.2500 0.2500 1.2500 1.8824 3.3759 
20.0000 52.0000 4.0000 2.0000 0.0000 -3.3000 8 -1.0000 0.0000 2.3140 4.0000 -4.0000 -8.0000 12.0000 0.0000 8.0000 0.2786 0.2174 0.3294 0.1835 0.2483 1.2573 1.9410 3.4499 
20.0000 15.0000 4.0000 -2.0000 1.0000 -9.9000 2 1.0000 1.0000 1.2630 -12.0000 -4.0000 4.0000 -8.0000 8.0000 0.0000 0.2500 0.2500 0.2500 0.2500 0.2500 1.2500 1.9969 3.4926 
20.0000 47.0000 4.0000 2.0000 1.0000 3.3000 8 -1.0000 1.0000 1.3230 -4.0000 4.0000 12.0000 0.0000 8.0000 -8.0000 0.2500 0.2500 0.2500 0.2500 0.2500 1.2500 1.9252 3.4259 
20.0000 10.0000 4.0000 -4.0000 0.0000 -3.3000 2 1.0000 1.0000 1.8940 2.0000 -6.0000 -14.0000 -2.0000 -10.0000 6.0000 0.3195 0.3482 0.1564 0.2316 0.1860 1.2416 1.8459 3.3341 
20.0000 58.0000 4.0000 4.0000 1.0000 -6.6000 NR 0.0000 0.0000 0.0000 10.0000 2.0000 -6.0000 6.0000 -2.0000 14.0000 0.2500 0.2500 0.2500 0.2500 0.2500 1.2500 1.7746 3.2593 
20.0000 20.0000 4.0000 -2.0000 1.0000 6.6000 8 -1.0000 1.0000 0.7930 -12.0000 -4.0000 8.0000 -8.0000 4.0000 0.0000 0.2500 0.2500 0.2500 0.2500 0.2500 1.2500 1.9148 3.4259 
20.0000 16.0000 4.0000 -2.0000 1.0000 -6.6000 2 1.0000 1.0000 1.0350 8.0000 -4.0000 -12.0000 0.0000 -8.0000 4.0000 0.2500 0.2500 0.2500 0.2500 0.2500 1.2500 1.9893 3.4925 
20.0000 55.0000 4.0000 2.0000 0.0000 6.6000 8 -1.0000 1.0000 0.8740 -4.0000 8.0000 12.0000 -8.0000 4.0000 0.0000 0.1683 0.2714 0.3755 0.1778 0.2495 1.2426 1.8487 3.3517 
20.0000 70.0000 4.0000 4.0000 0.0000 9.9000 8 -1.0000 1.0000 0.7940 14.0000 6.0000 -2.0000 10.0000 -6.0000 2.0000 0.1780 0.3365 0.1517 0.2628 0.3246 1.2536 1.9502 3.4630 
20.0000 22.0000 4.0000 -2.0000 0.0000 -9.9000 2 1.0000 1.0000 0.7260 -8.0000 4.0000 8.0000 -12.0000 0.0000 -4.0000 0.3239 0.2737 0.1679 0.3009 0.1811 1.2475 1.9031 3.4069 
20.0000 48.0000 4.0000 2.0000 1.0000 6.6000 8 -1.0000 1.0000 0.7150 -4.0000 8.0000 12.0000 -8.0000 4.0000 0.0000 0.2500 0.2500 0.2500 0.2500 0.2500 1.2500 1.8035 3.3091 
20.0000 18.0000 4.0000 -2.0000 1.0000 0.0000 NR 0.0000 0.0000 0.0000 4.0000 -8.0000 -12.0000 8.0000 -4.0000 0.0000 0.2500 0.2500 0.2500 0.2500 0.2500 1.2500 1.9628 3.4593 
20.0000 41.0000 4.0000 0.0000 0.0000 6.6000 8 -1.0000 1.0000 1.1850 10.0000 -2.0000 -10.0000 2.0000 -6.0000 6.0000 0.3047 0.2224 0.2694 0.2412 0.2090 1.2466 1.8412 3.3391 
20.0000 33.0000 4.0000 0.0000 1.0000 3.3000 8 -1.0000 1.0000 2.6480 -6.0000 2.0000 6.0000 -2.0000 10.0000 -10.0000 0.2500 0.2500 0.2500 0.2500 0.2500 1.2500 1.8870 3.3758 
20.0000 49.0000 4.0000 2.0000 1.0000 9.9000 8 -1.0000 1.0000 0.6730 4.0000 -4.0000 -8.0000 12.0000 0.0000 8.0000 0.2500 0.2500 0.2500 0.2500 0.2500 1.2500 1.9830 3.4758 
20.0000 43.0000 4.0000 2.0000 1.0000 -9.9000 2 1.0000 1.0000 0.4780 -4.0000 4.0000 12.0000 0.0000 8.0000 -8.0000 0.2500 0.2500 0.2500 0.2500 0.2500 1.2500 1.8650 3.3760 
20.0000 62.0000 4.0000 4.0000 1.0000 6.6000 8 -1.0000 1.0000 0.5550 -6.0000 2.0000 14.0000 -2.0000 10.0000 6.0000 0.2500 0.2500 0.2500 0.2500 0.2500 1.2500 1.8387 3.3426 
20.0000 40.0000 4.0000 0.0000 0.0000 3.3000 8 -1.0000 1.0000 2.1550 6.0000 -6.0000 -10.0000 10.0000 -2.0000 2.0000 0.3191 0.1517 0.2314 0.3455 0.1979 1.2456 1.8861 3.3881 
20.0000 67.0000 4.0000 4.0000 0.0000 0.0000 2 1.0000 0.0000 0.5320 -6.0000 6.0000 14.0000 2.0000 10.0000 -2.0000 0.3908 0.1971 0.1637 0.3214 0.1862 1.2591 1.8231 3.3351 
20.0000 63.0000 5.0000 4.0000 1.0000 9.9000 8 -1.0000 1.0000 0.7320 -6.0000 2.0000 14.0000 -2.0000 10.0000 6.0000 0.2500 0.2500 0.2500 0.2500 0.2500 1.2500 1.9382 3.4259 
20.0000 54.0000 5.0000 2.0000 0.0000 3.3000 2 1.0000 0.0000 1.5270 -8.0000 4.0000 8.0000 0.0000 12.0000 -4.0000 0.1737 0.3940 0.1697 0.3147 0.2020 1.2540 1.9619 3.4800 
20.0000 29.0000 5.0000 0.0000 1.0000 -9.9000 2 1.0000 1.0000 0.4880 -2.0000 6.0000 10.0000 -10.0000 2.0000 -6.0000 0.2500 0.2500 0.2500 0.2500 0.2500 1.2500 1.8845 3.3924 
20.0000 41.0000 5.0000 0.0000 0.0000 6.6000 8 -1.0000 1.0000 3.8310 -10.0000 2.0000 6.0000 -2.0000 10.0000 -6.0000 0.1660 0.3725 0.2057 0.3414 0.1545 1.2402 1.7805 3.2828 
20.0000 36.0000 5.0000 0.0000 0.0000 -9.9000 2 1.0000 1.0000 0.4810 10.0000 2.0000 -6.0000 6.0000 -10.0000 -2.0000 0.2991 0.1758 0.3204 0.2105 0.2533 1.2591 1.7593 3.2682 
20.0000 23.0000 5.0000 -2.0000 0.0000 -6.6000 2 1.0000 1.0000 0.4700 -12.0000 -4.0000 4.0000 -8.0000 8.0000 0.0000 0.2315 0.1757 0.2772 0.3342 0.2354 1.2540 1.8362 3.3467 
20.0000 56.0000 5.0000 2.0000 0.0000 9.9000 8 -1.0000 1.0000 1.1230 12.0000 0.0000 -8.0000 4.0000 -4.0000 8.0000 0.2583 0.1753 0.2124 0.3827 0.2276 1.2563 1.7884 3.2989 
20.0000 6.0000 5.0000 -4.0000 1.0000 6.6000 8 -1.0000 1.0000 1.5870 -6.0000 2.0000 6.0000 -14.0000 -2.0000 -10.0000 0.2500 0.2500 0.2500 0.2500 0.2500 1.2500 1.9686 3.4759 
20.0000 50.0000 5.0000 2.0000 0.0000 -9.9000 2 1.0000 1.0000 1.1600 8.0000 0.0000 -8.0000 4.0000 -4.0000 12.0000 0.3183 0.1676 0.3521 0.2388 0.1660 1.2428 1.9734 3.4689 
20.0000 45.0000 5.0000 2.0000 1.0000 -3.3000 2 1.0000 1.0000 1.1260 12.0000 4.0000 -4.0000 8.0000 -8.0000 0.0000 0.2500 0.2500 0.2500 0.2500 0.2500 1.2500 1.9053 3.4092 
20.0000 16.0000 5.0000 -2.0000 1.0000 -6.6000 2 1.0000 1.0000 2.3850 -8.0000 0.0000 8.0000 -4.0000 4.0000 -12.0000 0.2500 0.2500 0.2500 0.2500 0.2500 1.2500 1.9035 3.3925 
20.0000 37.0000 5.0000 0.0000 0.0000 -6.6000 2 1.0000 1.0000 0.9320 10.0000 -2.0000 -6.0000 2.0000 -10.0000 6.0000 0.3131 0.1650 0.2362 0.3442 0.1829 1.2414 1.8174 3.3006 
20.0000 44.0000 5.0000 2.0000 1.0000 -6.6000 2 1.0000 1.0000 0.6390 12.0000 4.0000 -4.0000 8.0000 -8.0000 0.0000 0.2500 0.2500 0.2500 0.2500 0.2500 1.2500 1.7943 3.3093 
20.0000 60.0000 5.0000 4.0000 1.0000 0.0000 8 -1.0000 0.0000 2.5850 10.0000 2.0000 -6.0000 6.0000 -2.0000 14.0000 0.2500 0.2500 0.2500 0.2500 0.2500 1.2500 1.9412 3.4426 
20.0000 30.0000 5.0000 0.0000 1.0000 -6.6000 2 1.0000 1.0000 0.6380 -10.0000 -2.0000 10.0000 -6.0000 6.0000 2.0000 0.2500 0.2500 0.2500 0.2500 0.2500 1.2500 1.9559 3.4592 
20.0000 31.0000 5.0000 0.0000 1.0000 -3.3000 2 1.0000 1.0000 3.0370 -10.0000 2.0000 10.0000 -2.0000 6.0000 -6.0000 0.2500 0.2500 0.2500 0.2500 0.2500 1.2500 1.9832 3.4926 
20.0000 24.0000 5.0000 -2.0000 0.0000 -3.3000 8 -1.0000 0.0000 2.3020 -12.0000 0.0000 4.0000 -4.0000 8.0000 -8.0000 0.2184 0.2545 0.3946 0.2012 0.1761 1.2448 1.8123 3.3040 
20.0000 4.0000 5.0000 -4.0000 1.0000 0.0000 8 -1.0000 0.0000 1.4930 -10.0000 -2.0000 6.0000 -6.0000 2.0000 -14.0000 0.2500 0.2500 0.2500 0.2500 0.2500 1.2500 1.9734 3.4759 
20.0000 17.0000 5.0000 -2.0000 1.0000 -3.3000 2 1.0000 1.0000 2.4790 -8.0000 0.0000 8.0000 -4.0000 4.0000 -12.0000 0.2500 0.2500 0.2500 0.2500 0.2500 1.2500 1.8726 3.3758 
20.0000 27.0000 5.0000 -2.0000 0.0000 6.6000 8 -1.0000 1.0000 0.7340 -8.0000 0.0000 8.0000 -4.0000 4.0000 -12.0000 0.1748 0.2590 0.1694 0.2990 0.3525 1.2547 1.8002 3.2972 
20.0000 7.0000 5.0000 -4.0000 1.0000 9.9000 8 -1.0000 1.0000 0.4970 6.0000 -6.0000 -14.0000 -2.0000 -10.0000 2.0000 0.2500 0.2500 0.2500 0.2500 0.2500 1.2500 1.8814 3.3759 
20.0000 48.0000 5.0000 2.0000 1.0000 6.6000 8 -1.0000 1.0000 2.6260 0.0000 8.0000 12.0000 -8.0000 4.0000 -4.0000 0.2500 0.2500 0.2500 0.2500 0.2500 1.2500 1.9345 3.4258 
20.0000 5.0000 5.0000 -4.0000 1.0000 3.3000 8 -1.0000 1.0000 2.8960 -14.0000 -6.0000 6.0000 -10.0000 2.0000 -2.0000 0.2500 0.2500 0.2500 0.2500 0.2500 1.2500 1.8406 3.3260 
20.0000 20.0000 5.0000 -2.0000 1.0000 6.6000 2 1.0000 0.0000 2.5320 -12.0000 0.0000 4.0000 -4.0000 8.0000 -8.0000 0.2500 0.2500 0.2500 0.2500 0.2500 1.2500 1.9977 3.5091 
20.0000 10.0000 5.0000 -4.0000 0.0000 -3.3000 2 1.0000 1.0000 0.5840 6.0000 -6.0000 -14.0000 -2.0000 -10.0000 2.0000 0.2900 0.2201 0.2589 0.1688 0.3099 1.2477 1.8094 3.3069 
20.0000 70.0000 5.0000 4.0000 0.0000 9.9000 8 -1.0000 1.0000 0.5880 10.0000 -2.0000 -6.0000 14.0000 2.0000 6.0000 0.2859 0.3623 0.1788 0.2361 0.1819 1.2451 1.8087 3.3042 
20.0000 34.0000 5.0000 0.0000 1.0000 6.6000 8 -1.0000 1.0000 0.5030 -10.0000 -2.0000 10.0000 -6.0000 6.0000 2.0000 0.2500 0.2500 0.2500 0.2500 0.2500 1.2500 1.9408 3.4425 
20.0000 40.0000 5.0000 0.0000 0.0000 3.3000 2 1.0000 0.0000 1.3180 10.0000 2.0000 -6.0000 6.0000 -10.0000 -2.0000 0.1516 0.3016 0.3334 0.1938 0.2677 1.2481 1.9994 3.5074 
20.0000 15.0000 5.0000 -2.0000 1.0000 -9.9000 2 1.0000 1.0000 0.4130 -12.0000 0.0000 8.0000 -4.0000 4.0000 -8.0000 0.2500 0.2500 0.2500 0.2500 0.2500 1.2500 1.7574 3.2592 
20.0000 64.0000 5.0000 4.0000 0.0000 -9.9000 2 1.0000 1.0000 0.4760 -2.0000 6.0000 10.0000 2.0000 14.0000 -6.0000 0.2750 0.3105 0.1892 0.3235 0.1528 1.2510 1.8568 3.3601 
20.0000 12.0000 5.0000 -4.0000 0.0000 3.3000 2 1.0000 0.0000 2.7100 2.0000 -6.0000 -10.0000 -2.0000 -14.0000 6.0000 0.3462 0.1734 0.3531 0.2233 0.1558 1.2518 1.7700 3.2777 
20.0000 33.0000 5.0000 0.0000 1.0000 3.3000 8 -1.0000 1.0000 2.3730 6.0000 -6.0000 -10.0000 10.0000 -2.0000 2.0000 0.2500 0.2500 0.2500 0.2500 0.2500 1.2500 1.7708 3.2592 
20.0000 32.0000 5.0000 0.0000 1.0000 0.0000 8 -1.0000 0.0000 3.3760 -6.0000 6.0000 10.0000 -10.0000 2.0000 -2.0000 0.2500 0.2500 0.2500 0.2500 0.2500 1.2500 1.7956 3.2925 
20.0000 19.0000 5.0000 -2.0000 1.0000 3.3000 8 -1.0000 1.0000 4.6430 8.0000 0.0000 -12.0000 4.0000 -8.0000 -4.0000 0.2500 0.2500 0.2500 0.2500 0.2500 1.2500 1.9740 3.4593 
20.0000 3.0000 5.0000 -4.0000 1.0000 -3.3000 2 1.0000 1.0000 0.8030 2.0000 -6.0000 -10.0000 -2.0000 -14.0000 6.0000 0.2500 0.2500 0.2500 0.2500 0.2500 1.2500 1.9461 3.4592 
20.0000 21.0000 5.0000 -2.0000 1.0000 9.9000 8 -1.0000 1.0000 0.7160 -12.0000 0.0000 8.0000 -4.0000 4.0000 -8.0000 0.2500 0.2500 0.2500 0.2500 0.2500 1.2500 1.9755 3.4760 
20.0000 22.0000 5.0000 -2.0000 0.0000 -9.9000 2 1.0000 1.0000 0.5420 8.0000 0.0000 -12.0000 4.0000 -8.0000 -4.0000 0.1590 0.3203 0.3728 0.2269 0.1783 1.2573 1.9208 3.4330 
20.0000 65.0000 5.0000 4.0000 0.0000 -6.6000 2 1.0000 1.0000 0.4140 -2.0000 6.0000 14.0000 2.0000 10.0000 -6.0000 0.3825 0.1868 0.2735 0.1701 0.2356 1.2484 1.8717 3.3741 
20.0000 14.0000 5.0000 -4.0000 0.0000 9.9000 8 -1.0000 1.0000 0.6730 -6.0000 2.0000 6.0000 -14.0000 -2.0000 -10.0000 0.1637 0.3421 0.1798 0.3476 0.2228 1.2560 1.7559 3.2652 
20.0000 57.0000 5.0000 4.0000 1.0000 -9.9000 2 1.0000 1.0000 0.7230 -2.0000 6.0000 14.0000 2.0000 10.0000 -6.0000 0.2500 0.2500 0.2500 0.2500 0.2500 1.2500 1.9781 3.4760 
20.0000 69.0000 5.0000 4.0000 0.0000 6.6000 8 -1.0000 1.0000 0.5160 14.0000 6.0000 -6.0000 10.0000 -2.0000 2.0000 0.1953 0.3268 0.2306 0.1941 0.3090 1.2558 1.8764 3.3817 
20.0000 67.0000 5.0000 4.0000 0.0000 0.0000 2 1.0000 0.0000 0.7080 -6.0000 6.0000 10.0000 2.0000 14.0000 -2.0000 0.2340 0.2609 0.2897 0.2237 0.2495 1.2578 1.9450 3.4505 
20.0000 43.0000 5.0000 2.0000 1.0000 -9.9000 2 1.0000 1.0000 0.6100 12.0000 4.0000 -8.0000 8.0000 -4.0000 0.0000 0.2500 0.2500 0.2500 0.2500 0.2500 1.2500 1.8502 3.3427 
20.0000 46.0000 5.0000 2.0000 1.0000 0.0000 2 1.0000 0.0000 0.4570 -8.0000 4.0000 8.0000 0.0000 12.0000 -4.0000 0.2500 0.2500 0.2500 0.2500 0.2500 1.2500 1.8642 3.3592 
20.0000 59.0000 5.0000 4.0000 1.0000 -3.3000 2 1.0000 1.0000 2.9870 10.0000 -2.0000 -6.0000 14.0000 2.0000 6.0000 0.2500 0.2500 0.2500 0.2500 0.2500 1.2500 1.9841 3.4760 
20.0000 42.0000 5.0000 0.0000 0.0000 9.9000 8 -1.0000 1.0000 0.6540 -10.0000 -2.0000 6.0000 -6.0000 10.0000 2.0000 0.3972 0.1666 0.1937 0.2308 0.2567 1.2451 1.9306 3.4377 
20.0000 8.0000 5.0000 -4.0000 0.0000 -9.9000 2 1.0000 1.0000 1.0040 2.0000 -10.0000 -14.0000 6.0000 -6.0000 -2.0000 0.2430 0.1712 0.2908 0.3671 0.1810 1.2531 1.8389 3.3455 
20.0000 55.0000 5.0000 2.0000 0.0000 6.6000 8 -1.0000 1.0000 0.6250 -8.0000 0.0000 8.0000 -4.0000 12.0000 4.0000 0.2052 0.2709 0.1847 0.3102 0.2704 1.2413 1.9123 3.4171 
20.0000 51.0000 5.0000 2.0000 0.0000 -6.6000 2 1.0000 1.0000 1.0220 -8.0000 4.0000 12.0000 0.0000 8.0000 -4.0000 0.2769 0.2188 0.2568 0.2950 0.1984 1.2458 1.8793 3.3717 
20.0000 1.0000 5.0000 -4.0000 1.0000 -9.9000 2 1.0000 1.0000 0.5810 -14.0000 -2.0000 6.0000 -6.0000 2.0000 -10.0000 0.2500 0.2500 0.2500 0.2500 0.2500 1.2500 1.8889 3.3926 
20.0000 13.0000 5.0000 -4.0000 0.0000 6.6000 8 -1.0000 1.0000 0.6360 6.0000 -6.0000 -14.0000 -2.0000 -10.0000 2.0000 0.1879 0.3512 0.1975 0.1667 0.3497 1.2531 1.8698 3.3790 
20.0000 26.0000 5.0000 -2.0000 0.0000 3.3000 8 -1.0000 1.0000 1.2470 8.0000 0.0000 -12.0000 4.0000 -8.0000 -4.0000 0.2024 0.2364 0.1985 0.3791 0.2409 1.2574 1.9654 3.4665 
20.0000 52.0000 5.0000 2.0000 0.0000 -3.3000 2 1.0000 1.0000 1.1050 -4.0000 4.0000 8.0000 0.0000 12.0000 -8.0000 0.2298 0.3482 0.1529 0.1902 0.3209 1.2419 1.9446 3.4344 
20.0000 39.0000 5.0000 0.0000 0.0000 0.0000 8 -1.0000 0.0000 3.7450 6.0000 -2.0000 -10.0000 2.0000 -6.0000 10.0000 0.3864 0.2198 0.1708 0.2553 0.2211 1.2535 1.9733 3.4795 
20.0000 25.0000 5.0000 -2.0000 0.0000 0.0000 8 -1.0000 0.0000 3.7010 0.0000 -8.0000 -12.0000 8.0000 -4.0000 4.0000 0.2804 0.1758 0.2295 0.3095 0.2606 1.2558 1.9646 3.4651 
20.0000 68.0000 5.0000 4.0000 0.0000 3.3000 8 -1.0000 1.0000 0.6990 -6.0000 6.0000 14.0000 2.0000 10.0000 -2.0000 0.2221 0.1860 0.2980 0.1518 0.3916 1.2495 1.7988 3.2921 
20.0000 18.0000 5.0000 -2.0000 1.0000 0.0000 2 1.0000 0.0000 1.2800 8.0000 0.0000 -8.0000 4.0000 -12.0000 -4.0000 0.2500 0.2500 0.2500 0.2500 0.2500 1.2500 1.8143 3.3258 
20.0000 66.0000 5.0000 4.0000 0.0000 -3.3000 2 1.0000 1.0000 1.0250 -2.0000 6.0000 10.0000 2.0000 14.0000 -6.0000 0.2437 0.1726 0.2417 0.3400 0.2534 1.2514 1.8823 3.3939 
20.0000 28.0000 5.0000 -2.0000 0.0000 9.9000 8 -1.0000 1.0000 0.8230 8.0000 0.0000 -12.0000 4.0000 -8.0000 -4.0000 0.2527 0.1780 0.2108 0.2483 0.3514 1.2412 1.8663 3.3670 
20.0000 35.0000 5.0000 0.0000 1.0000 9.9000 8 -1.0000 1.0000 0.6950 10.0000 -2.0000 -6.0000 2.0000 -10.0000 6.0000 0.2500 0.2500 0.2500 0.2500 0.2500 1.2500 1.9986 3.5091 
20.0000 38.0000 5.0000 0.0000 0.0000 -3.3000 2 1.0000 1.0000 0.5980 -10.0000 2.0000 6.0000 -2.0000 10.0000 -6.0000 0.1596 0.2238 0.1514 0.3333 0.3865 1.2545 1.9688 3.4805 
20.0000 62.0000 5.0000 4.0000 1.0000 6.6000 2 1.0000 0.0000 1.9390 -2.0000 6.0000 14.0000 2.0000 10.0000 -6.0000 0.2500 0.2500 0.2500 0.2500 0.2500 1.2500 1.9347 3.4426 
20.0000 11.0000 5.0000 -4.0000 0.0000 0.0000 2 1.0000 0.0000 0.5390 -10.0000 -2.0000 6.0000 -6.0000 2.0000 -14.0000 0.1505 0.3636 0.2095 0.1805 0.3475 1.2516 1.8860 3.3941 
20.0000 49.0000 5.0000 2.0000 1.0000 9.9000 8 -1.0000 1.0000 0.9560 12.0000 0.0000 -4.0000 4.0000 -8.0000 8.0000 0.2500 0.2500 0.2500 0.2500 0.2500 1.2500 1.9256 3.4259 
20.0000 58.0000 5.0000 4.0000 1.0000 -6.6000 2 1.0000 1.0000 0.9980 -6.0000 2.0000 14.0000 -2.0000 10.0000 6.0000 0.2500 0.2500 0.2500 0.2500 0.2500 1.2500 1.8482 3.3426 
20.0000 2.0000 5.0000 -4.0000 1.0000 -6.6000 2 1.0000 1.0000 0.8620 -14.0000 -6.0000 2.0000 -10.0000 6.0000 -2.0000 0.2500 0.2500 0.2500 0.2500 0.2500 1.2500 1.8713 3.3591 
20.0000 53.0000 5.0000 2.0000 0.0000 0.0000 2 1.0000 0.0000 4.3570 -8.0000 4.0000 12.0000 0.0000 8.0000 -4.0000 0.3033 0.2244 0.2530 0.2867 0.1786 1.2461 1.9927 3.4887 
20.0000 61.0000 5.0000 4.0000 1.0000 3.3000 8 -1.0000 1.0000 1.3490 14.0000 6.0000 -6.0000 10.0000 -2.0000 2.0000 0.2500 0.2500 0.2500 0.2500 0.2500 1.2500 1.8807 3.3759 
20.0000 9.0000 5.0000 -4.0000 0.0000 -6.6000 2 1.0000 1.0000 2.3780 -10.0000 2.0000 6.0000 -14.0000 -2.0000 -6.0000 0.2515 0.2006 0.2975 0.2213 0.2739 1.2448 1.7773 3.2872 
20.0000 47.0000 5.0000 2.0000 1.0000 3.3000 8 -1.0000 1.0000 1.6250 4.0000 -4.0000 -8.0000 12.0000 0.0000 8.0000 0.2500 0.2500 0.2500 0.2500 0.2500 1.2500 1.8392 3.3427 
20.0000 66.0000 6.0000 4.0000 0.0000 -3.3000 2 1.0000 1.0000 0.5460 14.0000 6.0000 -6.0000 10.0000 -2.0000 2.0000 0.1927 0.2703 0.3686 0.2342 0.1811 1.2470 1.7804 3.2895 
20.0000 5.0000 6.0000 -4.0000 1.0000 3.3000 2 1.0000 0.0000 2.3450 6.0000 -6.0000 -14.0000 -2.0000 -10.0000 2.0000 0.2500 0.2500 0.2500 0.2500 0.2500 1.2500 1.9644 3.4593 
20.0000 40.0000 6.0000 0.0000 0.0000 3.3000 8 -1.0000 1.0000 2.0990 -6.0000 2.0000 10.0000 -2.0000 6.0000 -10.0000 0.2860 0.3565 0.1746 0.2351 0.2044 1.2566 1.7889 3.2992 
20.0000 21.0000 6.0000 -2.0000 1.0000 9.9000 8 -1.0000 1.0000 0.6050 -12.0000 -4.0000 4.0000 -8.0000 8.0000 0.0000 0.2500 0.2500 0.2500 0.2500 0.2500 1.2500 1.9483 3.4426 
20.0000 23.0000 6.0000 -2.0000 0.0000 -6.6000 2 1.0000 1.0000 1.5520 -4.0000 4.0000 8.0000 -12.0000 0.0000 -8.0000 0.3459 0.2855 0.1604 0.2795 0.1805 1.2517 1.9054 3.4109 
20.0000 9.0000 6.0000 -4.0000 0.0000 -6.6000 2 1.0000 1.0000 1.3020 -14.0000 -2.0000 2.0000 -6.0000 6.0000 -10.0000 0.1629 0.3970 0.1932 0.3290 0.1706 1.2527 1.9703 3.4619 
20.0000 34.0000 6.0000 0.0000 1.0000 6.6000 8 -1.0000 1.0000 0.6250 6.0000 -6.0000 -10.0000 10.0000 -2.0000 2.0000 0.2500 0.2500 0.2500 0.2500 0.2500 1.2500 1.8900 3.3926 
20.0000 8.0000 6.0000 -4.0000 0.0000 -9.9000 2 1.0000 1.0000 1.2670 6.0000 -6.0000 -14.0000 -2.0000 -10.0000 2.0000 0.1608 0.2751 0.2357 0.3076 0.2800 1.2592 1.9413 3.4519 
20.0000 44.0000 6.0000 2.0000 1.0000 -6.6000 2 1.0000 1.0000 1.5730 -8.0000 0.0000 8.0000 -4.0000 12.0000 4.0000 0.2500 0.2500 0.2500 0.2500 0.2500 1.2500 1.7827 3.2759 
20.0000 12.0000 6.0000 -4.0000 0.0000 3.3000 8 -1.0000 1.0000 3.5400 -6.0000 2.0000 6.0000 -14.0000 -2.0000 -10.0000 0.2840 0.2395 0.3016 0.2358 0.1860 1.2470 1.8747 3.3729 
20.0000 53.0000 6.0000 2.0000 0.0000 0.0000 2 1.0000 0.0000 0.4790 8.0000 -4.0000 -8.0000 12.0000 0.0000 4.0000 0.3016 0.2102 0.1706 0.3117 0.2507 1.2450 1.9669 3.4708 
20.0000 26.0000 6.0000 -2.0000 0.0000 3.3000 2 1.0000 0.0000 2.0010 -8.0000 4.0000 8.0000 -12.0000 0.0000 -4.0000 0.3337 0.1714 0.2898 0.2541 0.2088 1.2578 1.7628 3.2670 
20.0000 58.0000 6.0000 4.0000 1.0000 -6.6000 2 1.0000 1.0000 0.6080 -6.0000 2.0000 10.0000 -2.0000 14.0000 6.0000 0.2500 0.2500 0.2500 0.2500 0.2500 1.2500 1.8101 3.3092 
20.0000 48.0000 6.0000 2.0000 1.0000 6.6000 8 -1.0000 1.0000 0.7650 12.0000 0.0000 -8.0000 4.0000 -4.0000 8.0000 0.2500 0.2500 0.2500 0.2500 0.2500 1.2500 1.8942 3.3927 
20.0000 63.0000 6.0000 4.0000 1.0000 9.9000 8 -1.0000 1.0000 0.5230 6.0000 -2.0000 -6.0000 14.0000 2.0000 10.0000 0.2500 0.2500 0.2500 0.2500 0.2500 1.2500 1.9861 3.4925 
20.0000 54.0000 6.0000 2.0000 0.0000 3.3000 8 -1.0000 1.0000 3.4270 12.0000 4.0000 -8.0000 8.0000 -4.0000 0.0000 0.3775 0.1943 0.2961 0.1780 0.2132 1.2592 1.9003 3.4017 
20.0000 27.0000 6.0000 -2.0000 0.0000 6.6000 8 -1.0000 1.0000 0.5510 -8.0000 0.0000 4.0000 -4.0000 8.0000 -12.0000 0.1624 0.2392 0.3407 0.2005 0.3157 1.2586 1.9145 3.4179 
20.0000 62.0000 6.0000 4.0000 1.0000 6.6000 8 -1.0000 1.0000 0.4660 -6.0000 2.0000 14.0000 -2.0000 10.0000 6.0000 0.2500 0.2500 0.2500 0.2500 0.2500 1.2500 1.8497 3.3424 
20.0000 57.0000 6.0000 4.0000 1.0000 -9.9000 2 1.0000 1.0000 0.5960 14.0000 2.0000 -2.0000 6.0000 -6.0000 10.0000 0.2500 0.2500 0.2500 0.2500 0.2500 1.2500 1.9733 3.4593 
20.0000 22.0000 6.0000 -2.0000 0.0000 -9.9000 2 1.0000 1.0000 0.5770 -12.0000 -4.0000 4.0000 -8.0000 8.0000 0.0000 0.3836 0.2898 0.1660 0.2370 0.1638 1.2402 1.7542 3.2327 
20.0000 65.0000 6.0000 4.0000 0.0000 -6.6000 2 1.0000 1.0000 0.7610 10.0000 2.0000 -6.0000 6.0000 -2.0000 14.0000 0.2408 0.3302 0.1516 0.3567 0.1639 1.2432 1.8757 3.3692 
20.0000 70.0000 6.0000 4.0000 0.0000 9.9000 8 -1.0000 1.0000 0.8790 -6.0000 6.0000 14.0000 2.0000 10.0000 -2.0000 0.2707 0.1715 0.2378 0.3950 0.1677 1.2427 1.9633 3.4687 
20.0000 6.0000 6.0000 -4.0000 1.0000 6.6000 8 -1.0000 1.0000 3.1530 -10.0000 2.0000 6.0000 -14.0000 -2.0000 -6.0000 0.2500 0.2500 0.2500 0.2500 0.2500 1.2500 1.8825 3.3926 
20.0000 18.0000 6.0000 -2.0000 1.0000 0.0000 2 1.0000 0.0000 2.4520 4.0000 -4.0000 -8.0000 0.0000 -12.0000 8.0000 0.2500 0.2500 0.2500 0.2500 0.2500 1.2500 1.9839 3.4925 
20.0000 39.0000 6.0000 0.0000 0.0000 0.0000 2 1.0000 0.0000 0.7930 -6.0000 2.0000 6.0000 -2.0000 10.0000 -10.0000 0.1627 0.2444 0.1806 0.3113 0.3452 1.2443 1.8749 3.3703 
20.0000 51.0000 6.0000 2.0000 0.0000 -6.6000 2 1.0000 1.0000 0.4460 12.0000 4.0000 -4.0000 8.0000 -8.0000 0.0000 0.2683 0.1973 0.3306 0.2826 0.1713 1.2501 1.9040 3.4095 
20.0000 46.0000 6.0000 2.0000 1.0000 0.0000 8 -1.0000 0.0000 2.3110 8.0000 0.0000 -4.0000 4.0000 -8.0000 12.0000 0.2500 0.2500 0.2500 0.2500 0.2500 1.2500 1.9889 3.4925 
20.0000 17.0000 6.0000 -2.0000 1.0000 -3.3000 2 1.0000 1.0000 0.9880 -4.0000 4.0000 8.0000 -12.0000 0.0000 -8.0000 0.2500 0.2500 0.2500 0.2500 0.2500 1.2500 1.8526 3.3424 
20.0000 45.0000 6.0000 2.0000 1.0000 -3.3000 8 -1.0000 0.0000 2.6970 -8.0000 0.0000 12.0000 -4.0000 8.0000 4.0000 0.2500 0.2500 0.2500 0.2500 0.2500 1.2500 1.9177 3.4091 
20.0000 43.0000 6.0000 2.0000 1.0000 -9.9000 2 1.0000 1.0000 0.4190 0.0000 8.0000 12.0000 -8.0000 4.0000 -4.0000 0.2500 0.2500 0.2500 0.2500 0.2500 1.2500 1.8984 3.3926 
20.0000 37.0000 6.0000 0.0000 0.0000 -6.6000 2 1.0000 1.0000 1.0720 -10.0000 -2.0000 10.0000 -6.0000 6.0000 2.0000 0.1501 0.3675 0.2535 0.1722 0.3114 1.2547 1.7774 3.2806 
20.0000 35.0000 6.0000 0.0000 1.0000 9.9000 8 -1.0000 1.0000 0.6710 -10.0000 -2.0000 6.0000 -6.0000 10.0000 2.0000 0.2500 0.2500 0.2500 0.2500 0.2500 1.2500 1.9297 3.4427 
20.0000 64.0000 6.0000 4.0000 0.0000 -9.9000 2 1.0000 1.0000 0.5770 -2.0000 10.0000 14.0000 -6.0000 6.0000 2.0000 0.2641 0.1523 0.2931 0.2599 0.2863 1.2557 1.9127 3.4315 
20.0000 33.0000 6.0000 0.0000 1.0000 3.3000 2 1.0000 0.0000 1.4900 10.0000 2.0000 -10.0000 6.0000 -6.0000 -2.0000 0.2500 0.2500 0.2500 0.2500 0.2500 1.2500 1.7976 3.3091 
20.0000 36.0000 6.0000 0.0000 0.0000 -9.9000 2 1.0000 1.0000 0.4730 -6.0000 6.0000 10.0000 -10.0000 2.0000 -2.0000 0.2509 0.1797 0.3240 0.1695 0.3258 1.2499 1.9688 3.4759 
20.0000 32.0000 6.0000 0.0000 1.0000 0.0000 2 1.0000 0.0000 0.5150 -2.0000 6.0000 10.0000 -10.0000 2.0000 -6.0000 0.2500 0.2500 0.2500 0.2500 0.2500 1.2500 1.9543 3.4593 
20.0000 25.0000 6.0000 -2.0000 0.0000 0.0000 2 1.0000 0.0000 2.9830 -12.0000 0.0000 8.0000 -4.0000 4.0000 -8.0000 0.1561 0.2594 0.1965 0.2716 0.3665 1.2502 1.7981 3.2927 
20.0000 14.0000 6.0000 -4.0000 0.0000 9.9000 2 1.0000 0.0000 3.2100 2.0000 -10.0000 -14.0000 6.0000 -6.0000 -2.0000 0.3818 0.2835 0.1984 0.2270 0.1536 1.2443 1.9982 3.4870 
20.0000 68.0000 6.0000 4.0000 0.0000 3.3000 8 -1.0000 1.0000 0.5170 6.0000 -2.0000 -6.0000 14.0000 2.0000 10.0000 0.2480 0.1881 0.3378 0.2767 0.1948 1.2455 1.9689 3.4547 
20.0000 60.0000 6.0000 4.0000 1.0000 0.0000 8 -1.0000 0.0000 3.9060 14.0000 2.0000 -6.0000 6.0000 -2.0000 10.0000 0.2500 0.2500 0.2500 0.2500 0.2500 1.2500 1.9733 3.4761 
20.0000 42.0000 6.0000 0.0000 0.0000 9.9000 8 -1.0000 1.0000 0.8500 -10.0000 2.0000 10.0000 -2.0000 6.0000 -6.0000 0.2154 0.3410 0.1897 0.2882 0.2225 1.2569 1.9467 3.4495 
20.0000 31.0000 6.0000 0.0000 1.0000 -3.3000 2 1.0000 1.0000 0.5000 10.0000 2.0000 -6.0000 6.0000 -10.0000 -2.0000 0.2500 0.2500 0.2500 0.2500 0.2500 1.2500 1.7690 3.2592 
20.0000 38.0000 6.0000 0.0000 0.0000 -3.3000 2 1.0000 1.0000 0.8210 -10.0000 2.0000 6.0000 -2.0000 10.0000 -6.0000 0.1751 0.2498 0.2126 0.2534 0.3607 1.2516 1.7561 3.2608 
20.0000 4.0000 6.0000 -4.0000 1.0000 0.0000 2 1.0000 0.0000 3.6800 2.0000 -10.0000 -14.0000 6.0000 -6.0000 -2.0000 0.2500 0.2500 0.2500 0.2500 0.2500 1.2500 1.9122 3.4260 
20.0000 1.0000 6.0000 -4.0000 1.0000 -9.9000 2 1.0000 1.0000 0.5260 6.0000 -2.0000 -10.0000 2.0000 -14.0000 -6.0000 0.2500 0.2500 0.2500 0.2500 0.2500 1.2500 1.9974 3.5094 
20.0000 3.0000 6.0000 -4.0000 1.0000 -3.3000 8 -1.0000 0.0000 3.4950 2.0000 -6.0000 -10.0000 -2.0000 -14.0000 6.0000 0.2500 0.2500 0.2500 0.2500 0.2500 1.2500 1.8411 3.3426 
20.0000 20.0000 6.0000 -2.0000 1.0000 6.6000 8 -1.0000 1.0000 3.4230 -8.0000 0.0000 4.0000 -4.0000 8.0000 -12.0000 0.2500 0.2500 0.2500 0.2500 0.2500 1.2500 1.9384 3.4426 
20.0000 50.0000 6.0000 2.0000 0.0000 -9.9000 2 1.0000 1.0000 0.7010 -8.0000 0.0000 8.0000 -4.0000 12.0000 4.0000 0.3726 0.1912 0.2709 0.2342 0.1854 1.2542 1.8427 3.3467 
20.0000 52.0000 6.0000 2.0000 0.0000 -3.3000 2 1.0000 1.0000 3.5160 -4.0000 8.0000 12.0000 -8.0000 4.0000 0.0000 0.3347 0.1891 0.2688 0.2052 0.2614 1.2592 1.7726 3.2851 
20.0000 28.0000 6.0000 -2.0000 0.0000 9.9000 8 -1.0000 1.0000 1.0240 -12.0000 -4.0000 8.0000 -8.0000 4.0000 0.0000 0.2024 0.2895 0.1740 0.3395 0.2545 1.2599 1.8071 3.3190 
20.0000 19.0000 6.0000 -2.0000 1.0000 3.3000 8 -1.0000 1.0000 2.5630 4.0000 -4.0000 -12.0000 0.0000 -8.0000 8.0000 0.2500 0.2500 0.2500 0.2500 0.2500 1.2500 1.7552 3.2424 
20.0000 47.0000 6.0000 2.0000 1.0000 3.3000 8 -1.0000 1.0000 1.8580 -4.0000 4.0000 8.0000 0.0000 12.0000 -8.0000 0.2500 0.2500 0.2500 0.2500 0.2500 1.2500 1.9072 3.3926 
20.0000 24.0000 6.0000 -2.0000 0.0000 -3.3000 2 1.0000 1.0000 1.0460 -8.0000 0.0000 8.0000 -4.0000 4.0000 -12.0000 0.3070 0.2384 0.1711 0.2093 0.3229 1.2487 1.8910 3.3912 
20.0000 29.0000 6.0000 0.0000 1.0000 -9.9000 2 1.0000 1.0000 0.9460 10.0000 -2.0000 -6.0000 2.0000 -10.0000 6.0000 0.2500 0.2500 0.2500 0.2500 0.2500 1.2500 1.8728 3.3758 
20.0000 69.0000 6.0000 4.0000 0.0000 6.6000 8 -1.0000 1.0000 0.6860 2.0000 10.0000 14.0000 -6.0000 6.0000 -2.0000 0.3231 0.1578 0.2110 0.3632 0.1909 1.2460 1.7953 3.2885 
20.0000 30.0000 6.0000 0.0000 1.0000 -6.6000 2 1.0000 1.0000 0.5930 -6.0000 2.0000 10.0000 -2.0000 6.0000 -10.0000 0.2500 0.2500 0.2500 0.2500 0.2500 1.2500 1.9571 3.4592 
20.0000 61.0000 6.0000 4.0000 1.0000 3.3000 8 -1.0000 1.0000 3.1310 -2.0000 10.0000 14.0000 -6.0000 6.0000 2.0000 0.2500 0.2500 0.2500 0.2500 0.2500 1.2500 1.7966 3.2926 
20.0000 56.0000 6.0000 2.0000 0.0000 9.9000 8 -1.0000 1.0000 1.5260 12.0000 4.0000 -4.0000 8.0000 -8.0000 0.0000 0.3227 0.2233 0.1599 0.3808 0.1540 1.2406 1.7895 3.2832 
20.0000 67.0000 6.0000 4.0000 0.0000 0.0000 2 1.0000 0.0000 2.1580 14.0000 6.0000 -6.0000 10.0000 -2.0000 2.0000 0.2726 0.1952 0.3797 0.2309 0.1778 1.2562 1.9364 3.4489 
20.0000 13.0000 6.0000 -4.0000 0.0000 6.6000 2 1.0000 0.0000 3.5270 -14.0000 -2.0000 2.0000 -6.0000 6.0000 -10.0000 0.2454 0.2194 0.3028 0.3335 0.1504 1.2516 1.8416 3.3441 
20.0000 49.0000 6.0000 2.0000 1.0000 9.9000 8 -1.0000 1.0000 0.7320 8.0000 0.0000 -8.0000 4.0000 -4.0000 12.0000 0.2500 0.2500 0.2500 0.2500 0.2500 1.2500 1.9927 3.4925 
20.0000 15.0000 6.0000 -2.0000 1.0000 -9.9000 2 1.0000 1.0000 2.0780 4.0000 -4.0000 -8.0000 0.0000 -12.0000 8.0000 0.2500 0.2500 0.2500 0.2500 0.2500 1.2500 1.7547 3.2426 
20.0000 59.0000 6.0000 4.0000 1.0000 -3.3000 2 1.0000 1.0000 1.4800 6.0000 -2.0000 -6.0000 14.0000 2.0000 10.0000 0.2500 0.2500 0.2500 0.2500 0.2500 1.2500 1.8908 3.3925 
20.0000 10.0000 6.0000 -4.0000 0.0000 -3.3000 8 -1.0000 0.0000 2.9570 -14.0000 -6.0000 6.0000 -10.0000 2.0000 -2.0000 0.2099 0.2786 0.1572 0.3536 0.2484 1.2477 1.9987 3.5069 
20.0000 7.0000 6.0000 -4.0000 1.0000 9.9000 8 -1.0000 1.0000 0.9510 -14.0000 -6.0000 6.0000 -10.0000 2.0000 -2.0000 0.2500 0.2500 0.2500 0.2500 0.2500 1.2500 1.7754 3.2758 
20.0000 16.0000 6.0000 -2.0000 1.0000 -6.6000 8 -1.0000 0.0000 4.2100 4.0000 -4.0000 -12.0000 0.0000 -8.0000 8.0000 0.2500 0.2500 0.2500 0.2500 0.2500 1.2500 1.8503 3.3591 
20.0000 41.0000 6.0000 0.0000 0.0000 6.6000 8 -1.0000 1.0000 0.8180 -6.0000 2.0000 10.0000 -2.0000 6.0000 -10.0000 0.3155 0.1517 0.2500 0.1581 0.3789 1.2542 1.9560 3.4635 
20.0000 2.0000 6.0000 -4.0000 1.0000 -6.6000 2 1.0000 1.0000 1.3880 -14.0000 -6.0000 6.0000 -10.0000 2.0000 -2.0000 0.2500 0.2500 0.2500 0.2500 0.2500 1.2500 1.8043 3.3092 
20.0000 11.0000 6.0000 -4.0000 0.0000 0.0000 2 1.0000 0.0000 3.1670 2.0000 -10.0000 -14.0000 6.0000 -6.0000 -2.0000 0.2847 0.1755 0.3732 0.2625 0.1554 1.2512 1.9724 3.4772 
20.0000 55.0000 6.0000 2.0000 0.0000 6.6000 8 -1.0000 1.0000 0.8220 8.0000 0.0000 -4.0000 4.0000 -8.0000 12.0000 0.1524 0.2658 0.2219 0.3175 0.2848 1.2424 1.9043 3.4016 
