subNo index block mean periodicity testLevel pressedKey answer isCorrect rt s1 s2 s3 s4 s5 s6 t1 t2 t3 t4 t5 seqDuration startInterval trialDuration 
6.0000 33.0000 1.0000 0.0000 1.0000 1.3000 8 -1.0000 1.0000 1.3920 -6.0000 2.0000 6.0000 -2.0000 10.0000 -10.0000 0.2500 0.2500 0.2500 0.2500 0.2500 1.2500 1.9701 3.4759 
6.0000 19.0000 1.0000 -2.0000 1.0000 1.3000 8 -1.0000 1.0000 0.8840 -12.0000 0.0000 4.0000 -4.0000 8.0000 -8.0000 0.2500 0.2500 0.2500 0.2500 0.2500 1.2500 1.7610 3.2591 
6.0000 7.0000 1.0000 -4.0000 1.0000 3.9000 8 -1.0000 1.0000 2.1690 -6.0000 2.0000 6.0000 -14.0000 -2.0000 -10.0000 0.2500 0.2500 0.2500 0.2500 0.2500 1.2500 1.9929 3.4928 
6.0000 18.0000 1.0000 -2.0000 1.0000 0.0000 2 1.0000 0.0000 3.7210 8.0000 0.0000 -12.0000 4.0000 -8.0000 -4.0000 0.2500 0.2500 0.2500 0.2500 0.2500 1.2500 1.8740 3.3760 
6.0000 54.0000 1.0000 2.0000 0.0000 1.3000 8 -1.0000 1.0000 1.1940 -8.0000 4.0000 8.0000 0.0000 12.0000 -4.0000 0.2200 0.1510 0.2884 0.3368 0.2496 1.2458 1.9254 3.4218 
6.0000 35.0000 1.0000 0.0000 1.0000 3.9000 8 -1.0000 1.0000 1.1460 -6.0000 2.0000 10.0000 -2.0000 6.0000 -10.0000 0.2500 0.2500 0.2500 0.2500 0.2500 1.2500 1.8444 3.3426 
6.0000 69.0000 1.0000 4.0000 0.0000 2.6000 8 -1.0000 1.0000 1.3500 -6.0000 6.0000 14.0000 2.0000 10.0000 -2.0000 0.3099 0.2030 0.2940 0.1868 0.2510 1.2448 1.8199 3.3040 
6.0000 23.0000 1.0000 -2.0000 0.0000 -2.6000 2 1.0000 1.0000 1.1410 8.0000 -4.0000 -8.0000 0.0000 -12.0000 4.0000 0.3438 0.3085 0.1530 0.2916 0.1508 1.2476 1.9325 3.4234 
6.0000 53.0000 1.0000 2.0000 0.0000 0.0000 2 1.0000 0.0000 2.7870 12.0000 0.0000 -8.0000 4.0000 -4.0000 8.0000 0.2481 0.3037 0.2764 0.2479 0.1802 1.2563 1.9269 3.4324 
6.0000 20.0000 1.0000 -2.0000 1.0000 2.6000 8 -1.0000 1.0000 1.2130 4.0000 -8.0000 -12.0000 8.0000 -4.0000 0.0000 0.2500 0.2500 0.2500 0.2500 0.2500 1.2500 1.8435 3.3425 
6.0000 66.0000 1.0000 4.0000 0.0000 -1.3000 2 1.0000 1.0000 1.8740 -2.0000 6.0000 14.0000 2.0000 10.0000 -6.0000 0.2558 0.1681 0.2797 0.3670 0.1757 1.2463 1.8569 3.3556 
6.0000 32.0000 1.0000 0.0000 1.0000 0.0000 8 -1.0000 0.0000 2.6030 -6.0000 6.0000 10.0000 -10.0000 2.0000 -2.0000 0.2500 0.2500 0.2500 0.2500 0.2500 1.2500 1.9601 3.4592 
6.0000 11.0000 1.0000 -4.0000 0.0000 0.0000 8 -1.0000 0.0000 1.1670 -2.0000 -10.0000 -14.0000 6.0000 -6.0000 2.0000 0.1593 0.2236 0.3543 0.2721 0.2425 1.2519 1.9243 3.4279 
6.0000 41.0000 1.0000 0.0000 0.0000 2.6000 8 -1.0000 1.0000 1.0840 -10.0000 2.0000 6.0000 -2.0000 10.0000 -6.0000 0.1969 0.2623 0.2002 0.2470 0.3404 1.2469 1.9541 3.4561 
6.0000 45.0000 1.0000 2.0000 1.0000 -1.3000 2 1.0000 1.0000 1.5080 12.0000 0.0000 -4.0000 4.0000 -8.0000 8.0000 0.2500 0.2500 0.2500 0.2500 0.2500 1.2500 1.7692 3.2592 
6.0000 9.0000 1.0000 -4.0000 0.0000 -2.6000 2 1.0000 1.0000 1.2920 2.0000 -10.0000 -14.0000 6.0000 -6.0000 -2.0000 0.1665 0.2808 0.2504 0.3764 0.1749 1.2489 1.7935 3.2915 
6.0000 50.0000 1.0000 2.0000 0.0000 -3.9000 8 -1.0000 0.0000 1.6920 -4.0000 4.0000 12.0000 0.0000 8.0000 -8.0000 0.1608 0.2143 0.2986 0.2227 0.3443 1.2406 1.7510 3.2332 
6.0000 61.0000 1.0000 4.0000 1.0000 1.3000 8 -1.0000 1.0000 1.8440 10.0000 -2.0000 -6.0000 14.0000 2.0000 6.0000 0.2500 0.2500 0.2500 0.2500 0.2500 1.2500 1.9863 3.4761 
6.0000 16.0000 1.0000 -2.0000 1.0000 -2.6000 2 1.0000 1.0000 2.9330 0.0000 -8.0000 -12.0000 8.0000 -4.0000 4.0000 0.2500 0.2500 0.2500 0.2500 0.2500 1.2500 1.9686 3.4759 
6.0000 10.0000 1.0000 -4.0000 0.0000 -1.3000 8 -1.0000 0.0000 1.3570 -10.0000 -2.0000 6.0000 -6.0000 2.0000 -14.0000 0.2858 0.2155 0.1526 0.3525 0.2483 1.2547 1.8426 3.3474 
6.0000 22.0000 1.0000 -2.0000 0.0000 -3.9000 2 1.0000 1.0000 2.2630 -8.0000 0.0000 8.0000 -4.0000 4.0000 -12.0000 0.3570 0.1866 0.1518 0.3680 0.1952 1.2586 1.8097 3.3178 
6.0000 68.0000 1.0000 4.0000 0.0000 1.3000 8 -1.0000 1.0000 1.2070 14.0000 6.0000 -6.0000 10.0000 -2.0000 2.0000 0.2933 0.3575 0.1513 0.1878 0.2536 1.2435 1.9768 3.4694 
6.0000 51.0000 1.0000 2.0000 0.0000 -2.6000 NR 0.0000 0.0000 0.0000 -4.0000 4.0000 12.0000 0.0000 8.0000 -8.0000 0.3829 0.1712 0.2894 0.2249 0.1730 1.2414 1.9547 3.4506 
6.0000 3.0000 1.0000 -4.0000 1.0000 -1.3000 2 1.0000 1.0000 1.8190 -6.0000 2.0000 6.0000 -14.0000 -2.0000 -10.0000 0.2500 0.2500 0.2500 0.2500 0.2500 1.2500 1.8131 3.3093 
6.0000 1.0000 1.0000 -4.0000 1.0000 -3.9000 2 1.0000 1.0000 2.1900 -10.0000 -2.0000 2.0000 -6.0000 6.0000 -14.0000 0.2500 0.2500 0.2500 0.2500 0.2500 1.2500 1.9469 3.4425 
6.0000 70.0000 1.0000 4.0000 0.0000 3.9000 8 -1.0000 1.0000 0.8290 -6.0000 6.0000 14.0000 2.0000 10.0000 -2.0000 0.2387 0.1755 0.3006 0.3747 0.1590 1.2485 1.8613 3.3578 
6.0000 17.0000 1.0000 -2.0000 1.0000 -1.3000 2 1.0000 1.0000 1.5210 -8.0000 0.0000 4.0000 -4.0000 8.0000 -12.0000 0.2500 0.2500 0.2500 0.2500 0.2500 1.2500 1.9407 3.4427 
6.0000 42.0000 1.0000 0.0000 0.0000 3.9000 8 -1.0000 1.0000 1.5210 -6.0000 6.0000 10.0000 -10.0000 2.0000 -2.0000 0.3267 0.2165 0.2890 0.2283 0.1872 1.2476 1.7502 3.2401 
6.0000 60.0000 1.0000 4.0000 1.0000 0.0000 2 1.0000 0.0000 0.9080 -2.0000 10.0000 14.0000 -6.0000 6.0000 2.0000 0.2500 0.2500 0.2500 0.2500 0.2500 1.2500 1.8005 3.3092 
6.0000 29.0000 1.0000 0.0000 1.0000 -3.9000 2 1.0000 1.0000 1.2420 6.0000 -2.0000 -6.0000 2.0000 -10.0000 10.0000 0.2500 0.2500 0.2500 0.2500 0.2500 1.2500 1.8043 3.3092 
6.0000 56.0000 1.0000 2.0000 0.0000 3.9000 8 -1.0000 1.0000 0.9630 -8.0000 0.0000 12.0000 -4.0000 8.0000 4.0000 0.1536 0.1832 0.3372 0.3809 0.2000 1.2549 1.9860 3.4975 
6.0000 13.0000 1.0000 -4.0000 0.0000 2.6000 8 -1.0000 1.0000 1.8340 2.0000 -6.0000 -14.0000 -2.0000 -10.0000 6.0000 0.2877 0.3137 0.2232 0.1972 0.2224 1.2442 1.8701 3.3701 
6.0000 8.0000 1.0000 -4.0000 0.0000 -3.9000 2 1.0000 1.0000 0.7760 -2.0000 -10.0000 -14.0000 6.0000 -6.0000 2.0000 0.1539 0.2300 0.1565 0.3200 0.3887 1.2491 1.8889 3.3916 
6.0000 52.0000 1.0000 2.0000 0.0000 -1.3000 2 1.0000 1.0000 2.4650 8.0000 -4.0000 -8.0000 12.0000 0.0000 4.0000 0.3423 0.2538 0.1514 0.1987 0.3090 1.2551 1.7963 3.2976 
6.0000 30.0000 1.0000 0.0000 1.0000 -2.6000 8 -1.0000 0.0000 3.5770 10.0000 -2.0000 -10.0000 2.0000 -6.0000 6.0000 0.2500 0.2500 0.2500 0.2500 0.2500 1.2500 1.8074 3.3093 
6.0000 36.0000 1.0000 0.0000 0.0000 -3.9000 8 -1.0000 0.0000 4.0470 -10.0000 2.0000 6.0000 -2.0000 10.0000 -6.0000 0.3711 0.1806 0.2456 0.2932 0.1684 1.2588 1.9226 3.4346 
6.0000 64.0000 1.0000 4.0000 0.0000 -3.9000 2 1.0000 1.0000 1.2680 14.0000 2.0000 -2.0000 6.0000 -6.0000 10.0000 0.2240 0.2704 0.2216 0.3222 0.2050 1.2432 1.8397 3.3357 
6.0000 43.0000 1.0000 2.0000 1.0000 -3.9000 2 1.0000 1.0000 1.3290 4.0000 -4.0000 -8.0000 12.0000 0.0000 8.0000 0.2500 0.2500 0.2500 0.2500 0.2500 1.2500 1.8530 3.3425 
6.0000 14.0000 1.0000 -4.0000 0.0000 3.9000 8 -1.0000 1.0000 0.9680 -14.0000 -6.0000 6.0000 -10.0000 2.0000 -2.0000 0.2164 0.2492 0.3128 0.1662 0.2995 1.2441 1.9832 3.4867 
6.0000 21.0000 1.0000 -2.0000 1.0000 3.9000 8 -1.0000 1.0000 0.8480 -8.0000 4.0000 8.0000 -12.0000 0.0000 -4.0000 0.2500 0.2500 0.2500 0.2500 0.2500 1.2500 1.8602 3.3591 
6.0000 46.0000 1.0000 2.0000 1.0000 0.0000 8 -1.0000 0.0000 1.8410 -8.0000 4.0000 8.0000 0.0000 12.0000 -4.0000 0.2500 0.2500 0.2500 0.2500 0.2500 1.2500 1.7778 3.2758 
6.0000 55.0000 1.0000 2.0000 0.0000 2.6000 8 -1.0000 1.0000 1.1360 -4.0000 8.0000 12.0000 -8.0000 4.0000 0.0000 0.2144 0.3964 0.2328 0.2615 0.1512 1.2562 1.8235 3.3322 
6.0000 6.0000 1.0000 -4.0000 1.0000 2.6000 8 -1.0000 1.0000 1.6220 -14.0000 -2.0000 2.0000 -6.0000 6.0000 -10.0000 0.2500 0.2500 0.2500 0.2500 0.2500 1.2500 1.9533 3.4591 
6.0000 27.0000 1.0000 -2.0000 0.0000 2.6000 8 -1.0000 1.0000 1.3930 4.0000 -4.0000 -8.0000 0.0000 -12.0000 8.0000 0.3060 0.1756 0.2152 0.1668 0.3885 1.2521 1.9339 3.4447 
6.0000 31.0000 1.0000 0.0000 1.0000 -1.3000 2 1.0000 1.0000 3.5950 -10.0000 -2.0000 6.0000 -6.0000 10.0000 2.0000 0.2500 0.2500 0.2500 0.2500 0.2500 1.2500 1.8477 3.3425 
6.0000 48.0000 1.0000 2.0000 1.0000 2.6000 8 -1.0000 1.0000 1.1160 0.0000 8.0000 12.0000 -8.0000 4.0000 -4.0000 0.2500 0.2500 0.2500 0.2500 0.2500 1.2500 1.7805 3.2758 
6.0000 63.0000 1.0000 4.0000 1.0000 3.9000 8 -1.0000 1.0000 1.2310 14.0000 6.0000 -2.0000 10.0000 -6.0000 2.0000 0.2500 0.2500 0.2500 0.2500 0.2500 1.2500 1.9193 3.4092 
6.0000 58.0000 1.0000 4.0000 1.0000 -2.6000 2 1.0000 1.0000 1.6380 10.0000 2.0000 -6.0000 6.0000 -2.0000 14.0000 0.2500 0.2500 0.2500 0.2500 0.2500 1.2500 1.7942 3.2926 
6.0000 25.0000 1.0000 -2.0000 0.0000 0.0000 NR 0.0000 0.0000 0.0000 4.0000 -4.0000 -8.0000 0.0000 -12.0000 8.0000 0.2936 0.3206 0.1632 0.2663 0.2126 1.2564 1.7777 3.2823 
6.0000 37.0000 1.0000 0.0000 0.0000 -2.6000 2 1.0000 1.0000 3.0880 -10.0000 -2.0000 6.0000 -6.0000 10.0000 2.0000 0.3538 0.3088 0.1927 0.2278 0.1693 1.2525 1.9994 3.5117 
6.0000 67.0000 1.0000 4.0000 0.0000 0.0000 8 -1.0000 0.0000 1.6680 6.0000 -2.0000 -6.0000 14.0000 2.0000 10.0000 0.1538 0.3339 0.2137 0.2425 0.2979 1.2418 1.8053 3.3010 
6.0000 24.0000 1.0000 -2.0000 0.0000 -1.3000 8 -1.0000 0.0000 1.5200 -8.0000 0.0000 8.0000 -4.0000 4.0000 -12.0000 0.1679 0.2644 0.1638 0.3569 0.2930 1.2460 1.8852 3.3887 
6.0000 39.0000 1.0000 0.0000 0.0000 0.0000 8 -1.0000 0.0000 2.7830 10.0000 2.0000 -6.0000 6.0000 -10.0000 -2.0000 0.1565 0.2825 0.1646 0.3442 0.2970 1.2448 1.7628 3.2541 
6.0000 34.0000 1.0000 0.0000 1.0000 2.6000 8 -1.0000 1.0000 1.0200 10.0000 2.0000 -6.0000 6.0000 -10.0000 -2.0000 0.2500 0.2500 0.2500 0.2500 0.2500 1.2500 1.8927 3.3926 
6.0000 26.0000 1.0000 -2.0000 0.0000 1.3000 2 1.0000 0.0000 2.4490 4.0000 -4.0000 -8.0000 0.0000 -12.0000 8.0000 0.2332 0.3091 0.2053 0.2832 0.2163 1.2472 1.9629 3.4565 
6.0000 62.0000 1.0000 4.0000 1.0000 2.6000 8 -1.0000 1.0000 1.5430 14.0000 6.0000 -2.0000 10.0000 -6.0000 2.0000 0.2500 0.2500 0.2500 0.2500 0.2500 1.2500 1.8638 3.3592 
6.0000 38.0000 1.0000 0.0000 0.0000 -1.3000 8 -1.0000 0.0000 4.3460 -6.0000 6.0000 10.0000 -10.0000 2.0000 -2.0000 0.1754 0.2157 0.3454 0.1938 0.3285 1.2588 1.7996 3.3014 
6.0000 57.0000 1.0000 4.0000 1.0000 -3.9000 2 1.0000 1.0000 0.8140 14.0000 2.0000 -6.0000 6.0000 -2.0000 10.0000 0.2500 0.2500 0.2500 0.2500 0.2500 1.2500 1.7862 3.2758 
6.0000 49.0000 1.0000 2.0000 1.0000 3.9000 8 -1.0000 1.0000 1.1050 -8.0000 0.0000 8.0000 -4.0000 12.0000 4.0000 0.2500 0.2500 0.2500 0.2500 0.2500 1.2500 1.9917 3.4925 
6.0000 47.0000 1.0000 2.0000 1.0000 1.3000 8 -1.0000 1.0000 0.8390 8.0000 0.0000 -4.0000 4.0000 -8.0000 12.0000 0.2500 0.2500 0.2500 0.2500 0.2500 1.2500 1.9200 3.4260 
6.0000 59.0000 1.0000 4.0000 1.0000 -1.3000 8 -1.0000 0.0000 1.1340 -6.0000 6.0000 14.0000 2.0000 10.0000 -2.0000 0.2500 0.2500 0.2500 0.2500 0.2500 1.2500 1.8596 3.3593 
6.0000 65.0000 1.0000 4.0000 0.0000 -2.6000 2 1.0000 1.0000 3.1990 -6.0000 6.0000 14.0000 2.0000 10.0000 -2.0000 0.1917 0.2862 0.3215 0.2864 0.1603 1.2462 1.8712 3.3721 
6.0000 4.0000 1.0000 -4.0000 1.0000 0.0000 8 -1.0000 0.0000 0.9330 -6.0000 2.0000 6.0000 -14.0000 -2.0000 -10.0000 0.2500 0.2500 0.2500 0.2500 0.2500 1.2500 1.9019 3.4091 
6.0000 15.0000 1.0000 -2.0000 1.0000 -3.9000 2 1.0000 1.0000 1.7860 -8.0000 4.0000 8.0000 -12.0000 0.0000 -4.0000 0.2500 0.2500 0.2500 0.2500 0.2500 1.2500 1.9943 3.4927 
6.0000 44.0000 1.0000 2.0000 1.0000 -2.6000 8 -1.0000 0.0000 2.4420 -4.0000 4.0000 12.0000 0.0000 8.0000 -8.0000 0.2500 0.2500 0.2500 0.2500 0.2500 1.2500 1.8131 3.3091 
6.0000 12.0000 1.0000 -4.0000 0.0000 1.3000 8 -1.0000 1.0000 3.7330 -10.0000 2.0000 6.0000 -14.0000 -2.0000 -6.0000 0.1819 0.2957 0.2280 0.3433 0.2019 1.2507 1.9539 3.4598 
6.0000 5.0000 1.0000 -4.0000 1.0000 1.3000 8 -1.0000 1.0000 3.4850 2.0000 -6.0000 -14.0000 -2.0000 -10.0000 6.0000 0.2500 0.2500 0.2500 0.2500 0.2500 1.2500 1.9213 3.4092 
6.0000 2.0000 1.0000 -4.0000 1.0000 -2.6000 2 1.0000 1.0000 1.0500 -10.0000 2.0000 6.0000 -14.0000 -2.0000 -6.0000 0.2500 0.2500 0.2500 0.2500 0.2500 1.2500 1.7733 3.2592 
6.0000 40.0000 1.0000 0.0000 0.0000 1.3000 8 -1.0000 1.0000 2.9720 -10.0000 -2.0000 10.0000 -6.0000 6.0000 2.0000 0.2144 0.2751 0.1924 0.2460 0.3270 1.2549 1.7603 3.2808 
6.0000 28.0000 1.0000 -2.0000 0.0000 3.9000 8 -1.0000 1.0000 0.7570 -12.0000 0.0000 8.0000 -4.0000 4.0000 -8.0000 0.3203 0.1587 0.2937 0.1939 0.2750 1.2416 1.7957 3.3007 
6.0000 25.0000 2.0000 -2.0000 0.0000 0.0000 8 -1.0000 0.0000 1.6780 -8.0000 4.0000 8.0000 -12.0000 0.0000 -4.0000 0.2297 0.1568 0.2608 0.3636 0.2407 1.2516 1.8683 3.3774 
6.0000 39.0000 2.0000 0.0000 0.0000 0.0000 2 1.0000 0.0000 1.4650 10.0000 2.0000 -10.0000 6.0000 -6.0000 -2.0000 0.3297 0.2671 0.1673 0.2197 0.2647 1.2485 1.8768 3.3744 
6.0000 56.0000 2.0000 2.0000 0.0000 3.9000 8 -1.0000 1.0000 0.9280 12.0000 0.0000 -8.0000 4.0000 -4.0000 8.0000 0.2233 0.3870 0.3082 0.1500 0.1782 1.2468 1.7899 3.2892 
6.0000 6.0000 2.0000 -4.0000 1.0000 2.6000 8 -1.0000 1.0000 1.0990 -6.0000 2.0000 6.0000 -14.0000 -2.0000 -10.0000 0.2500 0.2500 0.2500 0.2500 0.2500 1.2500 1.8636 3.3593 
6.0000 14.0000 2.0000 -4.0000 0.0000 3.9000 8 -1.0000 1.0000 1.1250 6.0000 -6.0000 -14.0000 -2.0000 -10.0000 2.0000 0.2727 0.2096 0.2625 0.3299 0.1667 1.2414 1.9064 3.4006 
6.0000 36.0000 2.0000 0.0000 0.0000 -3.9000 2 1.0000 1.0000 1.2750 -10.0000 2.0000 10.0000 -2.0000 6.0000 -6.0000 0.1994 0.2835 0.3267 0.1750 0.2555 1.2401 1.9977 3.4826 
6.0000 28.0000 2.0000 -2.0000 0.0000 3.9000 8 -1.0000 1.0000 1.6320 0.0000 -8.0000 -12.0000 8.0000 -4.0000 4.0000 0.1711 0.2056 0.3241 0.1891 0.3675 1.2573 1.8701 3.3666 
6.0000 50.0000 2.0000 2.0000 0.0000 -3.9000 8 -1.0000 0.0000 2.0970 4.0000 -4.0000 -8.0000 12.0000 0.0000 8.0000 0.3012 0.1847 0.3241 0.2495 0.1969 1.2564 1.7733 3.2822 
6.0000 67.0000 2.0000 4.0000 0.0000 0.0000 8 -1.0000 0.0000 1.1600 -2.0000 6.0000 14.0000 2.0000 10.0000 -6.0000 0.1935 0.2454 0.1851 0.2570 0.3635 1.2445 1.8706 3.3537 
6.0000 57.0000 2.0000 4.0000 1.0000 -3.9000 2 1.0000 1.0000 1.4260 14.0000 6.0000 -6.0000 10.0000 -2.0000 2.0000 0.2500 0.2500 0.2500 0.2500 0.2500 1.2500 1.8209 3.3259 
6.0000 27.0000 2.0000 -2.0000 0.0000 2.6000 8 -1.0000 1.0000 2.3940 4.0000 -4.0000 -12.0000 0.0000 -8.0000 8.0000 0.2792 0.3503 0.1831 0.2797 0.1655 1.2577 1.9288 3.4505 
6.0000 10.0000 2.0000 -4.0000 0.0000 -1.3000 8 -1.0000 0.0000 3.5920 -6.0000 2.0000 6.0000 -14.0000 -2.0000 -10.0000 0.3023 0.1946 0.2272 0.1620 0.3552 1.2413 1.8789 3.3839 
6.0000 54.0000 2.0000 2.0000 0.0000 1.3000 8 -1.0000 1.0000 1.0350 12.0000 0.0000 -8.0000 4.0000 -4.0000 8.0000 0.3092 0.1918 0.2277 0.3304 0.1900 1.2491 1.9440 3.4416 
6.0000 64.0000 2.0000 4.0000 0.0000 -3.9000 2 1.0000 1.0000 1.1270 -6.0000 2.0000 14.0000 -2.0000 10.0000 6.0000 0.2060 0.1696 0.2973 0.1877 0.3954 1.2559 1.9518 3.4652 
6.0000 11.0000 2.0000 -4.0000 0.0000 0.0000 8 -1.0000 0.0000 2.4720 -14.0000 -2.0000 2.0000 -6.0000 6.0000 -10.0000 0.1723 0.3439 0.2883 0.1895 0.2657 1.2598 1.8301 3.3357 
6.0000 13.0000 2.0000 -4.0000 0.0000 2.6000 8 -1.0000 1.0000 0.9630 2.0000 -6.0000 -10.0000 -2.0000 -14.0000 6.0000 0.3429 0.2341 0.1963 0.1654 0.3182 1.2570 1.9486 3.4496 
6.0000 24.0000 2.0000 -2.0000 0.0000 -1.3000 8 -1.0000 0.0000 0.6870 -8.0000 4.0000 8.0000 -12.0000 0.0000 -4.0000 0.2478 0.2165 0.3337 0.2918 0.1545 1.2444 1.9886 3.4870 
6.0000 47.0000 2.0000 2.0000 1.0000 1.3000 8 -1.0000 1.0000 0.8470 -4.0000 4.0000 12.0000 0.0000 8.0000 -8.0000 0.2500 0.2500 0.2500 0.2500 0.2500 1.2500 1.9095 3.4091 
6.0000 70.0000 2.0000 4.0000 0.0000 3.9000 8 -1.0000 1.0000 1.5250 14.0000 6.0000 -6.0000 10.0000 -2.0000 2.0000 0.2727 0.1565 0.2080 0.2548 0.3586 1.2506 1.8796 3.3765 
6.0000 33.0000 2.0000 0.0000 1.0000 1.3000 2 1.0000 0.0000 0.9960 6.0000 -2.0000 -6.0000 2.0000 -10.0000 10.0000 0.2500 0.2500 0.2500 0.2500 0.2500 1.2500 1.7960 3.2925 
6.0000 30.0000 2.0000 0.0000 1.0000 -2.6000 2 1.0000 1.0000 1.3690 -10.0000 2.0000 10.0000 -2.0000 6.0000 -6.0000 0.2500 0.2500 0.2500 0.2500 0.2500 1.2500 1.8833 3.3926 
6.0000 15.0000 2.0000 -2.0000 1.0000 -3.9000 2 1.0000 1.0000 1.0420 4.0000 -4.0000 -12.0000 0.0000 -8.0000 8.0000 0.2500 0.2500 0.2500 0.2500 0.2500 1.2500 1.8107 3.3092 
6.0000 53.0000 2.0000 2.0000 0.0000 0.0000 8 -1.0000 0.0000 1.8980 0.0000 8.0000 12.0000 -8.0000 4.0000 -4.0000 0.2373 0.1975 0.3348 0.1783 0.3087 1.2565 1.9872 3.4992 
6.0000 16.0000 2.0000 -2.0000 1.0000 -2.6000 8 -1.0000 0.0000 0.8050 -8.0000 0.0000 4.0000 -4.0000 8.0000 -12.0000 0.2500 0.2500 0.2500 0.2500 0.2500 1.2500 1.8692 3.3758 
6.0000 3.0000 2.0000 -4.0000 1.0000 -1.3000 2 1.0000 1.0000 1.8200 6.0000 -6.0000 -10.0000 -2.0000 -14.0000 2.0000 0.2500 0.2500 0.2500 0.2500 0.2500 1.2500 1.8820 3.3925 
6.0000 2.0000 2.0000 -4.0000 1.0000 -2.6000 2 1.0000 1.0000 2.6040 2.0000 -6.0000 -10.0000 -2.0000 -14.0000 6.0000 0.2500 0.2500 0.2500 0.2500 0.2500 1.2500 1.8319 3.3258 
6.0000 44.0000 2.0000 2.0000 1.0000 -2.6000 2 1.0000 1.0000 2.3140 -4.0000 4.0000 12.0000 0.0000 8.0000 -8.0000 0.2500 0.2500 0.2500 0.2500 0.2500 1.2500 1.8762 3.3758 
6.0000 63.0000 2.0000 4.0000 1.0000 3.9000 8 -1.0000 1.0000 2.2040 14.0000 2.0000 -2.0000 6.0000 -6.0000 10.0000 0.2500 0.2500 0.2500 0.2500 0.2500 1.2500 1.9130 3.4094 
6.0000 58.0000 2.0000 4.0000 1.0000 -2.6000 2 1.0000 1.0000 3.9250 -6.0000 6.0000 10.0000 2.0000 14.0000 -2.0000 0.2500 0.2500 0.2500 0.2500 0.2500 1.2500 1.9578 3.4594 
6.0000 17.0000 2.0000 -2.0000 1.0000 -1.3000 2 1.0000 1.0000 3.2520 4.0000 -4.0000 -12.0000 0.0000 -8.0000 8.0000 0.2500 0.2500 0.2500 0.2500 0.2500 1.2500 1.9674 3.4593 
6.0000 49.0000 2.0000 2.0000 1.0000 3.9000 8 -1.0000 1.0000 1.2120 12.0000 0.0000 -4.0000 4.0000 -8.0000 8.0000 0.2500 0.2500 0.2500 0.2500 0.2500 1.2500 1.7582 3.2592 
6.0000 19.0000 2.0000 -2.0000 1.0000 1.3000 8 -1.0000 1.0000 1.1960 4.0000 -8.0000 -12.0000 8.0000 -4.0000 0.0000 0.2500 0.2500 0.2500 0.2500 0.2500 1.2500 1.7979 3.3092 
6.0000 7.0000 2.0000 -4.0000 1.0000 3.9000 8 -1.0000 1.0000 0.9990 -2.0000 -10.0000 -14.0000 6.0000 -6.0000 2.0000 0.2500 0.2500 0.2500 0.2500 0.2500 1.2500 1.7967 3.3091 
6.0000 37.0000 2.0000 0.0000 0.0000 -2.6000 2 1.0000 1.0000 1.2590 6.0000 -2.0000 -6.0000 2.0000 -10.0000 10.0000 0.1712 0.2123 0.2973 0.2681 0.2954 1.2442 1.9057 3.4036 
6.0000 20.0000 2.0000 -2.0000 1.0000 2.6000 2 1.0000 0.0000 4.7740 -12.0000 0.0000 4.0000 -4.0000 8.0000 -8.0000 0.2500 0.2500 0.2500 0.2500 0.2500 1.2500 1.9081 3.4093 
6.0000 52.0000 2.0000 2.0000 0.0000 -1.3000 8 -1.0000 0.0000 2.0970 -8.0000 0.0000 8.0000 -4.0000 12.0000 4.0000 0.1925 0.3814 0.2192 0.2710 0.1922 1.2563 1.7620 3.2655 
6.0000 46.0000 2.0000 2.0000 1.0000 0.0000 8 -1.0000 0.0000 1.4150 -8.0000 0.0000 8.0000 -4.0000 12.0000 4.0000 0.2500 0.2500 0.2500 0.2500 0.2500 1.2500 1.7971 3.2925 
6.0000 38.0000 2.0000 0.0000 0.0000 -1.3000 2 1.0000 1.0000 1.2790 -10.0000 2.0000 6.0000 -2.0000 10.0000 -6.0000 0.2129 0.3190 0.2378 0.2037 0.2825 1.2559 1.8431 3.3484 
6.0000 35.0000 2.0000 0.0000 1.0000 3.9000 8 -1.0000 1.0000 2.5510 2.0000 -6.0000 -10.0000 10.0000 -2.0000 6.0000 0.2500 0.2500 0.2500 0.2500 0.2500 1.2500 1.7951 3.2925 
6.0000 48.0000 2.0000 2.0000 1.0000 2.6000 8 -1.0000 1.0000 3.1110 12.0000 0.0000 -8.0000 4.0000 -4.0000 8.0000 0.2500 0.2500 0.2500 0.2500 0.2500 1.2500 1.8443 3.3426 
6.0000 32.0000 2.0000 0.0000 1.0000 0.0000 8 -1.0000 0.0000 0.8720 -10.0000 2.0000 10.0000 -2.0000 6.0000 -6.0000 0.2500 0.2500 0.2500 0.2500 0.2500 1.2500 1.8838 3.3925 
6.0000 12.0000 2.0000 -4.0000 0.0000 1.3000 8 -1.0000 1.0000 1.5110 -10.0000 -2.0000 2.0000 -6.0000 6.0000 -14.0000 0.1546 0.2851 0.3617 0.2749 0.1781 1.2544 1.7900 3.2970 
6.0000 68.0000 2.0000 4.0000 0.0000 1.3000 2 1.0000 0.0000 2.8070 -6.0000 2.0000 10.0000 -2.0000 14.0000 6.0000 0.2480 0.2838 0.2421 0.2805 0.2004 1.2548 1.8799 3.3973 
6.0000 65.0000 2.0000 4.0000 0.0000 -2.6000 NR 0.0000 0.0000 0.0000 -2.0000 10.0000 14.0000 -6.0000 6.0000 2.0000 0.2365 0.1699 0.3408 0.3069 0.1881 1.2422 1.8992 3.4013 
6.0000 4.0000 2.0000 -4.0000 1.0000 0.0000 8 -1.0000 0.0000 1.9230 6.0000 -2.0000 -10.0000 2.0000 -14.0000 -6.0000 0.2500 0.2500 0.2500 0.2500 0.2500 1.2500 1.8824 3.3760 
6.0000 34.0000 2.0000 0.0000 1.0000 2.6000 2 1.0000 0.0000 1.8790 -10.0000 -2.0000 6.0000 -6.0000 10.0000 2.0000 0.2500 0.2500 0.2500 0.2500 0.2500 1.2500 1.7594 3.2591 
6.0000 8.0000 2.0000 -4.0000 0.0000 -3.9000 2 1.0000 1.0000 1.4240 -14.0000 -2.0000 2.0000 -6.0000 6.0000 -10.0000 0.2278 0.2811 0.1730 0.3765 0.1849 1.2432 1.9946 3.4859 
6.0000 62.0000 2.0000 4.0000 1.0000 2.6000 2 1.0000 0.0000 2.2210 6.0000 -2.0000 -6.0000 14.0000 2.0000 10.0000 0.2500 0.2500 0.2500 0.2500 0.2500 1.2500 1.8800 3.3758 
6.0000 69.0000 2.0000 4.0000 0.0000 2.6000 2 1.0000 0.0000 1.5390 10.0000 -2.0000 -6.0000 14.0000 2.0000 6.0000 0.3490 0.1901 0.3362 0.1520 0.2230 1.2503 1.8732 3.3594 
6.0000 9.0000 2.0000 -4.0000 0.0000 -2.6000 2 1.0000 1.0000 2.6440 -2.0000 -10.0000 -14.0000 6.0000 -6.0000 2.0000 0.2502 0.1934 0.2854 0.3646 0.1634 1.2570 1.8792 3.3829 
6.0000 45.0000 2.0000 2.0000 1.0000 -1.3000 8 -1.0000 0.0000 4.0350 -4.0000 8.0000 12.0000 -8.0000 4.0000 0.0000 0.2500 0.2500 0.2500 0.2500 0.2500 1.2500 1.8220 3.3259 
6.0000 59.0000 2.0000 4.0000 1.0000 -1.3000 2 1.0000 1.0000 1.1750 10.0000 2.0000 -2.0000 6.0000 -6.0000 14.0000 0.2500 0.2500 0.2500 0.2500 0.2500 1.2500 1.8302 3.3426 
6.0000 23.0000 2.0000 -2.0000 0.0000 -2.6000 2 1.0000 1.0000 1.6900 8.0000 -4.0000 -12.0000 0.0000 -8.0000 4.0000 0.2315 0.2917 0.1520 0.3582 0.2091 1.2425 1.9747 3.4683 
6.0000 1.0000 2.0000 -4.0000 1.0000 -3.9000 2 1.0000 1.0000 0.7740 6.0000 -2.0000 -10.0000 2.0000 -14.0000 -6.0000 0.2500 0.2500 0.2500 0.2500 0.2500 1.2500 1.8627 3.3592 
6.0000 22.0000 2.0000 -2.0000 0.0000 -3.9000 2 1.0000 1.0000 1.6520 8.0000 0.0000 -8.0000 4.0000 -12.0000 -4.0000 0.1861 0.2145 0.3501 0.2088 0.2881 1.2476 1.9360 3.4403 
6.0000 55.0000 2.0000 2.0000 0.0000 2.6000 8 -1.0000 1.0000 1.1570 8.0000 0.0000 -4.0000 4.0000 -8.0000 12.0000 0.1955 0.2423 0.2842 0.2426 0.2941 1.2587 1.9804 3.4847 
6.0000 42.0000 2.0000 0.0000 0.0000 3.9000 8 -1.0000 1.0000 2.8540 2.0000 -6.0000 -10.0000 10.0000 -2.0000 6.0000 0.2421 0.1935 0.2615 0.3892 0.1699 1.2561 1.8900 3.3987 
6.0000 61.0000 2.0000 4.0000 1.0000 1.3000 8 -1.0000 1.0000 1.2160 14.0000 2.0000 -2.0000 6.0000 -6.0000 10.0000 0.2500 0.2500 0.2500 0.2500 0.2500 1.2500 1.9266 3.4260 
6.0000 18.0000 2.0000 -2.0000 1.0000 0.0000 8 -1.0000 0.0000 2.4000 0.0000 -8.0000 -12.0000 8.0000 -4.0000 4.0000 0.2500 0.2500 0.2500 0.2500 0.2500 1.2500 1.8443 3.3425 
6.0000 66.0000 2.0000 4.0000 0.0000 -1.3000 8 -1.0000 0.0000 2.9850 14.0000 6.0000 -2.0000 10.0000 -6.0000 2.0000 0.2138 0.3114 0.2010 0.3012 0.2226 1.2500 1.9693 3.4593 
6.0000 40.0000 2.0000 0.0000 0.0000 1.3000 2 1.0000 0.0000 1.1860 10.0000 -2.0000 -6.0000 2.0000 -10.0000 6.0000 0.2443 0.2873 0.3135 0.2313 0.1798 1.2563 1.7937 3.3156 
6.0000 51.0000 2.0000 2.0000 0.0000 -2.6000 8 -1.0000 0.0000 3.2290 -8.0000 0.0000 12.0000 -4.0000 8.0000 4.0000 0.2254 0.1928 0.2559 0.3660 0.2174 1.2575 1.9886 3.5001 
6.0000 29.0000 2.0000 0.0000 1.0000 -3.9000 2 1.0000 1.0000 2.3270 6.0000 -2.0000 -10.0000 2.0000 -6.0000 10.0000 0.2500 0.2500 0.2500 0.2500 0.2500 1.2500 1.9200 3.4260 
6.0000 26.0000 2.0000 -2.0000 0.0000 1.3000 8 -1.0000 1.0000 1.1550 -8.0000 0.0000 8.0000 -4.0000 4.0000 -12.0000 0.3495 0.2748 0.2246 0.1676 0.2425 1.2590 1.9754 3.4849 
6.0000 41.0000 2.0000 0.0000 0.0000 2.6000 8 -1.0000 1.0000 1.2560 6.0000 -2.0000 -10.0000 2.0000 -6.0000 10.0000 0.2579 0.1894 0.2724 0.3387 0.1826 1.2410 1.7575 3.2502 
6.0000 21.0000 2.0000 -2.0000 1.0000 3.9000 8 -1.0000 1.0000 0.9920 8.0000 0.0000 -12.0000 4.0000 -8.0000 -4.0000 0.2500 0.2500 0.2500 0.2500 0.2500 1.2500 1.8505 3.3426 
6.0000 5.0000 2.0000 -4.0000 1.0000 1.3000 8 -1.0000 1.0000 1.0140 2.0000 -6.0000 -10.0000 -2.0000 -14.0000 6.0000 0.2500 0.2500 0.2500 0.2500 0.2500 1.2500 1.8966 3.3926 
6.0000 60.0000 2.0000 4.0000 1.0000 0.0000 8 -1.0000 0.0000 1.2400 -6.0000 6.0000 10.0000 2.0000 14.0000 -2.0000 0.2500 0.2500 0.2500 0.2500 0.2500 1.2500 1.9779 3.4760 
6.0000 31.0000 2.0000 0.0000 1.0000 -1.3000 NR 0.0000 0.0000 0.0000 -6.0000 6.0000 10.0000 -10.0000 2.0000 -2.0000 0.2500 0.2500 0.2500 0.2500 0.2500 1.2500 1.9477 3.4425 
6.0000 43.0000 2.0000 2.0000 1.0000 -3.9000 2 1.0000 1.0000 1.1660 8.0000 0.0000 -4.0000 4.0000 -8.0000 12.0000 0.2500 0.2500 0.2500 0.2500 0.2500 1.2500 1.7922 3.2924 
6.0000 52.0000 3.0000 2.0000 0.0000 -1.3000 2 1.0000 1.0000 1.9840 4.0000 -4.0000 -8.0000 12.0000 0.0000 8.0000 0.2105 0.1625 0.2899 0.2362 0.3521 1.2512 1.7844 3.2938 
6.0000 47.0000 3.0000 2.0000 1.0000 1.3000 8 -1.0000 1.0000 0.7570 -8.0000 4.0000 8.0000 0.0000 12.0000 -4.0000 0.2500 0.2500 0.2500 0.2500 0.2500 1.2500 1.9805 3.4759 
6.0000 13.0000 3.0000 -4.0000 0.0000 2.6000 8 -1.0000 1.0000 1.2760 -10.0000 -2.0000 6.0000 -6.0000 2.0000 -14.0000 0.2525 0.3427 0.2318 0.1823 0.2404 1.2497 1.9468 3.4422 
6.0000 66.0000 3.0000 4.0000 0.0000 -1.3000 2 1.0000 1.0000 1.0260 10.0000 2.0000 -6.0000 6.0000 -2.0000 14.0000 0.3200 0.2015 0.2576 0.2051 0.2633 1.2475 1.7903 3.2900 
6.0000 20.0000 3.0000 -2.0000 1.0000 2.6000 8 -1.0000 1.0000 1.7530 -8.0000 4.0000 8.0000 -12.0000 0.0000 -4.0000 0.2500 0.2500 0.2500 0.2500 0.2500 1.2500 1.8650 3.3592 
6.0000 26.0000 3.0000 -2.0000 0.0000 1.3000 8 -1.0000 1.0000 1.0630 -12.0000 0.0000 8.0000 -4.0000 4.0000 -8.0000 0.1789 0.3525 0.2915 0.1972 0.2374 1.2575 1.7552 3.2500 
6.0000 68.0000 3.0000 4.0000 0.0000 1.3000 2 1.0000 0.0000 2.5390 14.0000 2.0000 -2.0000 6.0000 -6.0000 10.0000 0.1521 0.2818 0.3194 0.2835 0.2129 1.2497 1.9121 3.4089 
6.0000 10.0000 3.0000 -4.0000 0.0000 -1.3000 2 1.0000 1.0000 1.2070 2.0000 -6.0000 -14.0000 -2.0000 -10.0000 6.0000 0.3079 0.2826 0.1774 0.2527 0.2228 1.2434 1.9832 3.4694 
6.0000 64.0000 3.0000 4.0000 0.0000 -3.9000 2 1.0000 1.0000 2.0260 10.0000 2.0000 -6.0000 6.0000 -2.0000 14.0000 0.1844 0.2989 0.3322 0.2414 0.2004 1.2574 1.7681 3.2831 
6.0000 22.0000 3.0000 -2.0000 0.0000 -3.9000 2 1.0000 1.0000 1.0820 8.0000 -4.0000 -8.0000 0.0000 -12.0000 4.0000 0.1820 0.2426 0.3060 0.2212 0.2918 1.2436 1.9757 3.4697 
6.0000 49.0000 3.0000 2.0000 1.0000 3.9000 8 -1.0000 1.0000 0.9130 8.0000 0.0000 -8.0000 4.0000 -4.0000 12.0000 0.2500 0.2500 0.2500 0.2500 0.2500 1.2500 1.8254 3.3259 
6.0000 67.0000 3.0000 4.0000 0.0000 0.0000 8 -1.0000 0.0000 2.7620 2.0000 10.0000 14.0000 -6.0000 6.0000 -2.0000 0.2277 0.3820 0.2073 0.1501 0.2745 1.2415 1.9412 3.4340 
6.0000 28.0000 3.0000 -2.0000 0.0000 3.9000 8 -1.0000 1.0000 1.0100 -8.0000 4.0000 8.0000 -12.0000 0.0000 -4.0000 0.3066 0.1808 0.2361 0.3377 0.1861 1.2473 1.8508 3.3566 
6.0000 25.0000 3.0000 -2.0000 0.0000 0.0000 8 -1.0000 0.0000 1.9400 4.0000 -8.0000 -12.0000 8.0000 -4.0000 0.0000 0.1940 0.2293 0.3895 0.1510 0.2766 1.2405 1.9523 3.4497 
6.0000 65.0000 3.0000 4.0000 0.0000 -2.6000 8 -1.0000 0.0000 1.4490 -2.0000 6.0000 10.0000 2.0000 14.0000 -6.0000 0.2568 0.1900 0.3031 0.2690 0.2265 1.2453 1.7990 3.2878 
6.0000 61.0000 3.0000 4.0000 1.0000 1.3000 8 -1.0000 1.0000 1.1880 -2.0000 10.0000 14.0000 -6.0000 6.0000 2.0000 0.2500 0.2500 0.2500 0.2500 0.2500 1.2500 1.9625 3.4592 
6.0000 51.0000 3.0000 2.0000 0.0000 -2.6000 8 -1.0000 0.0000 4.5360 0.0000 8.0000 12.0000 -8.0000 4.0000 -4.0000 0.2161 0.2492 0.3083 0.2212 0.2545 1.2493 1.9263 3.4251 
6.0000 44.0000 3.0000 2.0000 1.0000 -2.6000 8 -1.0000 0.0000 1.1690 -8.0000 0.0000 8.0000 -4.0000 12.0000 4.0000 0.2500 0.2500 0.2500 0.2500 0.2500 1.2500 1.8503 3.3426 
6.0000 11.0000 3.0000 -4.0000 0.0000 0.0000 2 1.0000 0.0000 1.3240 2.0000 -6.0000 -10.0000 -2.0000 -14.0000 6.0000 0.3868 0.1824 0.2114 0.2516 0.2218 1.2541 1.7785 3.2965 
6.0000 1.0000 3.0000 -4.0000 1.0000 -3.9000 2 1.0000 1.0000 1.1160 6.0000 -6.0000 -10.0000 -2.0000 -14.0000 2.0000 0.2500 0.2500 0.2500 0.2500 0.2500 1.2500 1.8896 3.3926 
6.0000 9.0000 3.0000 -4.0000 0.0000 -2.6000 8 -1.0000 0.0000 1.6100 -10.0000 2.0000 6.0000 -14.0000 -2.0000 -6.0000 0.1975 0.3574 0.1962 0.2226 0.2771 1.2507 1.7625 3.2766 
6.0000 50.0000 3.0000 2.0000 0.0000 -3.9000 2 1.0000 1.0000 1.7750 -8.0000 0.0000 12.0000 -4.0000 8.0000 4.0000 0.2530 0.3100 0.2362 0.2736 0.1711 1.2440 1.9403 3.4365 
6.0000 53.0000 3.0000 2.0000 0.0000 0.0000 2 1.0000 0.0000 2.1390 12.0000 0.0000 -8.0000 4.0000 -4.0000 8.0000 0.2647 0.2163 0.3470 0.1569 0.2599 1.2448 1.7663 3.2706 
6.0000 56.0000 3.0000 2.0000 0.0000 3.9000 8 -1.0000 1.0000 2.1040 -8.0000 0.0000 8.0000 -4.0000 12.0000 4.0000 0.1830 0.3575 0.2449 0.3072 0.1564 1.2490 1.9325 3.4248 
6.0000 29.0000 3.0000 0.0000 1.0000 -3.9000 8 -1.0000 0.0000 2.0850 10.0000 2.0000 -6.0000 6.0000 -10.0000 -2.0000 0.2500 0.2500 0.2500 0.2500 0.2500 1.2500 1.8323 3.3258 
6.0000 57.0000 3.0000 4.0000 1.0000 -3.9000 2 1.0000 1.0000 1.1430 6.0000 -2.0000 -6.0000 14.0000 2.0000 10.0000 0.2500 0.2500 0.2500 0.2500 0.2500 1.2500 1.9342 3.4259 
6.0000 70.0000 3.0000 4.0000 0.0000 3.9000 8 -1.0000 1.0000 0.9930 14.0000 2.0000 -2.0000 6.0000 -6.0000 10.0000 0.2827 0.2355 0.1904 0.2921 0.2441 1.2448 1.8731 3.3707 
6.0000 5.0000 3.0000 -4.0000 1.0000 1.3000 2 1.0000 0.0000 2.4220 6.0000 -2.0000 -14.0000 2.0000 -10.0000 -6.0000 0.2500 0.2500 0.2500 0.2500 0.2500 1.2500 1.8927 3.3927 
6.0000 69.0000 3.0000 4.0000 0.0000 2.6000 8 -1.0000 1.0000 0.9200 -6.0000 6.0000 14.0000 2.0000 10.0000 -2.0000 0.1788 0.3918 0.1602 0.2890 0.2215 1.2414 1.9803 3.4672 
6.0000 8.0000 3.0000 -4.0000 0.0000 -3.9000 8 -1.0000 0.0000 1.8100 6.0000 -2.0000 -14.0000 2.0000 -10.0000 -6.0000 0.3273 0.1727 0.2528 0.1857 0.3198 1.2584 1.8881 3.4010 
6.0000 42.0000 3.0000 0.0000 0.0000 3.9000 8 -1.0000 1.0000 1.6540 10.0000 2.0000 -10.0000 6.0000 -6.0000 -2.0000 0.1966 0.2999 0.1500 0.3801 0.2172 1.2438 1.9332 3.4364 
6.0000 60.0000 3.0000 4.0000 1.0000 0.0000 8 -1.0000 0.0000 1.0250 10.0000 -2.0000 -6.0000 14.0000 2.0000 6.0000 0.2500 0.2500 0.2500 0.2500 0.2500 1.2500 1.8754 3.3758 
6.0000 16.0000 3.0000 -2.0000 1.0000 -2.6000 8 -1.0000 0.0000 1.1790 -8.0000 0.0000 4.0000 -4.0000 8.0000 -12.0000 0.2500 0.2500 0.2500 0.2500 0.2500 1.2500 1.7762 3.2759 
6.0000 41.0000 3.0000 0.0000 0.0000 2.6000 8 -1.0000 1.0000 0.9020 -6.0000 2.0000 6.0000 -2.0000 10.0000 -10.0000 0.1678 0.2369 0.1770 0.3146 0.3462 1.2425 1.9963 3.4850 
6.0000 48.0000 3.0000 2.0000 1.0000 2.6000 8 -1.0000 1.0000 0.9000 0.0000 8.0000 12.0000 -8.0000 4.0000 -4.0000 0.2500 0.2500 0.2500 0.2500 0.2500 1.2500 1.8322 3.3259 
6.0000 27.0000 3.0000 -2.0000 0.0000 2.6000 8 -1.0000 1.0000 1.5960 -12.0000 -4.0000 4.0000 -8.0000 8.0000 0.0000 0.1571 0.2384 0.3076 0.3709 0.1845 1.2585 1.7788 3.2844 
6.0000 36.0000 3.0000 0.0000 0.0000 -3.9000 2 1.0000 1.0000 1.7960 -10.0000 2.0000 6.0000 -2.0000 10.0000 -6.0000 0.2469 0.3420 0.2119 0.2769 0.1724 1.2501 1.8078 3.3093 
6.0000 30.0000 3.0000 0.0000 1.0000 -2.6000 2 1.0000 1.0000 1.0900 10.0000 -2.0000 -6.0000 2.0000 -10.0000 6.0000 0.2500 0.2500 0.2500 0.2500 0.2500 1.2500 1.9125 3.4092 
6.0000 31.0000 3.0000 0.0000 1.0000 -1.3000 8 -1.0000 0.0000 1.4850 -6.0000 2.0000 6.0000 -2.0000 10.0000 -10.0000 0.2500 0.2500 0.2500 0.2500 0.2500 1.2500 1.9353 3.4259 
6.0000 7.0000 3.0000 -4.0000 1.0000 3.9000 8 -1.0000 1.0000 0.7870 -14.0000 -6.0000 6.0000 -10.0000 2.0000 -2.0000 0.2500 0.2500 0.2500 0.2500 0.2500 1.2500 1.7786 3.2759 
6.0000 18.0000 3.0000 -2.0000 1.0000 0.0000 2 1.0000 0.0000 3.4300 8.0000 0.0000 -12.0000 4.0000 -8.0000 -4.0000 0.2500 0.2500 0.2500 0.2500 0.2500 1.2500 1.9440 3.4592 
6.0000 14.0000 3.0000 -4.0000 0.0000 3.9000 2 1.0000 0.0000 3.4420 6.0000 -6.0000 -10.0000 -2.0000 -14.0000 2.0000 0.3670 0.1858 0.2131 0.1622 0.3150 1.2431 1.9286 3.4357 
6.0000 39.0000 3.0000 0.0000 0.0000 0.0000 2 1.0000 0.0000 2.6810 -10.0000 2.0000 6.0000 -2.0000 10.0000 -6.0000 0.2172 0.2740 0.1723 0.2401 0.3552 1.2588 1.9424 3.4515 
6.0000 21.0000 3.0000 -2.0000 1.0000 3.9000 2 1.0000 0.0000 1.6180 4.0000 -4.0000 -8.0000 0.0000 -12.0000 8.0000 0.2500 0.2500 0.2500 0.2500 0.2500 1.2500 1.9202 3.4259 
6.0000 12.0000 3.0000 -4.0000 0.0000 1.3000 8 -1.0000 1.0000 2.8250 6.0000 -6.0000 -14.0000 -2.0000 -10.0000 2.0000 0.2671 0.2251 0.3476 0.1522 0.2659 1.2580 1.8501 3.3504 
6.0000 32.0000 3.0000 0.0000 1.0000 0.0000 2 1.0000 0.0000 2.1930 -10.0000 -2.0000 6.0000 -6.0000 10.0000 2.0000 0.2500 0.2500 0.2500 0.2500 0.2500 1.2500 1.7887 3.2925 
6.0000 46.0000 3.0000 2.0000 1.0000 0.0000 2 1.0000 0.0000 4.4540 12.0000 0.0000 -8.0000 4.0000 -4.0000 8.0000 0.2500 0.2500 0.2500 0.2500 0.2500 1.2500 1.9403 3.4426 
6.0000 43.0000 3.0000 2.0000 1.0000 -3.9000 2 1.0000 1.0000 0.8820 8.0000 -4.0000 -8.0000 12.0000 0.0000 4.0000 0.2500 0.2500 0.2500 0.2500 0.2500 1.2500 1.8924 3.3926 
6.0000 17.0000 3.0000 -2.0000 1.0000 -1.3000 2 1.0000 1.0000 1.2070 -12.0000 -4.0000 8.0000 -8.0000 4.0000 0.0000 0.2500 0.2500 0.2500 0.2500 0.2500 1.2500 1.8379 3.3258 
6.0000 19.0000 3.0000 -2.0000 1.0000 1.3000 NR 0.0000 0.0000 0.0000 0.0000 -8.0000 -12.0000 8.0000 -4.0000 4.0000 0.2500 0.2500 0.2500 0.2500 0.2500 1.2500 1.9230 3.4261 
6.0000 24.0000 3.0000 -2.0000 0.0000 -1.3000 2 1.0000 1.0000 1.6370 -12.0000 -4.0000 8.0000 -8.0000 4.0000 0.0000 0.2159 0.3044 0.2703 0.2133 0.2443 1.2482 1.9277 3.4241 
6.0000 55.0000 3.0000 2.0000 0.0000 2.6000 8 -1.0000 1.0000 1.3250 -8.0000 4.0000 8.0000 0.0000 12.0000 -4.0000 0.2941 0.2552 0.2185 0.2509 0.2215 1.2403 1.8292 3.3161 
6.0000 2.0000 3.0000 -4.0000 1.0000 -2.6000 2 1.0000 1.0000 1.4850 6.0000 -6.0000 -10.0000 -2.0000 -14.0000 2.0000 0.2500 0.2500 0.2500 0.2500 0.2500 1.2500 1.8972 3.3926 
6.0000 37.0000 3.0000 0.0000 0.0000 -2.6000 2 1.0000 1.0000 3.2230 -10.0000 -2.0000 10.0000 -6.0000 6.0000 2.0000 0.1626 0.2490 0.1911 0.3087 0.3429 1.2543 1.9237 3.4302 
6.0000 4.0000 3.0000 -4.0000 1.0000 0.0000 2 1.0000 0.0000 1.3850 6.0000 -2.0000 -14.0000 2.0000 -10.0000 -6.0000 0.2500 0.2500 0.2500 0.2500 0.2500 1.2500 1.9723 3.4760 
6.0000 34.0000 3.0000 0.0000 1.0000 2.6000 8 -1.0000 1.0000 1.2220 10.0000 2.0000 -10.0000 6.0000 -6.0000 -2.0000 0.2500 0.2500 0.2500 0.2500 0.2500 1.2500 1.9470 3.4426 
6.0000 15.0000 3.0000 -2.0000 1.0000 -3.9000 2 1.0000 1.0000 0.9440 4.0000 -4.0000 -8.0000 0.0000 -12.0000 8.0000 0.2500 0.2500 0.2500 0.2500 0.2500 1.2500 1.7735 3.2759 
6.0000 54.0000 3.0000 2.0000 0.0000 1.3000 8 -1.0000 1.0000 0.9390 -8.0000 0.0000 8.0000 -4.0000 12.0000 4.0000 0.2995 0.2322 0.1884 0.3368 0.2025 1.2595 1.8279 3.3353 
6.0000 3.0000 3.0000 -4.0000 1.0000 -1.3000 2 1.0000 1.0000 1.1000 2.0000 -10.0000 -14.0000 6.0000 -6.0000 -2.0000 0.2500 0.2500 0.2500 0.2500 0.2500 1.2500 1.9117 3.4092 
6.0000 62.0000 3.0000 4.0000 1.0000 2.6000 8 -1.0000 1.0000 1.5410 2.0000 10.0000 14.0000 -6.0000 6.0000 -2.0000 0.2500 0.2500 0.2500 0.2500 0.2500 1.2500 1.9144 3.4259 
6.0000 45.0000 3.0000 2.0000 1.0000 -1.3000 8 -1.0000 0.0000 2.6650 -4.0000 8.0000 12.0000 -8.0000 4.0000 0.0000 0.2500 0.2500 0.2500 0.2500 0.2500 1.2500 1.9737 3.4761 
6.0000 40.0000 3.0000 0.0000 0.0000 1.3000 8 -1.0000 1.0000 2.0600 10.0000 2.0000 -6.0000 6.0000 -10.0000 -2.0000 0.1877 0.1537 0.3509 0.2628 0.3022 1.2572 1.8927 3.3997 
6.0000 33.0000 3.0000 0.0000 1.0000 1.3000 8 -1.0000 1.0000 1.2730 10.0000 -2.0000 -6.0000 2.0000 -10.0000 6.0000 0.2500 0.2500 0.2500 0.2500 0.2500 1.2500 1.8531 3.3591 
6.0000 58.0000 3.0000 4.0000 1.0000 -2.6000 8 -1.0000 0.0000 1.6550 14.0000 2.0000 -6.0000 6.0000 -2.0000 10.0000 0.2500 0.2500 0.2500 0.2500 0.2500 1.2500 1.8142 3.3091 
6.0000 63.0000 3.0000 4.0000 1.0000 3.9000 8 -1.0000 1.0000 2.2260 -6.0000 2.0000 10.0000 -2.0000 14.0000 6.0000 0.2500 0.2500 0.2500 0.2500 0.2500 1.2500 1.9443 3.4426 
6.0000 59.0000 3.0000 4.0000 1.0000 -1.3000 2 1.0000 1.0000 2.6410 2.0000 10.0000 14.0000 -6.0000 6.0000 -2.0000 0.2500 0.2500 0.2500 0.2500 0.2500 1.2500 1.8263 3.3258 
6.0000 6.0000 3.0000 -4.0000 1.0000 2.6000 8 -1.0000 1.0000 3.1960 -6.0000 2.0000 6.0000 -14.0000 -2.0000 -10.0000 0.2500 0.2500 0.2500 0.2500 0.2500 1.2500 1.9111 3.4092 
6.0000 23.0000 3.0000 -2.0000 0.0000 -2.6000 8 -1.0000 0.0000 1.8900 -12.0000 -4.0000 4.0000 -8.0000 8.0000 0.0000 0.2177 0.2674 0.1683 0.2709 0.3199 1.2442 1.9419 3.4368 
6.0000 35.0000 3.0000 0.0000 1.0000 3.9000 8 -1.0000 1.0000 1.2930 -10.0000 -2.0000 10.0000 -6.0000 6.0000 2.0000 0.2500 0.2500 0.2500 0.2500 0.2500 1.2500 1.9112 3.4092 
6.0000 38.0000 3.0000 0.0000 0.0000 -1.3000 2 1.0000 1.0000 1.0750 -10.0000 -2.0000 10.0000 -6.0000 6.0000 2.0000 0.2971 0.2517 0.3679 0.1881 0.1547 1.2596 1.9337 3.4522 
6.0000 27.0000 4.0000 -2.0000 0.0000 2.6000 8 -1.0000 1.0000 0.9020 8.0000 0.0000 -12.0000 4.0000 -8.0000 -4.0000 0.2475 0.2196 0.2698 0.1921 0.3197 1.2486 1.8794 3.3911 
6.0000 9.0000 4.0000 -4.0000 0.0000 -2.6000 2 1.0000 1.0000 1.3570 2.0000 -6.0000 -10.0000 -2.0000 -14.0000 6.0000 0.2657 0.2342 0.1893 0.2638 0.2918 1.2449 1.7810 3.2874 
6.0000 33.0000 4.0000 0.0000 1.0000 1.3000 8 -1.0000 1.0000 1.2900 -10.0000 -2.0000 6.0000 -6.0000 10.0000 2.0000 0.2500 0.2500 0.2500 0.2500 0.2500 1.2500 1.7552 3.2591 
6.0000 34.0000 4.0000 0.0000 1.0000 2.6000 8 -1.0000 1.0000 1.2150 -6.0000 2.0000 10.0000 -2.0000 6.0000 -10.0000 0.2500 0.2500 0.2500 0.2500 0.2500 1.2500 1.8452 3.3424 
6.0000 60.0000 4.0000 4.0000 1.0000 0.0000 8 -1.0000 0.0000 1.0270 2.0000 10.0000 14.0000 -6.0000 6.0000 -2.0000 0.2500 0.2500 0.2500 0.2500 0.2500 1.2500 1.9266 3.4259 
6.0000 37.0000 4.0000 0.0000 0.0000 -2.6000 2 1.0000 1.0000 1.5830 2.0000 -6.0000 -10.0000 10.0000 -2.0000 6.0000 0.1593 0.2458 0.3620 0.1703 0.3036 1.2410 1.9123 3.4004 
6.0000 43.0000 4.0000 2.0000 1.0000 -3.9000 2 1.0000 1.0000 2.2330 8.0000 0.0000 -8.0000 4.0000 -4.0000 12.0000 0.2500 0.2500 0.2500 0.2500 0.2500 1.2500 1.8265 3.3258 
6.0000 29.0000 4.0000 0.0000 1.0000 -3.9000 2 1.0000 1.0000 2.8600 2.0000 -6.0000 -10.0000 10.0000 -2.0000 6.0000 0.2500 0.2500 0.2500 0.2500 0.2500 1.2500 1.9629 3.4592 
6.0000 22.0000 4.0000 -2.0000 0.0000 -3.9000 8 -1.0000 0.0000 1.6190 -4.0000 4.0000 8.0000 -12.0000 0.0000 -8.0000 0.2626 0.2187 0.1748 0.2139 0.3764 1.2464 1.7634 3.2555 
6.0000 15.0000 4.0000 -2.0000 1.0000 -3.9000 8 -1.0000 0.0000 3.5030 8.0000 -4.0000 -12.0000 0.0000 -8.0000 4.0000 0.2500 0.2500 0.2500 0.2500 0.2500 1.2500 1.8054 3.2924 
6.0000 65.0000 4.0000 4.0000 0.0000 -2.6000 2 1.0000 1.0000 3.0080 -6.0000 2.0000 14.0000 -2.0000 10.0000 6.0000 0.2515 0.1769 0.2643 0.3453 0.2113 1.2494 1.8504 3.3586 
6.0000 7.0000 4.0000 -4.0000 1.0000 3.9000 8 -1.0000 1.0000 3.2990 2.0000 -6.0000 -14.0000 -2.0000 -10.0000 6.0000 0.2500 0.2500 0.2500 0.2500 0.2500 1.2500 1.8810 3.3926 
6.0000 51.0000 4.0000 2.0000 0.0000 -2.6000 2 1.0000 1.0000 3.1330 12.0000 4.0000 -4.0000 8.0000 -8.0000 0.0000 0.3446 0.1779 0.2317 0.3238 0.1643 1.2423 1.8918 3.3849 
6.0000 47.0000 4.0000 2.0000 1.0000 1.3000 8 -1.0000 1.0000 1.0620 -4.0000 4.0000 8.0000 0.0000 12.0000 -8.0000 0.2500 0.2500 0.2500 0.2500 0.2500 1.2500 1.8557 3.3592 
6.0000 10.0000 4.0000 -4.0000 0.0000 -1.3000 2 1.0000 1.0000 3.0410 6.0000 -2.0000 -10.0000 2.0000 -14.0000 -6.0000 0.1775 0.3119 0.1725 0.2218 0.3710 1.2547 1.7618 3.2639 
6.0000 52.0000 4.0000 2.0000 0.0000 -1.3000 8 -1.0000 0.0000 1.4490 -8.0000 4.0000 12.0000 0.0000 8.0000 -4.0000 0.2344 0.3124 0.2592 0.1989 0.2502 1.2551 1.9862 3.4976 
6.0000 56.0000 4.0000 2.0000 0.0000 3.9000 8 -1.0000 1.0000 3.8230 12.0000 4.0000 -4.0000 8.0000 -8.0000 0.0000 0.3787 0.1963 0.2632 0.1898 0.2191 1.2471 1.8440 3.3395 
6.0000 12.0000 4.0000 -4.0000 0.0000 1.3000 8 -1.0000 1.0000 0.7110 6.0000 -2.0000 -14.0000 2.0000 -10.0000 -6.0000 0.2389 0.2932 0.3747 0.1555 0.1831 1.2454 1.7971 3.2879 
6.0000 17.0000 4.0000 -2.0000 1.0000 -1.3000 8 -1.0000 0.0000 1.5200 -4.0000 4.0000 8.0000 -12.0000 0.0000 -8.0000 0.2500 0.2500 0.2500 0.2500 0.2500 1.2500 1.9851 3.4760 
6.0000 63.0000 4.0000 4.0000 1.0000 3.9000 8 -1.0000 1.0000 0.6980 -6.0000 2.0000 10.0000 -2.0000 14.0000 6.0000 0.2500 0.2500 0.2500 0.2500 0.2500 1.2500 1.9960 3.5092 
6.0000 62.0000 4.0000 4.0000 1.0000 2.6000 8 -1.0000 1.0000 0.9800 -2.0000 6.0000 14.0000 2.0000 10.0000 -6.0000 0.2500 0.2500 0.2500 0.2500 0.2500 1.2500 1.8913 3.3925 
6.0000 55.0000 4.0000 2.0000 0.0000 2.6000 8 -1.0000 1.0000 1.1220 8.0000 -4.0000 -8.0000 12.0000 0.0000 4.0000 0.2036 0.2556 0.3634 0.1896 0.2375 1.2497 1.7525 3.2589 
6.0000 42.0000 4.0000 0.0000 0.0000 3.9000 8 -1.0000 1.0000 0.8190 -10.0000 -2.0000 10.0000 -6.0000 6.0000 2.0000 0.2507 0.1997 0.2785 0.1746 0.3397 1.2433 1.8575 3.3525 
6.0000 13.0000 4.0000 -4.0000 0.0000 2.6000 8 -1.0000 1.0000 1.0680 6.0000 -2.0000 -14.0000 2.0000 -10.0000 -6.0000 0.3213 0.2215 0.3576 0.1582 0.1870 1.2456 1.8525 3.3549 
6.0000 48.0000 4.0000 2.0000 1.0000 2.6000 8 -1.0000 1.0000 0.9660 8.0000 -4.0000 -8.0000 12.0000 0.0000 4.0000 0.2500 0.2500 0.2500 0.2500 0.2500 1.2500 1.8698 3.3759 
6.0000 6.0000 4.0000 -4.0000 1.0000 2.6000 8 -1.0000 1.0000 1.5090 -14.0000 -2.0000 6.0000 -6.0000 2.0000 -10.0000 0.2500 0.2500 0.2500 0.2500 0.2500 1.2500 1.9274 3.4259 
6.0000 45.0000 4.0000 2.0000 1.0000 -1.3000 2 1.0000 1.0000 2.5080 12.0000 0.0000 -8.0000 4.0000 -4.0000 8.0000 0.2500 0.2500 0.2500 0.2500 0.2500 1.2500 1.7745 3.2757 
6.0000 24.0000 4.0000 -2.0000 0.0000 -1.3000 8 -1.0000 0.0000 2.4180 -12.0000 0.0000 8.0000 -4.0000 4.0000 -8.0000 0.3553 0.2726 0.1713 0.2671 0.1849 1.2512 1.9573 3.4604 
6.0000 3.0000 4.0000 -4.0000 1.0000 -1.3000 8 -1.0000 0.0000 2.3500 -10.0000 2.0000 6.0000 -14.0000 -2.0000 -6.0000 0.2500 0.2500 0.2500 0.2500 0.2500 1.2500 1.9664 3.4593 
6.0000 58.0000 4.0000 4.0000 1.0000 -2.6000 8 -1.0000 0.0000 3.8290 14.0000 6.0000 -2.0000 10.0000 -6.0000 2.0000 0.2500 0.2500 0.2500 0.2500 0.2500 1.2500 1.8791 3.3760 
6.0000 57.0000 4.0000 4.0000 1.0000 -3.9000 2 1.0000 1.0000 0.8720 14.0000 2.0000 -6.0000 6.0000 -2.0000 10.0000 0.2500 0.2500 0.2500 0.2500 0.2500 1.2500 1.8795 3.3925 
6.0000 32.0000 4.0000 0.0000 1.0000 0.0000 8 -1.0000 0.0000 1.4240 -6.0000 2.0000 10.0000 -2.0000 6.0000 -10.0000 0.2500 0.2500 0.2500 0.2500 0.2500 1.2500 1.9738 3.4759 
6.0000 68.0000 4.0000 4.0000 0.0000 1.3000 8 -1.0000 1.0000 3.9150 -6.0000 2.0000 10.0000 -2.0000 14.0000 6.0000 0.2591 0.1740 0.2728 0.3306 0.2188 1.2552 1.9263 3.4311 
6.0000 59.0000 4.0000 4.0000 1.0000 -1.3000 2 1.0000 1.0000 1.6250 6.0000 -2.0000 -6.0000 14.0000 2.0000 10.0000 0.2500 0.2500 0.2500 0.2500 0.2500 1.2500 1.9609 3.4593 
6.0000 53.0000 4.0000 2.0000 0.0000 0.0000 8 -1.0000 0.0000 1.7020 12.0000 4.0000 -8.0000 8.0000 -4.0000 0.0000 0.2120 0.3666 0.2855 0.2226 0.1575 1.2442 1.9329 3.4201 
6.0000 54.0000 4.0000 2.0000 0.0000 1.3000 NR 0.0000 0.0000 0.0000 8.0000 0.0000 -8.0000 4.0000 -4.0000 12.0000 0.3683 0.1515 0.2030 0.1751 0.3444 1.2422 1.9300 3.4181 
6.0000 2.0000 4.0000 -4.0000 1.0000 -2.6000 8 -1.0000 0.0000 0.8940 6.0000 -6.0000 -14.0000 -2.0000 -10.0000 2.0000 0.2500 0.2500 0.2500 0.2500 0.2500 1.2500 1.7701 3.2591 
6.0000 64.0000 4.0000 4.0000 0.0000 -3.9000 2 1.0000 1.0000 1.3760 -6.0000 2.0000 14.0000 -2.0000 10.0000 6.0000 0.2235 0.3723 0.2900 0.2092 0.1502 1.2452 1.9509 3.4380 
6.0000 35.0000 4.0000 0.0000 1.0000 3.9000 8 -1.0000 1.0000 1.1330 -6.0000 6.0000 10.0000 -10.0000 2.0000 -2.0000 0.2500 0.2500 0.2500 0.2500 0.2500 1.2500 1.9635 3.4592 
6.0000 4.0000 4.0000 -4.0000 1.0000 0.0000 2 1.0000 0.0000 3.2950 6.0000 -6.0000 -10.0000 -2.0000 -14.0000 2.0000 0.2500 0.2500 0.2500 0.2500 0.2500 1.2500 1.9308 3.4259 
6.0000 69.0000 4.0000 4.0000 0.0000 2.6000 2 1.0000 0.0000 1.8260 14.0000 2.0000 -2.0000 6.0000 -6.0000 10.0000 0.2228 0.1726 0.3483 0.2163 0.2844 1.2444 1.7916 3.2868 
6.0000 49.0000 4.0000 2.0000 1.0000 3.9000 8 -1.0000 1.0000 2.6440 -4.0000 4.0000 12.0000 0.0000 8.0000 -8.0000 0.2500 0.2500 0.2500 0.2500 0.2500 1.2500 1.7735 3.2758 
6.0000 16.0000 4.0000 -2.0000 1.0000 -2.6000 2 1.0000 1.0000 1.1900 -4.0000 4.0000 8.0000 -12.0000 0.0000 -8.0000 0.2500 0.2500 0.2500 0.2500 0.2500 1.2500 1.9039 3.4092 
6.0000 26.0000 4.0000 -2.0000 0.0000 1.3000 8 -1.0000 1.0000 2.4510 8.0000 -4.0000 -12.0000 0.0000 -8.0000 4.0000 0.2934 0.3957 0.1811 0.2179 0.1533 1.2415 1.9345 3.4339 
6.0000 21.0000 4.0000 -2.0000 1.0000 3.9000 8 -1.0000 1.0000 1.3160 -8.0000 0.0000 4.0000 -4.0000 8.0000 -12.0000 0.2500 0.2500 0.2500 0.2500 0.2500 1.2500 1.9725 3.4759 
6.0000 8.0000 4.0000 -4.0000 0.0000 -3.9000 2 1.0000 1.0000 1.6570 -14.0000 -6.0000 6.0000 -10.0000 2.0000 -2.0000 0.3573 0.1735 0.3330 0.2398 0.1530 1.2566 1.8378 3.3491 
6.0000 44.0000 4.0000 2.0000 1.0000 -2.6000 2 1.0000 1.0000 2.0330 0.0000 8.0000 12.0000 -8.0000 4.0000 -4.0000 0.2500 0.2500 0.2500 0.2500 0.2500 1.2500 1.9926 3.4927 
6.0000 46.0000 4.0000 2.0000 1.0000 0.0000 2 1.0000 0.0000 1.7120 8.0000 0.0000 -8.0000 4.0000 -4.0000 12.0000 0.2500 0.2500 0.2500 0.2500 0.2500 1.2500 1.8113 3.3091 
6.0000 38.0000 4.0000 0.0000 0.0000 -1.3000 8 -1.0000 0.0000 1.8790 -10.0000 2.0000 6.0000 -2.0000 10.0000 -6.0000 0.1989 0.2927 0.3899 0.1652 0.2016 1.2483 1.7623 3.2575 
6.0000 70.0000 4.0000 4.0000 0.0000 3.9000 8 -1.0000 1.0000 0.6970 -2.0000 6.0000 14.0000 2.0000 10.0000 -6.0000 0.1628 0.3906 0.1581 0.2423 0.2871 1.2409 1.7861 3.2667 
6.0000 31.0000 4.0000 0.0000 1.0000 -1.3000 8 -1.0000 0.0000 1.4400 -6.0000 2.0000 6.0000 -2.0000 10.0000 -10.0000 0.2500 0.2500 0.2500 0.2500 0.2500 1.2500 1.7751 3.2760 
6.0000 66.0000 4.0000 4.0000 0.0000 -1.3000 2 1.0000 1.0000 2.5080 14.0000 2.0000 -6.0000 6.0000 -2.0000 10.0000 0.3138 0.2342 0.2770 0.1537 0.2702 1.2490 1.8383 3.3415 
6.0000 39.0000 4.0000 0.0000 0.0000 0.0000 8 -1.0000 0.0000 2.4940 6.0000 -2.0000 -6.0000 2.0000 -10.0000 10.0000 0.3033 0.2283 0.2533 0.1550 0.3138 1.2537 1.8627 3.3628 
6.0000 20.0000 4.0000 -2.0000 1.0000 2.6000 8 -1.0000 1.0000 2.4000 -8.0000 0.0000 8.0000 -4.0000 4.0000 -12.0000 0.2500 0.2500 0.2500 0.2500 0.2500 1.2500 1.8839 3.3927 
6.0000 41.0000 4.0000 0.0000 0.0000 2.6000 8 -1.0000 1.0000 2.8320 6.0000 -2.0000 -6.0000 2.0000 -10.0000 10.0000 0.3908 0.1971 0.1637 0.3214 0.1862 1.2591 1.8231 3.3350 
6.0000 40.0000 4.0000 0.0000 0.0000 1.3000 2 1.0000 0.0000 1.9360 10.0000 -2.0000 -6.0000 2.0000 -10.0000 6.0000 0.2636 0.3462 0.2313 0.1626 0.2409 1.2446 1.9886 3.4873 
6.0000 11.0000 4.0000 -4.0000 0.0000 0.0000 2 1.0000 0.0000 2.4980 -10.0000 2.0000 6.0000 -14.0000 -2.0000 -6.0000 0.3710 0.1606 0.2572 0.1504 0.3115 1.2508 1.8557 3.3600 
6.0000 1.0000 4.0000 -4.0000 1.0000 -3.9000 8 -1.0000 0.0000 2.5610 2.0000 -6.0000 -14.0000 -2.0000 -10.0000 6.0000 0.2500 0.2500 0.2500 0.2500 0.2500 1.2500 1.7667 3.2591 
6.0000 5.0000 4.0000 -4.0000 1.0000 1.3000 8 -1.0000 1.0000 1.6500 -6.0000 2.0000 6.0000 -14.0000 -2.0000 -10.0000 0.2500 0.2500 0.2500 0.2500 0.2500 1.2500 1.8421 3.3425 
6.0000 18.0000 4.0000 -2.0000 1.0000 0.0000 8 -1.0000 0.0000 2.6600 -12.0000 -4.0000 4.0000 -8.0000 8.0000 0.0000 0.2500 0.2500 0.2500 0.2500 0.2500 1.2500 1.8013 3.2925 
6.0000 28.0000 4.0000 -2.0000 0.0000 3.9000 8 -1.0000 1.0000 0.7560 -4.0000 4.0000 8.0000 -12.0000 0.0000 -8.0000 0.1735 0.3135 0.1871 0.3656 0.2196 1.2592 1.9152 3.4351 
6.0000 36.0000 4.0000 0.0000 0.0000 -3.9000 2 1.0000 1.0000 1.3570 6.0000 -2.0000 -6.0000 2.0000 -10.0000 10.0000 0.3324 0.1580 0.3060 0.2503 0.1946 1.2412 1.8194 3.3169 
6.0000 14.0000 4.0000 -4.0000 0.0000 3.9000 8 -1.0000 1.0000 2.3710 -6.0000 2.0000 6.0000 -14.0000 -2.0000 -10.0000 0.2070 0.1697 0.3452 0.1934 0.3425 1.2577 1.9793 3.4837 
6.0000 25.0000 4.0000 -2.0000 0.0000 0.0000 8 -1.0000 0.0000 3.1900 -12.0000 -4.0000 8.0000 -8.0000 4.0000 0.0000 0.3183 0.1676 0.3521 0.2388 0.1660 1.2428 1.9734 3.4688 
6.0000 23.0000 4.0000 -2.0000 0.0000 -2.6000 8 -1.0000 0.0000 3.3040 8.0000 0.0000 -8.0000 4.0000 -12.0000 -4.0000 0.3734 0.1786 0.1504 0.1790 0.3610 1.2424 1.9723 3.4683 
6.0000 50.0000 4.0000 2.0000 0.0000 -3.9000 8 -1.0000 0.0000 2.9740 -8.0000 0.0000 12.0000 -4.0000 8.0000 4.0000 0.2835 0.2063 0.3584 0.2134 0.1829 1.2446 1.9494 3.4372 
6.0000 30.0000 4.0000 0.0000 1.0000 -2.6000 2 1.0000 1.0000 1.2040 10.0000 2.0000 -10.0000 6.0000 -6.0000 -2.0000 0.2500 0.2500 0.2500 0.2500 0.2500 1.2500 1.9678 3.4594 
6.0000 67.0000 4.0000 4.0000 0.0000 0.0000 2 1.0000 0.0000 4.6480 -2.0000 6.0000 14.0000 2.0000 10.0000 -6.0000 0.1821 0.3783 0.1538 0.2913 0.2417 1.2473 1.9586 3.4566 
6.0000 61.0000 4.0000 4.0000 1.0000 1.3000 8 -1.0000 1.0000 1.5120 10.0000 2.0000 -2.0000 6.0000 -6.0000 14.0000 0.2500 0.2500 0.2500 0.2500 0.2500 1.2500 1.7736 3.2591 
6.0000 19.0000 4.0000 -2.0000 1.0000 1.3000 8 -1.0000 1.0000 1.0870 4.0000 -4.0000 -12.0000 0.0000 -8.0000 8.0000 0.2500 0.2500 0.2500 0.2500 0.2500 1.2500 1.9317 3.4426 
6.0000 14.0000 5.0000 -4.0000 0.0000 3.9000 8 -1.0000 1.0000 0.6710 -10.0000 -2.0000 2.0000 -6.0000 6.0000 -14.0000 0.1767 0.2851 0.1998 0.2725 0.3249 1.2590 1.7525 3.2516 
6.0000 26.0000 5.0000 -2.0000 0.0000 1.3000 8 -1.0000 1.0000 0.7950 -8.0000 0.0000 4.0000 -4.0000 8.0000 -12.0000 0.2187 0.1873 0.3994 0.2483 0.1904 1.2441 1.9215 3.4199 
6.0000 18.0000 5.0000 -2.0000 1.0000 0.0000 8 -1.0000 0.0000 0.7390 -4.0000 4.0000 8.0000 -12.0000 0.0000 -8.0000 0.2500 0.2500 0.2500 0.2500 0.2500 1.2500 1.8585 3.3592 
6.0000 58.0000 5.0000 4.0000 1.0000 -2.6000 2 1.0000 1.0000 1.5980 10.0000 -2.0000 -6.0000 14.0000 2.0000 6.0000 0.2500 0.2500 0.2500 0.2500 0.2500 1.2500 1.8746 3.3758 
6.0000 64.0000 5.0000 4.0000 0.0000 -3.9000 8 -1.0000 0.0000 1.6410 10.0000 -2.0000 -6.0000 14.0000 2.0000 6.0000 0.3627 0.2675 0.1612 0.2624 0.1960 1.2498 1.7986 3.2922 
6.0000 55.0000 5.0000 2.0000 0.0000 2.6000 2 1.0000 0.0000 2.7030 12.0000 0.0000 -8.0000 4.0000 -4.0000 8.0000 0.2779 0.2185 0.1685 0.3501 0.2414 1.2564 1.9646 3.4824 
6.0000 27.0000 5.0000 -2.0000 0.0000 2.6000 8 -1.0000 1.0000 0.9730 8.0000 0.0000 -8.0000 4.0000 -12.0000 -4.0000 0.1845 0.2788 0.2423 0.3670 0.1692 1.2419 1.9463 3.4512 
6.0000 35.0000 5.0000 0.0000 1.0000 3.9000 8 -1.0000 1.0000 0.9280 10.0000 2.0000 -10.0000 6.0000 -6.0000 -2.0000 0.2500 0.2500 0.2500 0.2500 0.2500 1.2500 1.8269 3.3258 
6.0000 66.0000 5.0000 4.0000 0.0000 -1.3000 8 -1.0000 0.0000 0.6880 14.0000 6.0000 -2.0000 10.0000 -6.0000 2.0000 0.1562 0.3867 0.1798 0.3715 0.1564 1.2508 1.9115 3.4099 
6.0000 48.0000 5.0000 2.0000 1.0000 2.6000 2 1.0000 0.0000 1.4260 12.0000 0.0000 -4.0000 4.0000 -8.0000 8.0000 0.2500 0.2500 0.2500 0.2500 0.2500 1.2500 1.8971 3.3926 
6.0000 39.0000 5.0000 0.0000 0.0000 0.0000 2 1.0000 0.0000 1.1850 6.0000 -6.0000 -10.0000 10.0000 -2.0000 2.0000 0.3342 0.2150 0.1804 0.3144 0.2147 1.2587 1.8706 3.3846 
6.0000 54.0000 5.0000 2.0000 0.0000 1.3000 8 -1.0000 1.0000 2.1770 8.0000 -4.0000 -8.0000 12.0000 0.0000 4.0000 0.2112 0.3187 0.1841 0.2144 0.3237 1.2521 1.8494 3.3446 
6.0000 4.0000 5.0000 -4.0000 1.0000 0.0000 2 1.0000 0.0000 1.3080 2.0000 -6.0000 -10.0000 -2.0000 -14.0000 6.0000 0.2500 0.2500 0.2500 0.2500 0.2500 1.2500 1.7735 3.2758 
6.0000 12.0000 5.0000 -4.0000 0.0000 1.3000 8 -1.0000 1.0000 1.1470 -14.0000 -2.0000 2.0000 -6.0000 6.0000 -10.0000 0.2309 0.3648 0.2353 0.1604 0.2562 1.2477 1.9878 3.4737 
6.0000 63.0000 5.0000 4.0000 1.0000 3.9000 8 -1.0000 1.0000 2.7090 -6.0000 2.0000 14.0000 -2.0000 10.0000 6.0000 0.2500 0.2500 0.2500 0.2500 0.2500 1.2500 1.9213 3.4093 
6.0000 17.0000 5.0000 -2.0000 1.0000 -1.3000 2 1.0000 1.0000 1.0410 4.0000 -8.0000 -12.0000 8.0000 -4.0000 0.0000 0.2500 0.2500 0.2500 0.2500 0.2500 1.2500 1.9641 3.4759 
6.0000 49.0000 5.0000 2.0000 1.0000 3.9000 8 -1.0000 1.0000 1.0740 -4.0000 4.0000 8.0000 0.0000 12.0000 -8.0000 0.2500 0.2500 0.2500 0.2500 0.2500 1.2500 1.9712 3.4760 
6.0000 33.0000 5.0000 0.0000 1.0000 1.3000 8 -1.0000 1.0000 1.0190 10.0000 2.0000 -10.0000 6.0000 -6.0000 -2.0000 0.2500 0.2500 0.2500 0.2500 0.2500 1.2500 1.7618 3.2758 
6.0000 70.0000 5.0000 4.0000 0.0000 3.9000 8 -1.0000 1.0000 0.8020 10.0000 -2.0000 -6.0000 14.0000 2.0000 6.0000 0.1512 0.2471 0.3560 0.2640 0.2321 1.2504 1.8596 3.3597 
6.0000 68.0000 5.0000 4.0000 0.0000 1.3000 8 -1.0000 1.0000 1.6540 10.0000 2.0000 -6.0000 6.0000 -2.0000 14.0000 0.3244 0.1744 0.2060 0.2472 0.3072 1.2591 1.9467 3.4516 
6.0000 37.0000 5.0000 0.0000 0.0000 -2.6000 8 -1.0000 0.0000 0.8110 10.0000 2.0000 -10.0000 6.0000 -6.0000 -2.0000 0.1809 0.3176 0.2292 0.2850 0.2338 1.2466 1.8429 3.3392 
6.0000 31.0000 5.0000 0.0000 1.0000 -1.3000 2 1.0000 1.0000 2.9390 6.0000 -2.0000 -6.0000 2.0000 -10.0000 10.0000 0.2500 0.2500 0.2500 0.2500 0.2500 1.2500 1.8298 3.3258 
6.0000 13.0000 5.0000 -4.0000 0.0000 2.6000 8 -1.0000 1.0000 0.9690 -10.0000 -2.0000 6.0000 -6.0000 2.0000 -14.0000 0.1573 0.3140 0.2428 0.3618 0.1828 1.2587 1.9194 3.4347 
6.0000 36.0000 5.0000 0.0000 0.0000 -3.9000 2 1.0000 1.0000 1.8860 6.0000 -6.0000 -10.0000 10.0000 -2.0000 2.0000 0.2876 0.1649 0.2236 0.3291 0.2383 1.2435 1.7699 3.2527 
6.0000 47.0000 5.0000 2.0000 1.0000 1.3000 8 -1.0000 1.0000 1.7080 -8.0000 4.0000 8.0000 0.0000 12.0000 -4.0000 0.2500 0.2500 0.2500 0.2500 0.2500 1.2500 1.8093 3.3093 
6.0000 44.0000 5.0000 2.0000 1.0000 -2.6000 2 1.0000 1.0000 2.7630 12.0000 4.0000 -8.0000 8.0000 -4.0000 0.0000 0.2500 0.2500 0.2500 0.2500 0.2500 1.2500 1.7850 3.2758 
6.0000 43.0000 5.0000 2.0000 1.0000 -3.9000 2 1.0000 1.0000 0.9470 12.0000 0.0000 -8.0000 4.0000 -4.0000 8.0000 0.2500 0.2500 0.2500 0.2500 0.2500 1.2500 1.8487 3.3593 
6.0000 9.0000 5.0000 -4.0000 0.0000 -2.6000 2 1.0000 1.0000 1.5850 -2.0000 -10.0000 -14.0000 6.0000 -6.0000 2.0000 0.2160 0.2585 0.3078 0.2483 0.2122 1.2427 1.7842 3.2852 
6.0000 5.0000 5.0000 -4.0000 1.0000 1.3000 8 -1.0000 1.0000 4.0740 2.0000 -6.0000 -14.0000 -2.0000 -10.0000 6.0000 0.2500 0.2500 0.2500 0.2500 0.2500 1.2500 1.8122 3.3258 
6.0000 67.0000 5.0000 4.0000 0.0000 0.0000 8 -1.0000 0.0000 1.1490 -2.0000 10.0000 14.0000 -6.0000 6.0000 2.0000 0.3868 0.1660 0.2696 0.1824 0.2409 1.2457 1.8170 3.3215 
6.0000 40.0000 5.0000 0.0000 0.0000 1.3000 2 1.0000 0.0000 1.2100 -6.0000 2.0000 10.0000 -2.0000 6.0000 -10.0000 0.1562 0.2985 0.2045 0.3635 0.2331 1.2559 1.7777 3.2817 
6.0000 41.0000 5.0000 0.0000 0.0000 2.6000 8 -1.0000 1.0000 0.9830 -10.0000 2.0000 6.0000 -2.0000 10.0000 -6.0000 0.2876 0.2052 0.2709 0.1847 0.3102 1.2586 1.8704 3.3844 
6.0000 28.0000 5.0000 -2.0000 0.0000 3.9000 8 -1.0000 1.0000 2.7620 8.0000 0.0000 -12.0000 4.0000 -8.0000 -4.0000 0.3773 0.2204 0.2789 0.2066 0.1591 1.2423 1.7904 3.2848 
6.0000 60.0000 5.0000 4.0000 1.0000 0.0000 8 -1.0000 0.0000 3.1670 2.0000 10.0000 14.0000 -6.0000 6.0000 -2.0000 0.2500 0.2500 0.2500 0.2500 0.2500 1.2500 1.7562 3.2591 
6.0000 56.0000 5.0000 2.0000 0.0000 3.9000 8 -1.0000 1.0000 1.0320 4.0000 -4.0000 -8.0000 12.0000 0.0000 8.0000 0.2989 0.1505 0.2036 0.3105 0.2779 1.2414 1.9086 3.4007 
6.0000 20.0000 5.0000 -2.0000 1.0000 2.6000 8 -1.0000 1.0000 0.8630 -12.0000 0.0000 4.0000 -4.0000 8.0000 -8.0000 0.2500 0.2500 0.2500 0.2500 0.2500 1.2500 1.9907 3.4927 
6.0000 30.0000 5.0000 0.0000 1.0000 -2.6000 2 1.0000 1.0000 0.8270 10.0000 -2.0000 -6.0000 2.0000 -10.0000 6.0000 0.2500 0.2500 0.2500 0.2500 0.2500 1.2500 1.9510 3.4425 
6.0000 51.0000 5.0000 2.0000 0.0000 -2.6000 8 -1.0000 0.0000 1.4440 0.0000 8.0000 12.0000 -8.0000 4.0000 -4.0000 0.2123 0.3454 0.2643 0.2345 0.1889 1.2454 1.7673 3.2713 
6.0000 16.0000 5.0000 -2.0000 1.0000 -2.6000 2 1.0000 1.0000 1.0040 -8.0000 0.0000 4.0000 -4.0000 8.0000 -12.0000 0.2500 0.2500 0.2500 0.2500 0.2500 1.2500 1.7816 3.2925 
6.0000 21.0000 5.0000 -2.0000 1.0000 3.9000 8 -1.0000 1.0000 1.7260 8.0000 -4.0000 -12.0000 0.0000 -8.0000 4.0000 0.2500 0.2500 0.2500 0.2500 0.2500 1.2500 1.7956 3.2924 
6.0000 46.0000 5.0000 2.0000 1.0000 0.0000 8 -1.0000 0.0000 1.1220 12.0000 4.0000 -8.0000 8.0000 -4.0000 0.0000 0.2500 0.2500 0.2500 0.2500 0.2500 1.2500 1.8206 3.3258 
6.0000 15.0000 5.0000 -2.0000 1.0000 -3.9000 2 1.0000 1.0000 1.2230 -12.0000 -4.0000 8.0000 -8.0000 4.0000 0.0000 0.2500 0.2500 0.2500 0.2500 0.2500 1.2500 1.7580 3.2592 
6.0000 59.0000 5.0000 4.0000 1.0000 -1.3000 8 -1.0000 0.0000 1.6020 -6.0000 2.0000 14.0000 -2.0000 10.0000 6.0000 0.2500 0.2500 0.2500 0.2500 0.2500 1.2500 1.9915 3.4925 
6.0000 42.0000 5.0000 0.0000 0.0000 3.9000 8 -1.0000 1.0000 1.2480 -10.0000 2.0000 6.0000 -2.0000 10.0000 -6.0000 0.2564 0.1828 0.3887 0.1711 0.2603 1.2593 1.9158 3.4186 
6.0000 69.0000 5.0000 4.0000 0.0000 2.6000 8 -1.0000 1.0000 0.9820 -6.0000 6.0000 14.0000 2.0000 10.0000 -2.0000 0.2927 0.3206 0.1592 0.3174 0.1602 1.2501 1.8506 3.3427 
6.0000 7.0000 5.0000 -4.0000 1.0000 3.9000 8 -1.0000 1.0000 1.5720 2.0000 -10.0000 -14.0000 6.0000 -6.0000 -2.0000 0.2500 0.2500 0.2500 0.2500 0.2500 1.2500 1.9020 3.3926 
6.0000 11.0000 5.0000 -4.0000 0.0000 0.0000 8 -1.0000 0.0000 2.2310 -14.0000 -6.0000 6.0000 -10.0000 2.0000 -2.0000 0.3087 0.1745 0.3628 0.2331 0.1695 1.2486 1.9870 3.4747 
6.0000 1.0000 5.0000 -4.0000 1.0000 -3.9000 2 1.0000 1.0000 1.3940 -14.0000 -2.0000 6.0000 -6.0000 2.0000 -10.0000 0.2500 0.2500 0.2500 0.2500 0.2500 1.2500 1.7650 3.2591 
6.0000 10.0000 5.0000 -4.0000 0.0000 -1.3000 8 -1.0000 0.0000 2.8170 -10.0000 -2.0000 2.0000 -6.0000 6.0000 -14.0000 0.2162 0.2668 0.2372 0.1519 0.3703 1.2424 1.8851 3.3849 
6.0000 3.0000 5.0000 -4.0000 1.0000 -1.3000 2 1.0000 1.0000 0.9160 -14.0000 -6.0000 6.0000 -10.0000 2.0000 -2.0000 0.2500 0.2500 0.2500 0.2500 0.2500 1.2500 1.7678 3.2759 
6.0000 57.0000 5.0000 4.0000 1.0000 -3.9000 2 1.0000 1.0000 1.6280 -6.0000 6.0000 10.0000 2.0000 14.0000 -2.0000 0.2500 0.2500 0.2500 0.2500 0.2500 1.2500 1.8721 3.3760 
6.0000 52.0000 5.0000 2.0000 0.0000 -1.3000 8 -1.0000 0.0000 2.2420 -8.0000 4.0000 8.0000 0.0000 12.0000 -4.0000 0.3239 0.2382 0.1967 0.1674 0.3153 1.2415 1.8751 3.3673 
6.0000 53.0000 5.0000 2.0000 0.0000 0.0000 8 -1.0000 0.0000 1.6670 4.0000 -4.0000 -8.0000 12.0000 0.0000 8.0000 0.3051 0.2075 0.1805 0.2650 0.2907 1.2487 1.7800 3.2745 
6.0000 22.0000 5.0000 -2.0000 0.0000 -3.9000 2 1.0000 1.0000 1.2430 4.0000 -8.0000 -12.0000 8.0000 -4.0000 0.0000 0.3077 0.1806 0.2147 0.3076 0.2300 1.2407 1.7824 3.2666 
6.0000 65.0000 5.0000 4.0000 0.0000 -2.6000 8 -1.0000 0.0000 2.8640 -6.0000 2.0000 10.0000 -2.0000 14.0000 6.0000 0.1995 0.2696 0.2337 0.1586 0.3943 1.2557 1.9119 3.4149 
6.0000 19.0000 5.0000 -2.0000 1.0000 1.3000 2 1.0000 0.0000 0.7690 8.0000 0.0000 -8.0000 4.0000 -12.0000 -4.0000 0.2500 0.2500 0.2500 0.2500 0.2500 1.2500 1.9451 3.4425 
6.0000 34.0000 5.0000 0.0000 1.0000 2.6000 8 -1.0000 1.0000 0.9210 10.0000 -2.0000 -10.0000 2.0000 -6.0000 6.0000 0.2500 0.2500 0.2500 0.2500 0.2500 1.2500 1.9446 3.4427 
6.0000 2.0000 5.0000 -4.0000 1.0000 -2.6000 2 1.0000 1.0000 1.1150 2.0000 -6.0000 -10.0000 -2.0000 -14.0000 6.0000 0.2500 0.2500 0.2500 0.2500 0.2500 1.2500 1.8353 3.3259 
6.0000 50.0000 5.0000 2.0000 0.0000 -3.9000 2 1.0000 1.0000 1.1730 8.0000 0.0000 -4.0000 4.0000 -8.0000 12.0000 0.1608 0.2751 0.2357 0.3076 0.2800 1.2592 1.9413 3.4351 
6.0000 25.0000 5.0000 -2.0000 0.0000 0.0000 2 1.0000 0.0000 1.0540 -12.0000 -4.0000 4.0000 -8.0000 8.0000 0.0000 0.2444 0.1851 0.3125 0.3582 0.1521 1.2523 1.8495 3.3615 
6.0000 23.0000 5.0000 -2.0000 0.0000 -2.6000 2 1.0000 1.0000 1.7810 -12.0000 -4.0000 8.0000 -8.0000 4.0000 0.0000 0.3120 0.2554 0.1851 0.3285 0.1686 1.2497 1.7806 3.2921 
6.0000 32.0000 5.0000 0.0000 1.0000 0.0000 8 -1.0000 0.0000 0.8580 10.0000 -2.0000 -10.0000 2.0000 -6.0000 6.0000 0.2500 0.2500 0.2500 0.2500 0.2500 1.2500 1.8901 3.3925 
6.0000 61.0000 5.0000 4.0000 1.0000 1.3000 8 -1.0000 1.0000 1.2630 -6.0000 6.0000 14.0000 2.0000 10.0000 -2.0000 0.2500 0.2500 0.2500 0.2500 0.2500 1.2500 1.8486 3.3593 
6.0000 8.0000 5.0000 -4.0000 0.0000 -3.9000 2 1.0000 1.0000 1.2590 -14.0000 -6.0000 6.0000 -10.0000 2.0000 -2.0000 0.2832 0.2119 0.3306 0.1914 0.2254 1.2424 1.8995 3.4016 
6.0000 62.0000 5.0000 4.0000 1.0000 2.6000 8 -1.0000 1.0000 1.8430 -2.0000 10.0000 14.0000 -6.0000 6.0000 2.0000 0.2500 0.2500 0.2500 0.2500 0.2500 1.2500 1.7737 3.2759 
6.0000 6.0000 5.0000 -4.0000 1.0000 2.6000 8 -1.0000 1.0000 1.2660 -14.0000 -2.0000 2.0000 -6.0000 6.0000 -10.0000 0.2500 0.2500 0.2500 0.2500 0.2500 1.2500 1.9975 3.4927 
6.0000 45.0000 5.0000 2.0000 1.0000 -1.3000 2 1.0000 1.0000 2.7730 12.0000 0.0000 -4.0000 4.0000 -8.0000 8.0000 0.2500 0.2500 0.2500 0.2500 0.2500 1.2500 1.9337 3.4259 
6.0000 29.0000 5.0000 0.0000 1.0000 -3.9000 2 1.0000 1.0000 3.3050 10.0000 -2.0000 -6.0000 2.0000 -10.0000 6.0000 0.2500 0.2500 0.2500 0.2500 0.2500 1.2500 1.7872 3.2758 
6.0000 38.0000 5.0000 0.0000 0.0000 -1.3000 2 1.0000 1.0000 2.6550 6.0000 -2.0000 -6.0000 2.0000 -10.0000 10.0000 0.2152 0.2776 0.2502 0.2167 0.2968 1.2565 1.7894 3.2823 
6.0000 24.0000 5.0000 -2.0000 0.0000 -1.3000 2 1.0000 1.0000 1.6210 8.0000 -4.0000 -8.0000 0.0000 -12.0000 4.0000 0.3453 0.2234 0.1910 0.2953 0.1878 1.2429 1.9940 3.5022 
6.0000 61.0000 6.0000 4.0000 1.0000 1.3000 8 -1.0000 1.0000 1.1440 10.0000 -2.0000 -6.0000 14.0000 2.0000 6.0000 0.2500 0.2500 0.2500 0.2500 0.2500 1.2500 1.7937 3.2925 
6.0000 22.0000 6.0000 -2.0000 0.0000 -3.9000 2 1.0000 1.0000 1.0450 -12.0000 0.0000 8.0000 -4.0000 4.0000 -8.0000 0.2707 0.1715 0.2378 0.3950 0.1677 1.2427 1.9633 3.4688 
6.0000 51.0000 6.0000 2.0000 0.0000 -2.6000 8 -1.0000 0.0000 2.6530 -4.0000 8.0000 12.0000 -8.0000 4.0000 0.0000 0.2924 0.1681 0.2744 0.3114 0.1980 1.2443 1.7995 3.3035 
6.0000 70.0000 6.0000 4.0000 0.0000 3.9000 8 -1.0000 1.0000 1.7350 6.0000 -2.0000 -6.0000 14.0000 2.0000 10.0000 0.2759 0.1973 0.3306 0.2826 0.1713 1.2577 1.9040 3.4169 
6.0000 10.0000 6.0000 -4.0000 0.0000 -1.3000 2 1.0000 1.0000 1.2930 2.0000 -6.0000 -10.0000 -2.0000 -14.0000 6.0000 0.1947 0.3735 0.2233 0.1851 0.2678 1.2443 1.7620 3.2536 
6.0000 47.0000 6.0000 2.0000 1.0000 1.3000 8 -1.0000 1.0000 0.9270 -4.0000 8.0000 12.0000 -8.0000 4.0000 0.0000 0.2500 0.2500 0.2500 0.2500 0.2500 1.2500 1.8766 3.3758 
6.0000 66.0000 6.0000 4.0000 0.0000 -1.3000 8 -1.0000 0.0000 1.1980 14.0000 2.0000 -6.0000 6.0000 -2.0000 10.0000 0.2061 0.1804 0.2177 0.2902 0.3514 1.2458 1.9945 3.4883 
6.0000 50.0000 6.0000 2.0000 0.0000 -3.9000 2 1.0000 1.0000 2.2270 8.0000 -4.0000 -8.0000 12.0000 0.0000 4.0000 0.1882 0.1604 0.3428 0.3008 0.2529 1.2451 1.7509 3.2377 
6.0000 27.0000 6.0000 -2.0000 0.0000 2.6000 8 -1.0000 1.0000 1.6750 -12.0000 -4.0000 8.0000 -8.0000 4.0000 0.0000 0.1866 0.3163 0.3620 0.1622 0.2289 1.2561 1.7920 3.2986 
6.0000 8.0000 6.0000 -4.0000 0.0000 -3.9000 2 1.0000 1.0000 1.1950 -10.0000 -2.0000 2.0000 -6.0000 6.0000 -14.0000 0.2561 0.1753 0.2070 0.3437 0.2614 1.2436 1.8334 3.3195 
6.0000 31.0000 6.0000 0.0000 1.0000 -1.3000 8 -1.0000 0.0000 1.6950 10.0000 2.0000 -6.0000 6.0000 -10.0000 -2.0000 0.2500 0.2500 0.2500 0.2500 0.2500 1.2500 1.9040 3.4093 
6.0000 60.0000 6.0000 4.0000 1.0000 0.0000 8 -1.0000 0.0000 1.1100 14.0000 6.0000 -2.0000 10.0000 -6.0000 2.0000 0.2500 0.2500 0.2500 0.2500 0.2500 1.2500 1.9918 3.4927 
6.0000 53.0000 6.0000 2.0000 0.0000 0.0000 2 1.0000 0.0000 1.8020 -4.0000 4.0000 12.0000 0.0000 8.0000 -8.0000 0.2480 0.1881 0.3378 0.2767 0.1948 1.2455 1.9689 3.4714 
6.0000 12.0000 6.0000 -4.0000 0.0000 1.3000 8 -1.0000 1.0000 1.9740 6.0000 -6.0000 -14.0000 -2.0000 -10.0000 2.0000 0.2991 0.2674 0.1583 0.3011 0.2274 1.2532 1.9477 3.4626 
6.0000 38.0000 6.0000 0.0000 0.0000 -1.3000 8 -1.0000 0.0000 2.7870 -10.0000 -2.0000 6.0000 -6.0000 10.0000 2.0000 0.3953 0.2084 0.2498 0.1660 0.2355 1.2549 1.9384 3.4476 
6.0000 42.0000 6.0000 0.0000 0.0000 3.9000 8 -1.0000 1.0000 0.8450 6.0000 -2.0000 -6.0000 2.0000 -10.0000 10.0000 0.2339 0.3505 0.1860 0.2118 0.2612 1.2434 1.7582 3.2526 
6.0000 57.0000 6.0000 4.0000 1.0000 -3.9000 2 1.0000 1.0000 0.9840 10.0000 -2.0000 -6.0000 14.0000 2.0000 6.0000 0.2500 0.2500 0.2500 0.2500 0.2500 1.2500 1.7906 3.2926 
6.0000 35.0000 6.0000 0.0000 1.0000 3.9000 8 -1.0000 1.0000 0.9880 -2.0000 6.0000 10.0000 -10.0000 2.0000 -6.0000 0.2500 0.2500 0.2500 0.2500 0.2500 1.2500 1.9643 3.4592 
6.0000 56.0000 6.0000 2.0000 0.0000 3.9000 8 -1.0000 1.0000 0.8810 8.0000 -4.0000 -8.0000 12.0000 0.0000 4.0000 0.3307 0.1849 0.2207 0.1757 0.3319 1.2439 1.9660 3.4531 
6.0000 43.0000 6.0000 2.0000 1.0000 -3.9000 2 1.0000 1.0000 2.6760 12.0000 0.0000 -4.0000 4.0000 -8.0000 8.0000 0.2500 0.2500 0.2500 0.2500 0.2500 1.2500 1.8933 3.3924 
6.0000 49.0000 6.0000 2.0000 1.0000 3.9000 8 -1.0000 1.0000 1.1330 12.0000 4.0000 -8.0000 8.0000 -4.0000 0.0000 0.2500 0.2500 0.2500 0.2500 0.2500 1.2500 1.9726 3.4592 
6.0000 13.0000 6.0000 -4.0000 0.0000 2.6000 8 -1.0000 1.0000 0.9880 6.0000 -2.0000 -10.0000 2.0000 -14.0000 -6.0000 0.2760 0.1693 0.2282 0.3811 0.2006 1.2551 1.8969 3.4143 
6.0000 29.0000 6.0000 0.0000 1.0000 -3.9000 2 1.0000 1.0000 0.9430 -10.0000 2.0000 10.0000 -2.0000 6.0000 -6.0000 0.2500 0.2500 0.2500 0.2500 0.2500 1.2500 1.9388 3.4426 
6.0000 20.0000 6.0000 -2.0000 1.0000 2.6000 8 -1.0000 1.0000 1.3860 -8.0000 0.0000 4.0000 -4.0000 8.0000 -12.0000 0.2500 0.2500 0.2500 0.2500 0.2500 1.2500 1.8531 3.3592 
6.0000 37.0000 6.0000 0.0000 0.0000 -2.6000 2 1.0000 1.0000 1.5400 10.0000 -2.0000 -6.0000 2.0000 -10.0000 6.0000 0.2327 0.3472 0.1554 0.3079 0.2002 1.2434 1.8235 3.3192 
6.0000 54.0000 6.0000 2.0000 0.0000 1.3000 8 -1.0000 1.0000 0.7840 -8.0000 0.0000 8.0000 -4.0000 12.0000 4.0000 0.2884 0.2075 0.2627 0.1875 0.3070 1.2532 1.9747 3.4791 
6.0000 40.0000 6.0000 0.0000 0.0000 1.3000 2 1.0000 0.0000 2.3080 6.0000 -6.0000 -10.0000 10.0000 -2.0000 2.0000 0.2763 0.3461 0.2139 0.2584 0.1595 1.2541 1.8127 3.3134 
6.0000 16.0000 6.0000 -2.0000 1.0000 -2.6000 2 1.0000 1.0000 1.1130 -8.0000 4.0000 8.0000 -12.0000 0.0000 -4.0000 0.2500 0.2500 0.2500 0.2500 0.2500 1.2500 1.9739 3.4760 
6.0000 18.0000 6.0000 -2.0000 1.0000 0.0000 8 -1.0000 0.0000 3.7760 -12.0000 0.0000 8.0000 -4.0000 4.0000 -8.0000 0.2500 0.2500 0.2500 0.2500 0.2500 1.2500 1.7845 3.2758 
6.0000 36.0000 6.0000 0.0000 0.0000 -3.9000 8 -1.0000 0.0000 2.1090 -10.0000 2.0000 6.0000 -2.0000 10.0000 -6.0000 0.2457 0.1771 0.3176 0.1619 0.3401 1.2425 1.9362 3.4185 
6.0000 4.0000 6.0000 -4.0000 1.0000 0.0000 2 1.0000 0.0000 2.7300 2.0000 -6.0000 -14.0000 -2.0000 -10.0000 6.0000 0.2500 0.2500 0.2500 0.2500 0.2500 1.2500 1.8328 3.3258 
6.0000 3.0000 6.0000 -4.0000 1.0000 -1.3000 2 1.0000 1.0000 2.5710 2.0000 -10.0000 -14.0000 6.0000 -6.0000 -2.0000 0.2500 0.2500 0.2500 0.2500 0.2500 1.2500 1.8607 3.3760 
6.0000 62.0000 6.0000 4.0000 1.0000 2.6000 8 -1.0000 1.0000 4.3180 10.0000 2.0000 -6.0000 6.0000 -2.0000 14.0000 0.2500 0.2500 0.2500 0.2500 0.2500 1.2500 1.9407 3.4425 
6.0000 11.0000 6.0000 -4.0000 0.0000 0.0000 2 1.0000 0.0000 1.1030 -2.0000 -10.0000 -14.0000 6.0000 -6.0000 2.0000 0.2928 0.2392 0.1837 0.2476 0.2870 1.2503 1.9035 3.4095 
6.0000 67.0000 6.0000 4.0000 0.0000 0.0000 8 -1.0000 0.0000 1.9110 -2.0000 10.0000 14.0000 -6.0000 6.0000 2.0000 0.1669 0.3857 0.3094 0.1580 0.2398 1.2598 1.9111 3.4189 
6.0000 5.0000 6.0000 -4.0000 1.0000 1.3000 8 -1.0000 1.0000 2.3690 2.0000 -6.0000 -14.0000 -2.0000 -10.0000 6.0000 0.2500 0.2500 0.2500 0.2500 0.2500 1.2500 1.8766 3.3758 
6.0000 52.0000 6.0000 2.0000 0.0000 -1.3000 8 -1.0000 0.0000 2.0630 -8.0000 4.0000 8.0000 0.0000 12.0000 -4.0000 0.3472 0.1872 0.2933 0.1712 0.2508 1.2498 1.9287 3.4258 
6.0000 15.0000 6.0000 -2.0000 1.0000 -3.9000 2 1.0000 1.0000 1.9920 -12.0000 -4.0000 4.0000 -8.0000 8.0000 0.0000 0.2500 0.2500 0.2500 0.2500 0.2500 1.2500 1.7842 3.2758 
6.0000 46.0000 6.0000 2.0000 1.0000 0.0000 8 -1.0000 0.0000 2.6270 12.0000 4.0000 -8.0000 8.0000 -4.0000 0.0000 0.2500 0.2500 0.2500 0.2500 0.2500 1.2500 1.7777 3.2758 
6.0000 14.0000 6.0000 -4.0000 0.0000 3.9000 8 -1.0000 1.0000 1.1270 6.0000 -2.0000 -10.0000 2.0000 -14.0000 -6.0000 0.3286 0.2765 0.2419 0.1703 0.2345 1.2518 1.8963 3.3944 
6.0000 17.0000 6.0000 -2.0000 1.0000 -1.3000 8 -1.0000 0.0000 2.8360 -8.0000 4.0000 8.0000 -12.0000 0.0000 -4.0000 0.2500 0.2500 0.2500 0.2500 0.2500 1.2500 1.7956 3.2924 
6.0000 69.0000 6.0000 4.0000 0.0000 2.6000 8 -1.0000 1.0000 0.9290 -2.0000 10.0000 14.0000 -6.0000 6.0000 2.0000 0.1776 0.3531 0.2550 0.1830 0.2907 1.2593 1.8763 3.3853 
6.0000 59.0000 6.0000 4.0000 1.0000 -1.3000 2 1.0000 1.0000 0.9890 14.0000 6.0000 -2.0000 10.0000 -6.0000 2.0000 0.2500 0.2500 0.2500 0.2500 0.2500 1.2500 1.7794 3.2925 
6.0000 45.0000 6.0000 2.0000 1.0000 -1.3000 2 1.0000 1.0000 0.9320 12.0000 0.0000 -8.0000 4.0000 -4.0000 8.0000 0.2500 0.2500 0.2500 0.2500 0.2500 1.2500 1.9116 3.4091 
6.0000 33.0000 6.0000 0.0000 1.0000 1.3000 8 -1.0000 1.0000 1.2710 -6.0000 2.0000 10.0000 -2.0000 6.0000 -10.0000 0.2500 0.2500 0.2500 0.2500 0.2500 1.2500 1.9824 3.4925 
6.0000 7.0000 6.0000 -4.0000 1.0000 3.9000 8 -1.0000 1.0000 1.2240 2.0000 -6.0000 -10.0000 -2.0000 -14.0000 6.0000 0.2500 0.2500 0.2500 0.2500 0.2500 1.2500 1.9572 3.4592 
6.0000 19.0000 6.0000 -2.0000 1.0000 1.3000 8 -1.0000 1.0000 4.1660 -8.0000 4.0000 8.0000 -12.0000 0.0000 -4.0000 0.2500 0.2500 0.2500 0.2500 0.2500 1.2500 1.9185 3.4260 
6.0000 26.0000 6.0000 -2.0000 0.0000 1.3000 2 1.0000 0.0000 1.9250 4.0000 -4.0000 -8.0000 0.0000 -12.0000 8.0000 0.2298 0.3317 0.2269 0.2723 0.1888 1.2495 1.8300 3.3253 
6.0000 65.0000 6.0000 4.0000 0.0000 -2.6000 2 1.0000 1.0000 4.4940 -6.0000 2.0000 10.0000 -2.0000 14.0000 6.0000 0.3755 0.1570 0.2147 0.3098 0.1843 1.2413 1.7625 3.2505 
6.0000 41.0000 6.0000 0.0000 0.0000 2.6000 8 -1.0000 1.0000 1.5060 -10.0000 -2.0000 6.0000 -6.0000 10.0000 2.0000 0.1728 0.2892 0.1942 0.3868 0.2090 1.2520 1.8202 3.3111 
6.0000 63.0000 6.0000 4.0000 1.0000 3.9000 8 -1.0000 1.0000 0.8500 14.0000 2.0000 -6.0000 6.0000 -2.0000 10.0000 0.2500 0.2500 0.2500 0.2500 0.2500 1.2500 1.7997 3.2926 
6.0000 24.0000 6.0000 -2.0000 0.0000 -1.3000 2 1.0000 1.0000 0.7150 -12.0000 -4.0000 8.0000 -8.0000 4.0000 0.0000 0.1911 0.2200 0.2707 0.3711 0.1917 1.2446 1.7517 3.2538 
6.0000 21.0000 6.0000 -2.0000 1.0000 3.9000 8 -1.0000 1.0000 1.0650 -12.0000 -4.0000 4.0000 -8.0000 8.0000 0.0000 0.2500 0.2500 0.2500 0.2500 0.2500 1.2500 1.9640 3.4759 
6.0000 58.0000 6.0000 4.0000 1.0000 -2.6000 8 -1.0000 0.0000 1.7830 -6.0000 6.0000 14.0000 2.0000 10.0000 -2.0000 0.2500 0.2500 0.2500 0.2500 0.2500 1.2500 1.8031 3.3092 
6.0000 34.0000 6.0000 0.0000 1.0000 2.6000 2 1.0000 0.0000 1.9030 -2.0000 6.0000 10.0000 -10.0000 2.0000 -6.0000 0.2500 0.2500 0.2500 0.2500 0.2500 1.2500 1.8336 3.3425 
6.0000 44.0000 6.0000 2.0000 1.0000 -2.6000 2 1.0000 1.0000 1.5610 12.0000 0.0000 -8.0000 4.0000 -4.0000 8.0000 0.2500 0.2500 0.2500 0.2500 0.2500 1.2500 1.9018 3.4094 
6.0000 48.0000 6.0000 2.0000 1.0000 2.6000 8 -1.0000 1.0000 2.4600 -8.0000 0.0000 12.0000 -4.0000 8.0000 4.0000 0.2500 0.2500 0.2500 0.2500 0.2500 1.2500 1.9944 3.4925 
6.0000 9.0000 6.0000 -4.0000 0.0000 -2.6000 2 1.0000 1.0000 1.6340 -14.0000 -6.0000 2.0000 -10.0000 6.0000 -2.0000 0.2671 0.2079 0.1780 0.3886 0.1996 1.2412 1.8469 3.3338 
6.0000 32.0000 6.0000 0.0000 1.0000 0.0000 8 -1.0000 0.0000 1.0180 10.0000 2.0000 -6.0000 6.0000 -10.0000 -2.0000 0.2500 0.2500 0.2500 0.2500 0.2500 1.2500 1.8789 3.3758 
6.0000 55.0000 6.0000 2.0000 0.0000 2.6000 8 -1.0000 1.0000 1.8590 12.0000 0.0000 -4.0000 4.0000 -8.0000 8.0000 0.1795 0.3916 0.3140 0.1598 0.1962 1.2412 1.7900 3.2837 
6.0000 1.0000 6.0000 -4.0000 1.0000 -3.9000 2 1.0000 1.0000 0.8850 6.0000 -6.0000 -10.0000 -2.0000 -14.0000 2.0000 0.2500 0.2500 0.2500 0.2500 0.2500 1.2500 1.7773 3.2758 
6.0000 39.0000 6.0000 0.0000 0.0000 0.0000 8 -1.0000 0.0000 1.2760 -6.0000 2.0000 10.0000 -2.0000 6.0000 -10.0000 0.1598 0.3828 0.2179 0.2567 0.2243 1.2415 1.7910 3.2674 
6.0000 30.0000 6.0000 0.0000 1.0000 -2.6000 2 1.0000 1.0000 0.8360 2.0000 -6.0000 -10.0000 10.0000 -2.0000 6.0000 0.2500 0.2500 0.2500 0.2500 0.2500 1.2500 1.9709 3.4760 
6.0000 25.0000 6.0000 -2.0000 0.0000 0.0000 8 -1.0000 0.0000 1.3520 8.0000 -4.0000 -8.0000 0.0000 -12.0000 4.0000 0.2704 0.1663 0.3316 0.2836 0.1900 1.2417 1.9051 3.4009 
6.0000 68.0000 6.0000 4.0000 0.0000 1.3000 8 -1.0000 1.0000 0.9970 -2.0000 6.0000 10.0000 2.0000 14.0000 -6.0000 0.1997 0.2550 0.2143 0.3261 0.2586 1.2537 1.9226 3.4295 
6.0000 6.0000 6.0000 -4.0000 1.0000 2.6000 8 -1.0000 1.0000 0.9770 -14.0000 -6.0000 2.0000 -10.0000 6.0000 -2.0000 0.2500 0.2500 0.2500 0.2500 0.2500 1.2500 1.9557 3.4593 
6.0000 2.0000 6.0000 -4.0000 1.0000 -2.6000 2 1.0000 1.0000 0.8740 6.0000 -6.0000 -10.0000 -2.0000 -14.0000 2.0000 0.2500 0.2500 0.2500 0.2500 0.2500 1.2500 1.8786 3.3759 
6.0000 64.0000 6.0000 4.0000 0.0000 -3.9000 2 1.0000 1.0000 1.4780 -2.0000 6.0000 14.0000 2.0000 10.0000 -6.0000 0.3495 0.1545 0.1870 0.2651 0.3000 1.2560 1.8220 3.3318 
6.0000 23.0000 6.0000 -2.0000 0.0000 -2.6000 8 -1.0000 0.0000 2.0010 8.0000 0.0000 -8.0000 4.0000 -12.0000 -4.0000 0.1737 0.2894 0.3967 0.1818 0.2095 1.2511 1.8859 3.3936 
6.0000 28.0000 6.0000 -2.0000 0.0000 3.9000 8 -1.0000 1.0000 0.9550 8.0000 0.0000 -12.0000 4.0000 -8.0000 -4.0000 0.2620 0.2014 0.2568 0.3635 0.1605 1.2442 1.7872 3.2867 
