subNo index block mean periodicity testLevel pressedKey answer isCorrect rt s1 s2 s3 s4 s5 s6 t1 t2 t3 t4 t5 seqDuration startInterval trialDuration 
3.0000 39.0000 1.0000 0.0000 0.0000 0.0000 8 1.0000 0.0000 1.3650 10.0000 -2.0000 -6.0000 2.0000 -10.0000 6.0000 0.2867 0.1637 0.2851 0.2008 0.3052 1.2415 1.7933 3.3007 
3.0000 57.0000 1.0000 4.0000 1.0000 -4.9500 8 1.0000 1.0000 0.6730 -2.0000 10.0000 14.0000 -6.0000 6.0000 2.0000 0.2500 0.2500 0.2500 0.2500 0.2500 1.2500 1.8736 3.3758 
3.0000 26.0000 1.0000 -2.0000 0.0000 1.6500 2 -1.0000 1.0000 0.8520 -4.0000 4.0000 8.0000 -12.0000 0.0000 -8.0000 0.1519 0.2263 0.2968 0.2035 0.3675 1.2459 1.9055 3.4053 
3.0000 14.0000 1.0000 -4.0000 0.0000 4.9500 2 -1.0000 1.0000 1.9290 2.0000 -6.0000 -10.0000 -2.0000 -14.0000 6.0000 0.1880 0.2209 0.3340 0.2070 0.3034 1.2534 1.8777 3.3792 
3.0000 21.0000 1.0000 -2.0000 1.0000 4.9500 2 -1.0000 1.0000 1.4620 -12.0000 -4.0000 8.0000 -8.0000 4.0000 0.0000 0.2500 0.2500 0.2500 0.2500 0.2500 1.2500 1.7733 3.2759 
3.0000 23.0000 1.0000 -2.0000 0.0000 -3.3000 8 1.0000 1.0000 0.9340 -12.0000 -4.0000 8.0000 -8.0000 4.0000 0.0000 0.2541 0.1981 0.2806 0.2274 0.2963 1.2565 1.9586 3.4658 
3.0000 66.0000 1.0000 4.0000 0.0000 -1.6500 8 1.0000 1.0000 1.3750 14.0000 2.0000 -6.0000 6.0000 -2.0000 10.0000 0.2290 0.2612 0.1682 0.2080 0.3798 1.2462 1.8883 3.3887 
3.0000 60.0000 1.0000 4.0000 1.0000 0.0000 2 -1.0000 0.0000 1.3250 -6.0000 6.0000 14.0000 2.0000 10.0000 -2.0000 0.2500 0.2500 0.2500 0.2500 0.2500 1.2500 1.8017 3.2924 
3.0000 52.0000 1.0000 2.0000 0.0000 -1.6500 8 1.0000 1.0000 2.4670 -8.0000 4.0000 8.0000 0.0000 12.0000 -4.0000 0.1785 0.1532 0.2663 0.3904 0.2581 1.2465 1.9239 3.4224 
3.0000 25.0000 1.0000 -2.0000 0.0000 0.0000 8 1.0000 0.0000 1.5900 -12.0000 0.0000 4.0000 -4.0000 8.0000 -8.0000 0.2522 0.3733 0.1717 0.2912 0.1578 1.2463 1.9107 3.4055 
3.0000 17.0000 1.0000 -2.0000 1.0000 -1.6500 8 1.0000 1.0000 1.1960 -12.0000 0.0000 4.0000 -4.0000 8.0000 -8.0000 0.2500 0.2500 0.2500 0.2500 0.2500 1.2500 1.9346 3.4259 
3.0000 27.0000 1.0000 -2.0000 0.0000 3.3000 2 -1.0000 1.0000 1.4610 -12.0000 -4.0000 4.0000 -8.0000 8.0000 0.0000 0.2206 0.3866 0.2915 0.1633 0.1913 1.2533 1.8345 3.3459 
3.0000 58.0000 1.0000 4.0000 1.0000 -3.3000 8 1.0000 1.0000 1.0670 -6.0000 6.0000 14.0000 2.0000 10.0000 -2.0000 0.2500 0.2500 0.2500 0.2500 0.2500 1.2500 1.7882 3.2924 
3.0000 19.0000 1.0000 -2.0000 1.0000 1.6500 2 -1.0000 1.0000 1.3380 4.0000 -8.0000 -12.0000 8.0000 -4.0000 0.0000 0.2500 0.2500 0.2500 0.2500 0.2500 1.2500 1.7665 3.2759 
3.0000 61.0000 1.0000 4.0000 1.0000 1.6500 2 -1.0000 1.0000 1.1370 14.0000 2.0000 -2.0000 6.0000 -6.0000 10.0000 0.2500 0.2500 0.2500 0.2500 0.2500 1.2500 1.9628 3.4594 
3.0000 51.0000 1.0000 2.0000 0.0000 -3.3000 8 1.0000 1.0000 0.8470 -8.0000 0.0000 8.0000 -4.0000 12.0000 4.0000 0.2131 0.2728 0.3713 0.2207 0.1801 1.2581 1.7633 3.2673 
3.0000 7.0000 1.0000 -4.0000 1.0000 4.9500 2 -1.0000 1.0000 1.5280 -10.0000 -2.0000 2.0000 -6.0000 6.0000 -14.0000 0.2500 0.2500 0.2500 0.2500 0.2500 1.2500 1.9681 3.4759 
3.0000 29.0000 1.0000 0.0000 1.0000 -4.9500 8 1.0000 1.0000 0.8450 -10.0000 -2.0000 10.0000 -6.0000 6.0000 2.0000 0.2500 0.2500 0.2500 0.2500 0.2500 1.2500 1.9607 3.4591 
3.0000 41.0000 1.0000 0.0000 0.0000 3.3000 2 -1.0000 1.0000 1.2770 10.0000 2.0000 -10.0000 6.0000 -6.0000 -2.0000 0.1943 0.2827 0.3108 0.2691 0.1942 1.2511 1.8435 3.3435 
3.0000 46.0000 1.0000 2.0000 1.0000 0.0000 8 1.0000 0.0000 2.4920 8.0000 -4.0000 -8.0000 12.0000 0.0000 4.0000 0.2500 0.2500 0.2500 0.2500 0.2500 1.2500 1.7884 3.2925 
3.0000 4.0000 1.0000 -4.0000 1.0000 0.0000 8 1.0000 0.0000 1.2660 6.0000 -6.0000 -10.0000 -2.0000 -14.0000 2.0000 0.2500 0.2500 0.2500 0.2500 0.2500 1.2500 1.9764 3.4759 
3.0000 48.0000 1.0000 2.0000 1.0000 3.3000 2 -1.0000 1.0000 0.9600 -4.0000 4.0000 8.0000 0.0000 12.0000 -8.0000 0.2500 0.2500 0.2500 0.2500 0.2500 1.2500 1.8244 3.3259 
3.0000 8.0000 1.0000 -4.0000 0.0000 -4.9500 8 1.0000 1.0000 0.9050 6.0000 -6.0000 -10.0000 -2.0000 -14.0000 2.0000 0.2105 0.2567 0.1509 0.3499 0.2741 1.2421 1.9078 3.3846 
3.0000 47.0000 1.0000 2.0000 1.0000 1.6500 2 -1.0000 1.0000 2.5380 12.0000 0.0000 -8.0000 4.0000 -4.0000 8.0000 0.2500 0.2500 0.2500 0.2500 0.2500 1.2500 1.9061 3.4091 
3.0000 70.0000 1.0000 4.0000 0.0000 4.9500 2 -1.0000 1.0000 1.0610 10.0000 2.0000 -2.0000 6.0000 -6.0000 14.0000 0.2854 0.1529 0.1858 0.2720 0.3620 1.2581 1.7675 3.2838 
3.0000 24.0000 1.0000 -2.0000 0.0000 -1.6500 8 1.0000 1.0000 1.3690 8.0000 -4.0000 -8.0000 0.0000 -12.0000 4.0000 0.1521 0.3517 0.2542 0.2835 0.2125 1.2540 1.9007 3.4132 
3.0000 15.0000 1.0000 -2.0000 1.0000 -4.9500 8 1.0000 1.0000 0.7930 4.0000 -4.0000 -12.0000 0.0000 -8.0000 8.0000 0.2500 0.2500 0.2500 0.2500 0.2500 1.2500 1.8630 3.3592 
3.0000 6.0000 1.0000 -4.0000 1.0000 3.3000 8 1.0000 0.0000 2.5960 2.0000 -10.0000 -14.0000 6.0000 -6.0000 -2.0000 0.2500 0.2500 0.2500 0.2500 0.2500 1.2500 1.7919 3.2925 
3.0000 30.0000 1.0000 0.0000 1.0000 -3.3000 8 1.0000 1.0000 0.9700 2.0000 -6.0000 -10.0000 10.0000 -2.0000 6.0000 0.2500 0.2500 0.2500 0.2500 0.2500 1.2500 1.8632 3.3592 
3.0000 49.0000 1.0000 2.0000 1.0000 4.9500 2 -1.0000 1.0000 0.9220 4.0000 -4.0000 -8.0000 12.0000 0.0000 8.0000 0.2500 0.2500 0.2500 0.2500 0.2500 1.2500 1.8724 3.3759 
3.0000 38.0000 1.0000 0.0000 0.0000 -1.6500 8 1.0000 1.0000 0.8380 6.0000 -6.0000 -10.0000 10.0000 -2.0000 2.0000 0.2864 0.1631 0.1927 0.2684 0.3420 1.2526 1.8649 3.3618 
3.0000 5.0000 1.0000 -4.0000 1.0000 1.6500 8 1.0000 0.0000 1.0160 -10.0000 2.0000 6.0000 -14.0000 -2.0000 -6.0000 0.2500 0.2500 0.2500 0.2500 0.2500 1.2500 1.9785 3.4760 
3.0000 10.0000 1.0000 -4.0000 0.0000 -1.6500 8 1.0000 1.0000 0.8180 -14.0000 -6.0000 6.0000 -10.0000 2.0000 -2.0000 0.2268 0.1985 0.2782 0.3304 0.2171 1.2509 1.7745 3.2767 
3.0000 34.0000 1.0000 0.0000 1.0000 3.3000 2 -1.0000 1.0000 2.7070 10.0000 -2.0000 -10.0000 2.0000 -6.0000 6.0000 0.2500 0.2500 0.2500 0.2500 0.2500 1.2500 1.8485 3.3426 
3.0000 55.0000 1.0000 2.0000 0.0000 3.3000 2 -1.0000 1.0000 1.5120 8.0000 0.0000 -8.0000 4.0000 -4.0000 12.0000 0.1938 0.2927 0.1964 0.2992 0.2660 1.2482 1.9552 3.4574 
3.0000 18.0000 1.0000 -2.0000 1.0000 0.0000 8 1.0000 0.0000 2.3490 8.0000 0.0000 -8.0000 4.0000 -12.0000 -4.0000 0.2500 0.2500 0.2500 0.2500 0.2500 1.2500 1.7581 3.2593 
3.0000 50.0000 1.0000 2.0000 0.0000 -4.9500 8 1.0000 1.0000 1.5570 -4.0000 8.0000 12.0000 -8.0000 4.0000 0.0000 0.1726 0.2732 0.1910 0.3232 0.2898 1.2498 1.9107 3.4089 
3.0000 32.0000 1.0000 0.0000 1.0000 0.0000 8 1.0000 0.0000 2.8060 -6.0000 6.0000 10.0000 -10.0000 2.0000 -2.0000 0.2500 0.2500 0.2500 0.2500 0.2500 1.2500 1.8628 3.3592 
3.0000 35.0000 1.0000 0.0000 1.0000 4.9500 2 -1.0000 1.0000 1.3260 10.0000 -2.0000 -10.0000 2.0000 -6.0000 6.0000 0.2500 0.2500 0.2500 0.2500 0.2500 1.2500 1.8419 3.3427 
3.0000 65.0000 1.0000 4.0000 0.0000 -3.3000 8 1.0000 1.0000 1.3640 14.0000 6.0000 -2.0000 10.0000 -6.0000 2.0000 0.3082 0.2074 0.3156 0.2301 0.1922 1.2535 1.7790 3.2793 
3.0000 20.0000 1.0000 -2.0000 1.0000 3.3000 8 1.0000 0.0000 1.2500 -12.0000 0.0000 8.0000 -4.0000 4.0000 -8.0000 0.2500 0.2500 0.2500 0.2500 0.2500 1.2500 1.7603 3.2593 
3.0000 67.0000 1.0000 4.0000 0.0000 0.0000 2 -1.0000 0.0000 0.9300 -6.0000 6.0000 14.0000 2.0000 10.0000 -2.0000 0.2214 0.3412 0.1660 0.3289 0.1916 1.2492 1.7589 3.2583 
3.0000 11.0000 1.0000 -4.0000 0.0000 0.0000 8 1.0000 0.0000 0.7900 2.0000 -6.0000 -14.0000 -2.0000 -10.0000 6.0000 0.3220 0.1658 0.3126 0.2762 0.1820 1.2586 1.8324 3.3344 
3.0000 1.0000 1.0000 -4.0000 1.0000 -4.9500 8 1.0000 1.0000 1.0510 -14.0000 -2.0000 6.0000 -6.0000 2.0000 -10.0000 0.2500 0.2500 0.2500 0.2500 0.2500 1.2500 1.9613 3.4592 
3.0000 31.0000 1.0000 0.0000 1.0000 -1.6500 8 1.0000 1.0000 2.3160 -6.0000 6.0000 10.0000 -10.0000 2.0000 -2.0000 0.2500 0.2500 0.2500 0.2500 0.2500 1.2500 1.7781 3.2759 
3.0000 40.0000 1.0000 0.0000 0.0000 1.6500 2 -1.0000 1.0000 1.1740 -6.0000 2.0000 6.0000 -2.0000 10.0000 -10.0000 0.2548 0.1944 0.3272 0.2169 0.2581 1.2514 1.8863 3.3940 
3.0000 42.0000 1.0000 0.0000 0.0000 4.9500 2 -1.0000 1.0000 1.2150 -10.0000 2.0000 10.0000 -2.0000 6.0000 -6.0000 0.2680 0.2329 0.3217 0.1685 0.2563 1.2474 1.8105 3.3066 
3.0000 45.0000 1.0000 2.0000 1.0000 -1.6500 8 1.0000 1.0000 1.4340 8.0000 -4.0000 -8.0000 12.0000 0.0000 4.0000 0.2500 0.2500 0.2500 0.2500 0.2500 1.2500 1.9212 3.4260 
3.0000 28.0000 1.0000 -2.0000 0.0000 4.9500 2 -1.0000 1.0000 1.0080 -12.0000 0.0000 8.0000 -4.0000 4.0000 -8.0000 0.2301 0.3639 0.2038 0.2877 0.1583 1.2438 1.8666 3.3697 
3.0000 16.0000 1.0000 -2.0000 1.0000 -3.3000 8 1.0000 1.0000 3.6580 8.0000 0.0000 -12.0000 4.0000 -8.0000 -4.0000 0.2500 0.2500 0.2500 0.2500 0.2500 1.2500 1.8086 3.3092 
3.0000 2.0000 1.0000 -4.0000 1.0000 -3.3000 8 1.0000 1.0000 1.7210 2.0000 -10.0000 -14.0000 6.0000 -6.0000 -2.0000 0.2500 0.2500 0.2500 0.2500 0.2500 1.2500 1.7606 3.2591 
3.0000 3.0000 1.0000 -4.0000 1.0000 -1.6500 8 1.0000 1.0000 0.8250 -10.0000 2.0000 6.0000 -14.0000 -2.0000 -6.0000 0.2500 0.2500 0.2500 0.2500 0.2500 1.2500 1.7650 3.2591 
3.0000 53.0000 1.0000 2.0000 0.0000 0.0000 8 1.0000 0.0000 1.6980 4.0000 -4.0000 -8.0000 12.0000 0.0000 8.0000 0.2167 0.3710 0.1580 0.2373 0.2653 1.2483 1.8160 3.3075 
3.0000 63.0000 1.0000 4.0000 1.0000 4.9500 2 -1.0000 1.0000 1.0760 14.0000 2.0000 -2.0000 6.0000 -6.0000 10.0000 0.2500 0.2500 0.2500 0.2500 0.2500 1.2500 1.8827 3.3759 
3.0000 12.0000 1.0000 -4.0000 0.0000 1.6500 8 1.0000 0.0000 1.8330 2.0000 -10.0000 -14.0000 6.0000 -6.0000 -2.0000 0.2157 0.1867 0.2830 0.1772 0.3801 1.2426 1.8957 3.3852 
3.0000 44.0000 1.0000 2.0000 1.0000 -3.3000 8 1.0000 1.0000 1.3490 -8.0000 4.0000 8.0000 0.0000 12.0000 -4.0000 0.2500 0.2500 0.2500 0.2500 0.2500 1.2500 1.9405 3.4259 
3.0000 64.0000 1.0000 4.0000 0.0000 -4.9500 8 1.0000 1.0000 2.4040 -6.0000 6.0000 14.0000 2.0000 10.0000 -2.0000 0.1798 0.3414 0.2443 0.3356 0.1534 1.2545 1.8717 3.3804 
3.0000 36.0000 1.0000 0.0000 0.0000 -4.9500 8 1.0000 1.0000 0.9320 10.0000 -2.0000 -6.0000 2.0000 -10.0000 6.0000 0.3315 0.2970 0.1556 0.1867 0.2719 1.2427 1.7966 3.3020 
3.0000 9.0000 1.0000 -4.0000 0.0000 -3.3000 8 1.0000 1.0000 0.9760 6.0000 -6.0000 -10.0000 -2.0000 -14.0000 2.0000 0.2008 0.2609 0.2308 0.3285 0.2238 1.2447 1.8512 3.3539 
3.0000 13.0000 1.0000 -4.0000 0.0000 3.3000 2 -1.0000 1.0000 1.2160 6.0000 -2.0000 -14.0000 2.0000 -10.0000 -6.0000 0.2606 0.1665 0.2781 0.3108 0.2358 1.2518 1.8730 3.3777 
3.0000 33.0000 1.0000 0.0000 1.0000 1.6500 2 -1.0000 1.0000 1.4600 2.0000 -6.0000 -10.0000 10.0000 -2.0000 6.0000 0.2500 0.2500 0.2500 0.2500 0.2500 1.2500 1.9500 3.4594 
3.0000 68.0000 1.0000 4.0000 0.0000 1.6500 2 -1.0000 1.0000 0.9310 -6.0000 6.0000 10.0000 2.0000 14.0000 -2.0000 0.2980 0.1997 0.2798 0.1583 0.3152 1.2510 1.7896 3.2935 
3.0000 37.0000 1.0000 0.0000 0.0000 -3.3000 8 1.0000 1.0000 0.8450 -10.0000 -2.0000 10.0000 -6.0000 6.0000 2.0000 0.1639 0.2181 0.2853 0.3576 0.2281 1.2530 1.8294 3.3288 
3.0000 54.0000 1.0000 2.0000 0.0000 1.6500 2 -1.0000 1.0000 1.1840 -8.0000 4.0000 12.0000 0.0000 8.0000 -4.0000 0.2840 0.1965 0.2533 0.3431 0.1806 1.2574 1.7532 3.2500 
3.0000 62.0000 1.0000 4.0000 1.0000 3.3000 2 -1.0000 1.0000 0.8110 14.0000 2.0000 -6.0000 6.0000 -2.0000 10.0000 0.2500 0.2500 0.2500 0.2500 0.2500 1.2500 1.9818 3.4759 
3.0000 43.0000 1.0000 2.0000 1.0000 -4.9500 8 1.0000 1.0000 0.7240 8.0000 -4.0000 -8.0000 12.0000 0.0000 4.0000 0.2500 0.2500 0.2500 0.2500 0.2500 1.2500 1.8740 3.3759 
3.0000 69.0000 1.0000 4.0000 0.0000 3.3000 2 -1.0000 1.0000 0.8680 -6.0000 6.0000 10.0000 2.0000 14.0000 -2.0000 0.2200 0.1510 0.2884 0.3368 0.2496 1.2458 1.9254 3.4216 
3.0000 56.0000 1.0000 2.0000 0.0000 4.9500 2 -1.0000 1.0000 1.0110 -4.0000 4.0000 12.0000 0.0000 8.0000 -8.0000 0.1534 0.2585 0.1542 0.3041 0.3807 1.2509 1.7794 3.2934 
3.0000 59.0000 1.0000 4.0000 1.0000 -1.6500 8 1.0000 1.0000 1.4370 10.0000 2.0000 -2.0000 6.0000 -6.0000 14.0000 0.2500 0.2500 0.2500 0.2500 0.2500 1.2500 1.8071 3.3092 
3.0000 22.0000 1.0000 -2.0000 0.0000 -4.9500 8 1.0000 1.0000 1.2660 8.0000 -4.0000 -8.0000 0.0000 -12.0000 4.0000 0.3099 0.2030 0.2940 0.1868 0.2510 1.2448 1.8199 3.3206 
3.0000 31.0000 2.0000 0.0000 1.0000 -1.6500 8 1.0000 1.0000 0.8970 6.0000 -2.0000 -6.0000 2.0000 -10.0000 10.0000 0.2500 0.2500 0.2500 0.2500 0.2500 1.2500 1.8366 3.3427 
3.0000 45.0000 2.0000 2.0000 1.0000 -1.6500 8 1.0000 1.0000 2.2470 8.0000 0.0000 -4.0000 4.0000 -8.0000 12.0000 0.2500 0.2500 0.2500 0.2500 0.2500 1.2500 1.7751 3.2759 
3.0000 20.0000 2.0000 -2.0000 1.0000 3.3000 2 -1.0000 1.0000 1.0960 -12.0000 0.0000 4.0000 -4.0000 8.0000 -8.0000 0.2500 0.2500 0.2500 0.2500 0.2500 1.2500 1.7671 3.2759 
3.0000 8.0000 2.0000 -4.0000 0.0000 -4.9500 8 1.0000 1.0000 1.4410 -10.0000 -2.0000 2.0000 -6.0000 6.0000 -14.0000 0.2706 0.1961 0.2383 0.1554 0.3959 1.2563 1.7610 3.2654 
3.0000 35.0000 2.0000 0.0000 1.0000 4.9500 2 -1.0000 1.0000 4.4680 -6.0000 2.0000 10.0000 -2.0000 6.0000 -10.0000 0.2500 0.2500 0.2500 0.2500 0.2500 1.2500 1.9174 3.4092 
3.0000 47.0000 2.0000 2.0000 1.0000 1.6500 8 1.0000 0.0000 1.0600 8.0000 0.0000 -8.0000 4.0000 -4.0000 12.0000 0.2500 0.2500 0.2500 0.2500 0.2500 1.2500 1.9514 3.4425 
3.0000 41.0000 2.0000 0.0000 0.0000 3.3000 2 -1.0000 1.0000 3.4270 -2.0000 6.0000 10.0000 -10.0000 2.0000 -6.0000 0.1644 0.2633 0.3185 0.1928 0.3180 1.2570 1.8536 3.3494 
3.0000 66.0000 2.0000 4.0000 0.0000 -1.6500 2 -1.0000 0.0000 1.9610 14.0000 6.0000 -6.0000 10.0000 -2.0000 2.0000 0.2441 0.1680 0.3016 0.3418 0.1932 1.2487 1.8256 3.3246 
3.0000 7.0000 2.0000 -4.0000 1.0000 4.9500 2 -1.0000 1.0000 1.2530 6.0000 -6.0000 -10.0000 -2.0000 -14.0000 2.0000 0.2500 0.2500 0.2500 0.2500 0.2500 1.2500 1.7705 3.2760 
3.0000 51.0000 2.0000 2.0000 0.0000 -3.3000 8 1.0000 1.0000 1.7610 -8.0000 0.0000 12.0000 -4.0000 8.0000 4.0000 0.1848 0.3776 0.1822 0.2652 0.2318 1.2415 1.8515 3.3506 
3.0000 21.0000 2.0000 -2.0000 1.0000 4.9500 2 -1.0000 1.0000 1.2060 -8.0000 4.0000 8.0000 -12.0000 0.0000 -4.0000 0.2500 0.2500 0.2500 0.2500 0.2500 1.2500 1.9485 3.4592 
3.0000 30.0000 2.0000 0.0000 1.0000 -3.3000 8 1.0000 1.0000 2.2200 -10.0000 -2.0000 6.0000 -6.0000 10.0000 2.0000 0.2500 0.2500 0.2500 0.2500 0.2500 1.2500 1.9004 3.4092 
3.0000 61.0000 2.0000 4.0000 1.0000 1.6500 8 1.0000 0.0000 4.2410 -6.0000 2.0000 14.0000 -2.0000 10.0000 6.0000 0.2500 0.2500 0.2500 0.2500 0.2500 1.2500 1.8961 3.3925 
3.0000 23.0000 2.0000 -2.0000 0.0000 -3.3000 8 1.0000 1.0000 0.8260 -12.0000 -4.0000 4.0000 -8.0000 8.0000 0.0000 0.2444 0.1657 0.3408 0.2662 0.2347 1.2518 1.9602 3.4611 
3.0000 40.0000 2.0000 0.0000 0.0000 1.6500 8 1.0000 0.0000 1.8110 -10.0000 -2.0000 6.0000 -6.0000 10.0000 2.0000 0.1969 0.2418 0.3096 0.2647 0.2292 1.2423 1.9906 3.4848 
3.0000 43.0000 2.0000 2.0000 1.0000 -4.9500 8 1.0000 1.0000 0.9340 12.0000 4.0000 -8.0000 8.0000 -4.0000 0.0000 0.2500 0.2500 0.2500 0.2500 0.2500 1.2500 1.9838 3.4758 
3.0000 36.0000 2.0000 0.0000 0.0000 -4.9500 8 1.0000 1.0000 0.7660 -6.0000 2.0000 6.0000 -2.0000 10.0000 -10.0000 0.1735 0.3424 0.1718 0.2259 0.3310 1.2446 1.9778 3.4705 
3.0000 9.0000 2.0000 -4.0000 0.0000 -3.3000 8 1.0000 1.0000 1.2050 -10.0000 2.0000 6.0000 -14.0000 -2.0000 -6.0000 0.1846 0.3010 0.1839 0.2321 0.3403 1.2419 1.8994 3.3844 
3.0000 53.0000 2.0000 2.0000 0.0000 0.0000 8 1.0000 0.0000 1.6270 4.0000 -4.0000 -8.0000 12.0000 0.0000 8.0000 0.2119 0.2490 0.1880 0.2741 0.3207 1.2437 1.9021 3.4028 
3.0000 19.0000 2.0000 -2.0000 1.0000 1.6500 8 1.0000 0.0000 1.6190 8.0000 0.0000 -12.0000 4.0000 -8.0000 -4.0000 0.2500 0.2500 0.2500 0.2500 0.2500 1.2500 1.7811 3.2926 
3.0000 12.0000 2.0000 -4.0000 0.0000 1.6500 8 1.0000 0.0000 1.0940 2.0000 -10.0000 -14.0000 6.0000 -6.0000 -2.0000 0.1873 0.3703 0.2252 0.2821 0.1784 1.2433 1.9393 3.4360 
3.0000 5.0000 2.0000 -4.0000 1.0000 1.6500 8 1.0000 0.0000 3.6280 2.0000 -6.0000 -14.0000 -2.0000 -10.0000 6.0000 0.2500 0.2500 0.2500 0.2500 0.2500 1.2500 1.7722 3.2758 
3.0000 48.0000 2.0000 2.0000 1.0000 3.3000 2 -1.0000 1.0000 1.4880 0.0000 8.0000 12.0000 -8.0000 4.0000 -4.0000 0.2500 0.2500 0.2500 0.2500 0.2500 1.2500 1.9425 3.4426 
3.0000 58.0000 2.0000 4.0000 1.0000 -3.3000 8 1.0000 1.0000 2.4110 10.0000 -2.0000 -6.0000 14.0000 2.0000 6.0000 0.2500 0.2500 0.2500 0.2500 0.2500 1.2500 1.8467 3.3426 
3.0000 39.0000 2.0000 0.0000 0.0000 0.0000 8 1.0000 0.0000 1.7400 -10.0000 -2.0000 6.0000 -6.0000 10.0000 2.0000 0.3570 0.1866 0.1518 0.3680 0.1952 1.2586 1.8097 3.3179 
3.0000 44.0000 2.0000 2.0000 1.0000 -3.3000 8 1.0000 1.0000 1.5780 12.0000 4.0000 -8.0000 8.0000 -4.0000 0.0000 0.2500 0.2500 0.2500 0.2500 0.2500 1.2500 1.9939 3.4927 
3.0000 57.0000 2.0000 4.0000 1.0000 -4.9500 8 1.0000 1.0000 0.8820 -6.0000 6.0000 14.0000 2.0000 10.0000 -2.0000 0.2500 0.2500 0.2500 0.2500 0.2500 1.2500 1.8653 3.3591 
3.0000 32.0000 2.0000 0.0000 1.0000 0.0000 8 1.0000 0.0000 0.8270 -10.0000 2.0000 10.0000 -2.0000 6.0000 -6.0000 0.2500 0.2500 0.2500 0.2500 0.2500 1.2500 1.9115 3.4091 
3.0000 62.0000 2.0000 4.0000 1.0000 3.3000 2 -1.0000 1.0000 0.7250 14.0000 2.0000 -6.0000 6.0000 -2.0000 10.0000 0.2500 0.2500 0.2500 0.2500 0.2500 1.2500 1.9907 3.4758 
3.0000 6.0000 2.0000 -4.0000 1.0000 3.3000 8 1.0000 0.0000 1.1230 6.0000 -6.0000 -10.0000 -2.0000 -14.0000 2.0000 0.2500 0.2500 0.2500 0.2500 0.2500 1.2500 1.7878 3.2925 
3.0000 24.0000 2.0000 -2.0000 0.0000 -1.6500 8 1.0000 1.0000 1.3260 4.0000 -4.0000 -8.0000 0.0000 -12.0000 8.0000 0.1763 0.2594 0.3340 0.2901 0.1983 1.2582 1.8050 3.3174 
3.0000 56.0000 2.0000 2.0000 0.0000 4.9500 2 -1.0000 1.0000 0.9710 12.0000 0.0000 -4.0000 4.0000 -8.0000 8.0000 0.3445 0.2300 0.2898 0.2208 0.1583 1.2434 1.8281 3.3193 
3.0000 25.0000 2.0000 -2.0000 0.0000 0.0000 8 1.0000 0.0000 1.0210 4.0000 -4.0000 -12.0000 0.0000 -8.0000 8.0000 0.3006 0.3747 0.1590 0.2613 0.1555 1.2511 1.9819 3.4938 
3.0000 42.0000 2.0000 0.0000 0.0000 4.9500 2 -1.0000 1.0000 0.7900 -10.0000 2.0000 6.0000 -2.0000 10.0000 -6.0000 0.2805 0.2289 0.2010 0.3138 0.2315 1.2556 1.8036 3.3149 
3.0000 70.0000 2.0000 4.0000 0.0000 4.9500 2 -1.0000 1.0000 0.6130 -6.0000 6.0000 14.0000 2.0000 10.0000 -2.0000 0.1731 0.2476 0.2851 0.3168 0.2361 1.2588 1.8446 3.3513 
3.0000 69.0000 2.0000 4.0000 0.0000 3.3000 2 -1.0000 1.0000 0.5050 14.0000 2.0000 -6.0000 6.0000 -2.0000 10.0000 0.2696 0.1882 0.2457 0.1980 0.3445 1.2461 1.9533 3.4552 
3.0000 63.0000 2.0000 4.0000 1.0000 4.9500 2 -1.0000 1.0000 0.7480 10.0000 2.0000 -2.0000 6.0000 -6.0000 14.0000 0.2500 0.2500 0.2500 0.2500 0.2500 1.2500 1.8802 3.3760 
3.0000 64.0000 2.0000 4.0000 0.0000 -4.9500 8 1.0000 1.0000 1.3950 10.0000 2.0000 -6.0000 6.0000 -2.0000 14.0000 0.1907 0.2733 0.2156 0.2527 0.3174 1.2498 1.7803 3.2757 
3.0000 29.0000 2.0000 0.0000 1.0000 -4.9500 8 1.0000 1.0000 0.9690 10.0000 -2.0000 -10.0000 2.0000 -6.0000 6.0000 0.2500 0.2500 0.2500 0.2500 0.2500 1.2500 1.8799 3.3758 
3.0000 37.0000 2.0000 0.0000 0.0000 -3.3000 8 1.0000 1.0000 0.8260 -10.0000 -2.0000 10.0000 -6.0000 6.0000 2.0000 0.3112 0.1655 0.2859 0.2059 0.2823 1.2509 1.8755 3.3767 
3.0000 33.0000 2.0000 0.0000 1.0000 1.6500 8 1.0000 0.0000 2.1520 6.0000 -2.0000 -6.0000 2.0000 -10.0000 10.0000 0.2500 0.2500 0.2500 0.2500 0.2500 1.2500 1.8798 3.3760 
3.0000 13.0000 2.0000 -4.0000 0.0000 3.3000 2 -1.0000 1.0000 3.3060 -14.0000 -6.0000 2.0000 -10.0000 6.0000 -2.0000 0.3788 0.2783 0.1684 0.2639 0.1676 1.2569 1.8129 3.3328 
3.0000 15.0000 2.0000 -2.0000 1.0000 -4.9500 8 1.0000 1.0000 0.6980 0.0000 -8.0000 -12.0000 8.0000 -4.0000 4.0000 0.2500 0.2500 0.2500 0.2500 0.2500 1.2500 1.8635 3.3760 
3.0000 3.0000 2.0000 -4.0000 1.0000 -1.6500 8 1.0000 1.0000 1.0820 -14.0000 -6.0000 2.0000 -10.0000 6.0000 -2.0000 0.2500 0.2500 0.2500 0.2500 0.2500 1.2500 1.7685 3.2759 
3.0000 22.0000 2.0000 -2.0000 0.0000 -4.9500 8 1.0000 1.0000 0.8040 8.0000 0.0000 -12.0000 4.0000 -8.0000 -4.0000 0.1735 0.3544 0.1934 0.2401 0.2803 1.2417 1.9460 3.4342 
3.0000 52.0000 2.0000 2.0000 0.0000 -1.6500 8 1.0000 1.0000 1.7110 -8.0000 4.0000 8.0000 0.0000 12.0000 -4.0000 0.3262 0.1588 0.2271 0.3542 0.1778 1.2441 1.9574 3.4534 
3.0000 59.0000 2.0000 4.0000 1.0000 -1.6500 8 1.0000 1.0000 3.4340 10.0000 2.0000 -6.0000 6.0000 -2.0000 14.0000 0.2500 0.2500 0.2500 0.2500 0.2500 1.2500 1.8468 3.3426 
3.0000 34.0000 2.0000 0.0000 1.0000 3.3000 2 -1.0000 1.0000 1.0160 -10.0000 2.0000 6.0000 -2.0000 10.0000 -6.0000 0.2500 0.2500 0.2500 0.2500 0.2500 1.2500 1.8428 3.3425 
3.0000 60.0000 2.0000 4.0000 1.0000 0.0000 2 -1.0000 0.0000 2.0890 -2.0000 10.0000 14.0000 -6.0000 6.0000 2.0000 0.2500 0.2500 0.2500 0.2500 0.2500 1.2500 1.8124 3.3093 
3.0000 28.0000 2.0000 -2.0000 0.0000 4.9500 2 -1.0000 1.0000 0.9610 4.0000 -4.0000 -12.0000 0.0000 -8.0000 8.0000 0.1748 0.3267 0.2036 0.1762 0.3654 1.2468 1.9784 3.4727 
3.0000 65.0000 2.0000 4.0000 0.0000 -3.3000 8 1.0000 1.0000 2.5420 14.0000 6.0000 -2.0000 10.0000 -6.0000 2.0000 0.3113 0.1625 0.3499 0.2588 0.1688 1.2514 1.7900 3.2772 
3.0000 2.0000 2.0000 -4.0000 1.0000 -3.3000 8 1.0000 1.0000 1.0390 -14.0000 -6.0000 2.0000 -10.0000 6.0000 -2.0000 0.2500 0.2500 0.2500 0.2500 0.2500 1.2500 1.8485 3.3591 
3.0000 54.0000 2.0000 2.0000 0.0000 1.6500 2 -1.0000 1.0000 1.4250 -8.0000 4.0000 12.0000 0.0000 8.0000 -4.0000 0.1546 0.2276 0.2795 0.3698 0.2277 1.2591 1.9172 3.4349 
3.0000 49.0000 2.0000 2.0000 1.0000 4.9500 2 -1.0000 1.0000 0.7930 -4.0000 4.0000 8.0000 0.0000 12.0000 -8.0000 0.2500 0.2500 0.2500 0.2500 0.2500 1.2500 1.9790 3.4925 
3.0000 38.0000 2.0000 0.0000 0.0000 -1.6500 8 1.0000 1.0000 0.8430 6.0000 -2.0000 -10.0000 2.0000 -6.0000 10.0000 0.2790 0.1719 0.2229 0.3701 0.2028 1.2467 1.8218 3.3226 
3.0000 14.0000 2.0000 -4.0000 0.0000 4.9500 2 -1.0000 1.0000 1.0900 6.0000 -2.0000 -14.0000 2.0000 -10.0000 -6.0000 0.1753 0.3060 0.2522 0.3600 0.1608 1.2544 1.8022 3.3136 
3.0000 50.0000 2.0000 2.0000 0.0000 -4.9500 8 1.0000 1.0000 0.9090 12.0000 0.0000 -4.0000 4.0000 -8.0000 8.0000 0.1954 0.2636 0.2317 0.3009 0.2517 1.2433 1.8876 3.3859 
3.0000 27.0000 2.0000 -2.0000 0.0000 3.3000 2 -1.0000 1.0000 1.5940 8.0000 -4.0000 -8.0000 0.0000 -12.0000 4.0000 0.1855 0.3010 0.1898 0.3519 0.2176 1.2458 1.8481 3.3384 
3.0000 55.0000 2.0000 2.0000 0.0000 3.3000 2 -1.0000 1.0000 0.8780 -8.0000 0.0000 8.0000 -4.0000 12.0000 4.0000 0.2316 0.2843 0.2297 0.3128 0.1887 1.2471 1.7618 3.2561 
3.0000 46.0000 2.0000 2.0000 1.0000 0.0000 8 1.0000 0.0000 2.6160 12.0000 4.0000 -4.0000 8.0000 -8.0000 0.0000 0.2500 0.2500 0.2500 0.2500 0.2500 1.2500 1.7521 3.2426 
3.0000 67.0000 2.0000 4.0000 0.0000 0.0000 2 -1.0000 0.0000 2.6270 -2.0000 6.0000 14.0000 2.0000 10.0000 -6.0000 0.1934 0.2556 0.2027 0.3913 0.2114 1.2545 1.9091 3.4138 
3.0000 17.0000 2.0000 -2.0000 1.0000 -1.6500 8 1.0000 1.0000 1.0550 8.0000 0.0000 -8.0000 4.0000 -12.0000 -4.0000 0.2500 0.2500 0.2500 0.2500 0.2500 1.2500 1.9403 3.4259 
3.0000 4.0000 2.0000 -4.0000 1.0000 0.0000 8 1.0000 0.0000 0.8560 -6.0000 2.0000 6.0000 -14.0000 -2.0000 -10.0000 0.2500 0.2500 0.2500 0.2500 0.2500 1.2500 1.7552 3.2425 
3.0000 16.0000 2.0000 -2.0000 1.0000 -3.3000 8 1.0000 1.0000 0.6850 8.0000 -4.0000 -12.0000 0.0000 -8.0000 4.0000 0.2500 0.2500 0.2500 0.2500 0.2500 1.2500 1.8816 3.3926 
3.0000 10.0000 2.0000 -4.0000 0.0000 -1.6500 8 1.0000 1.0000 0.6350 -10.0000 -2.0000 6.0000 -6.0000 2.0000 -14.0000 0.1552 0.2820 0.2417 0.3485 0.2303 1.2577 1.7686 3.2836 
3.0000 1.0000 2.0000 -4.0000 1.0000 -4.9500 8 1.0000 1.0000 0.5320 -10.0000 -2.0000 6.0000 -6.0000 2.0000 -14.0000 0.2500 0.2500 0.2500 0.2500 0.2500 1.2500 1.8148 3.3259 
3.0000 18.0000 2.0000 -2.0000 1.0000 0.0000 2 -1.0000 0.0000 1.6260 -12.0000 -4.0000 4.0000 -8.0000 8.0000 0.0000 0.2500 0.2500 0.2500 0.2500 0.2500 1.2500 1.9573 3.4593 
3.0000 26.0000 2.0000 -2.0000 0.0000 1.6500 8 1.0000 0.0000 1.6850 -4.0000 4.0000 8.0000 -12.0000 0.0000 -8.0000 0.3071 0.2289 0.2674 0.1852 0.2553 1.2439 1.8926 3.3866 
3.0000 68.0000 2.0000 4.0000 0.0000 1.6500 2 -1.0000 1.0000 3.2340 2.0000 10.0000 14.0000 -6.0000 6.0000 -2.0000 0.2244 0.3032 0.3329 0.2141 0.1786 1.2533 1.8763 3.3793 
3.0000 11.0000 2.0000 -4.0000 0.0000 0.0000 8 1.0000 0.0000 0.8760 -10.0000 -2.0000 2.0000 -6.0000 6.0000 -14.0000 0.3460 0.2138 0.1559 0.3073 0.2273 1.2503 1.9279 3.4261 
3.0000 57.0000 3.0000 4.0000 1.0000 -4.9500 2 -1.0000 0.0000 1.1490 -6.0000 6.0000 14.0000 2.0000 10.0000 -2.0000 0.2500 0.2500 0.2500 0.2500 0.2500 1.2500 1.8202 3.3259 
3.0000 11.0000 3.0000 -4.0000 0.0000 0.0000 8 1.0000 0.0000 0.9210 -2.0000 -10.0000 -14.0000 6.0000 -6.0000 2.0000 0.2213 0.2758 0.2465 0.3299 0.1685 1.2420 1.7723 3.2678 
3.0000 10.0000 3.0000 -4.0000 0.0000 -1.6500 8 1.0000 1.0000 1.3020 -10.0000 -2.0000 2.0000 -6.0000 6.0000 -14.0000 0.1529 0.2782 0.3893 0.1794 0.2536 1.2535 1.8524 3.3626 
3.0000 51.0000 3.0000 2.0000 0.0000 -3.3000 8 1.0000 1.0000 1.0270 -8.0000 0.0000 8.0000 -4.0000 12.0000 4.0000 0.2671 0.1673 0.2197 0.2647 0.3398 1.2586 1.8353 3.3346 
3.0000 18.0000 3.0000 -2.0000 1.0000 0.0000 2 -1.0000 0.0000 1.1170 -12.0000 -4.0000 8.0000 -8.0000 4.0000 0.0000 0.2500 0.2500 0.2500 0.2500 0.2500 1.2500 1.9427 3.4426 
3.0000 20.0000 3.0000 -2.0000 1.0000 3.3000 2 -1.0000 1.0000 1.0300 -8.0000 0.0000 4.0000 -4.0000 8.0000 -12.0000 0.2500 0.2500 0.2500 0.2500 0.2500 1.2500 1.9124 3.4092 
3.0000 47.0000 3.0000 2.0000 1.0000 1.6500 2 -1.0000 1.0000 0.6070 4.0000 -4.0000 -8.0000 12.0000 0.0000 8.0000 0.2500 0.2500 0.2500 0.2500 0.2500 1.2500 1.8274 3.3258 
3.0000 32.0000 3.0000 0.0000 1.0000 0.0000 8 1.0000 0.0000 1.0980 -6.0000 6.0000 10.0000 -10.0000 2.0000 -2.0000 0.2500 0.2500 0.2500 0.2500 0.2500 1.2500 1.7734 3.2592 
3.0000 1.0000 3.0000 -4.0000 1.0000 -4.9500 8 1.0000 1.0000 1.0150 -14.0000 -6.0000 6.0000 -10.0000 2.0000 -2.0000 0.2500 0.2500 0.2500 0.2500 0.2500 1.2500 1.8290 3.3424 
3.0000 67.0000 3.0000 4.0000 0.0000 0.0000 8 1.0000 0.0000 2.6970 -6.0000 6.0000 10.0000 2.0000 14.0000 -2.0000 0.2215 0.1704 0.2267 0.2663 0.3745 1.2594 1.9397 3.4520 
3.0000 58.0000 3.0000 4.0000 1.0000 -3.3000 8 1.0000 1.0000 0.8730 -2.0000 6.0000 10.0000 2.0000 14.0000 -6.0000 0.2500 0.2500 0.2500 0.2500 0.2500 1.2500 1.9040 3.4092 
3.0000 28.0000 3.0000 -2.0000 0.0000 4.9500 2 -1.0000 1.0000 1.0210 -12.0000 0.0000 8.0000 -4.0000 4.0000 -8.0000 0.1825 0.3300 0.2259 0.3436 0.1586 1.2406 1.9059 3.3999 
3.0000 55.0000 3.0000 2.0000 0.0000 3.3000 2 -1.0000 1.0000 0.9510 8.0000 0.0000 -4.0000 4.0000 -8.0000 12.0000 0.3731 0.2279 0.1567 0.1847 0.3016 1.2440 1.9418 3.4366 
3.0000 30.0000 3.0000 0.0000 1.0000 -3.3000 8 1.0000 1.0000 0.7920 6.0000 -2.0000 -6.0000 2.0000 -10.0000 10.0000 0.2500 0.2500 0.2500 0.2500 0.2500 1.2500 1.8971 3.3927 
3.0000 64.0000 3.0000 4.0000 0.0000 -4.9500 8 1.0000 1.0000 1.2380 14.0000 6.0000 -6.0000 10.0000 -2.0000 2.0000 0.2792 0.3503 0.1831 0.2797 0.1655 1.2577 1.9288 3.4338 
3.0000 45.0000 3.0000 2.0000 1.0000 -1.6500 8 1.0000 1.0000 2.6330 0.0000 8.0000 12.0000 -8.0000 4.0000 -4.0000 0.2500 0.2500 0.2500 0.2500 0.2500 1.2500 1.9238 3.4259 
3.0000 13.0000 3.0000 -4.0000 0.0000 3.3000 2 -1.0000 1.0000 0.9330 -14.0000 -2.0000 6.0000 -6.0000 2.0000 -10.0000 0.2714 0.1701 0.3219 0.2341 0.2618 1.2594 1.8995 3.4019 
3.0000 39.0000 3.0000 0.0000 0.0000 0.0000 8 1.0000 0.0000 1.0080 2.0000 -6.0000 -10.0000 10.0000 -2.0000 6.0000 0.2049 0.3648 0.1946 0.2957 0.1877 1.2476 1.8807 3.3736 
3.0000 49.0000 3.0000 2.0000 1.0000 4.9500 2 -1.0000 1.0000 0.9680 8.0000 -4.0000 -8.0000 12.0000 0.0000 4.0000 0.2500 0.2500 0.2500 0.2500 0.2500 1.2500 1.8483 3.3425 
3.0000 7.0000 3.0000 -4.0000 1.0000 4.9500 2 -1.0000 1.0000 1.2180 6.0000 -2.0000 -14.0000 2.0000 -10.0000 -6.0000 0.2500 0.2500 0.2500 0.2500 0.2500 1.2500 1.8075 3.3092 
3.0000 3.0000 3.0000 -4.0000 1.0000 -1.6500 8 1.0000 1.0000 0.8050 -10.0000 2.0000 6.0000 -14.0000 -2.0000 -6.0000 0.2500 0.2500 0.2500 0.2500 0.2500 1.2500 1.7547 3.2593 
3.0000 62.0000 3.0000 4.0000 1.0000 3.3000 2 -1.0000 1.0000 1.3200 14.0000 6.0000 -2.0000 10.0000 -6.0000 2.0000 0.2500 0.2500 0.2500 0.2500 0.2500 1.2500 1.9582 3.4593 
3.0000 41.0000 3.0000 0.0000 0.0000 3.3000 8 1.0000 0.0000 1.1880 6.0000 -6.0000 -10.0000 10.0000 -2.0000 2.0000 0.1531 0.3485 0.2593 0.2104 0.2828 1.2540 1.9672 3.4799 
3.0000 54.0000 3.0000 2.0000 0.0000 1.6500 2 -1.0000 1.0000 1.7930 12.0000 4.0000 -4.0000 8.0000 -8.0000 0.0000 0.2478 0.2165 0.3337 0.2918 0.1545 1.2444 1.9886 3.4868 
3.0000 27.0000 3.0000 -2.0000 0.0000 3.3000 2 -1.0000 1.0000 1.3410 -8.0000 0.0000 8.0000 -4.0000 4.0000 -12.0000 0.1733 0.3838 0.1659 0.3617 0.1714 1.2560 1.7563 3.2652 
3.0000 31.0000 3.0000 0.0000 1.0000 -1.6500 8 1.0000 1.0000 0.7650 10.0000 2.0000 -6.0000 6.0000 -10.0000 -2.0000 0.2500 0.2500 0.2500 0.2500 0.2500 1.2500 1.9165 3.4091 
3.0000 46.0000 3.0000 2.0000 1.0000 0.0000 8 1.0000 0.0000 1.8920 4.0000 -4.0000 -8.0000 12.0000 0.0000 8.0000 0.2500 0.2500 0.2500 0.2500 0.2500 1.2500 1.9123 3.4092 
3.0000 12.0000 3.0000 -4.0000 0.0000 1.6500 8 1.0000 0.0000 1.8180 2.0000 -10.0000 -14.0000 6.0000 -6.0000 -2.0000 0.1808 0.2289 0.3999 0.1733 0.2746 1.2575 1.9773 3.4835 
3.0000 66.0000 3.0000 4.0000 0.0000 -1.6500 8 1.0000 1.0000 1.9710 10.0000 2.0000 -6.0000 6.0000 -2.0000 14.0000 0.2395 0.1624 0.1903 0.3126 0.3392 1.2440 1.7966 3.2865 
3.0000 5.0000 3.0000 -4.0000 1.0000 1.6500 8 1.0000 0.0000 1.8720 -10.0000 -2.0000 6.0000 -6.0000 2.0000 -14.0000 0.2500 0.2500 0.2500 0.2500 0.2500 1.2500 1.7589 3.2592 
3.0000 53.0000 3.0000 2.0000 0.0000 0.0000 2 -1.0000 0.0000 4.8920 -8.0000 0.0000 8.0000 -4.0000 12.0000 4.0000 0.2004 0.3352 0.2121 0.2834 0.2258 1.2570 1.8927 3.3996 
3.0000 15.0000 3.0000 -2.0000 1.0000 -4.9500 8 1.0000 1.0000 0.7260 -12.0000 -4.0000 8.0000 -8.0000 4.0000 0.0000 0.2500 0.2500 0.2500 0.2500 0.2500 1.2500 1.8490 3.3591 
3.0000 42.0000 3.0000 0.0000 0.0000 4.9500 2 -1.0000 1.0000 1.7300 -6.0000 6.0000 10.0000 -10.0000 2.0000 -2.0000 0.1593 0.2986 0.3445 0.1860 0.2683 1.2567 1.9729 3.4828 
3.0000 2.0000 3.0000 -4.0000 1.0000 -3.3000 8 1.0000 1.0000 1.4740 -14.0000 -2.0000 2.0000 -6.0000 6.0000 -10.0000 0.2500 0.2500 0.2500 0.2500 0.2500 1.2500 1.8922 3.3926 
3.0000 70.0000 3.0000 4.0000 0.0000 4.9500 2 -1.0000 1.0000 0.9650 -6.0000 6.0000 14.0000 2.0000 10.0000 -2.0000 0.1736 0.3383 0.1529 0.2244 0.3593 1.2486 1.9368 3.4412 
3.0000 22.0000 3.0000 -2.0000 0.0000 -4.9500 8 1.0000 1.0000 0.8050 8.0000 -4.0000 -8.0000 0.0000 -12.0000 4.0000 0.2366 0.1951 0.3647 0.2112 0.2452 1.2528 1.8643 3.3621 
3.0000 63.0000 3.0000 4.0000 1.0000 4.9500 2 -1.0000 1.0000 2.0070 -2.0000 6.0000 14.0000 2.0000 10.0000 -6.0000 0.2500 0.2500 0.2500 0.2500 0.2500 1.2500 1.9872 3.4927 
3.0000 60.0000 3.0000 4.0000 1.0000 0.0000 2 -1.0000 0.0000 3.6070 -6.0000 2.0000 14.0000 -2.0000 10.0000 6.0000 0.2500 0.2500 0.2500 0.2500 0.2500 1.2500 1.8843 3.3758 
3.0000 8.0000 3.0000 -4.0000 0.0000 -4.9500 8 1.0000 1.0000 0.7580 2.0000 -6.0000 -10.0000 -2.0000 -14.0000 6.0000 0.3969 0.2653 0.1565 0.2687 0.1640 1.2514 1.8555 3.3439 
3.0000 35.0000 3.0000 0.0000 1.0000 4.9500 2 -1.0000 1.0000 3.2920 10.0000 -2.0000 -10.0000 2.0000 -6.0000 6.0000 0.2500 0.2500 0.2500 0.2500 0.2500 1.2500 1.7889 3.2758 
3.0000 40.0000 3.0000 0.0000 0.0000 1.6500 2 -1.0000 1.0000 2.1080 10.0000 -2.0000 -10.0000 2.0000 -6.0000 6.0000 0.2129 0.3190 0.2378 0.2037 0.2825 1.2559 1.8431 3.3651 
3.0000 56.0000 3.0000 2.0000 0.0000 4.9500 2 -1.0000 1.0000 0.9110 4.0000 -4.0000 -8.0000 12.0000 0.0000 8.0000 0.1686 0.3322 0.1828 0.3665 0.2008 1.2508 1.8365 3.3433 
3.0000 59.0000 3.0000 4.0000 1.0000 -1.6500 8 1.0000 1.0000 1.3010 14.0000 6.0000 -6.0000 10.0000 -2.0000 2.0000 0.2500 0.2500 0.2500 0.2500 0.2500 1.2500 1.9534 3.4592 
3.0000 48.0000 3.0000 2.0000 1.0000 3.3000 2 -1.0000 1.0000 1.0510 12.0000 0.0000 -8.0000 4.0000 -4.0000 8.0000 0.2500 0.2500 0.2500 0.2500 0.2500 1.2500 1.8570 3.3591 
3.0000 6.0000 3.0000 -4.0000 1.0000 3.3000 2 -1.0000 1.0000 0.7130 2.0000 -6.0000 -14.0000 -2.0000 -10.0000 6.0000 0.2500 0.2500 0.2500 0.2500 0.2500 1.2500 1.9986 3.4926 
3.0000 43.0000 3.0000 2.0000 1.0000 -4.9500 8 1.0000 1.0000 0.7520 -4.0000 4.0000 12.0000 0.0000 8.0000 -8.0000 0.2500 0.2500 0.2500 0.2500 0.2500 1.2500 1.8271 3.3259 
3.0000 17.0000 3.0000 -2.0000 1.0000 -1.6500 8 1.0000 1.0000 0.7610 8.0000 0.0000 -12.0000 4.0000 -8.0000 -4.0000 0.2500 0.2500 0.2500 0.2500 0.2500 1.2500 1.8790 3.3758 
3.0000 61.0000 3.0000 4.0000 1.0000 1.6500 2 -1.0000 1.0000 2.7960 -6.0000 2.0000 14.0000 -2.0000 10.0000 6.0000 0.2500 0.2500 0.2500 0.2500 0.2500 1.2500 1.7897 3.2926 
3.0000 52.0000 3.0000 2.0000 0.0000 -1.6500 8 1.0000 1.0000 2.0540 -8.0000 4.0000 12.0000 0.0000 8.0000 -4.0000 0.2440 0.1956 0.3315 0.1587 0.3183 1.2481 1.9550 3.4572 
3.0000 29.0000 3.0000 0.0000 1.0000 -4.9500 8 1.0000 1.0000 1.0570 -2.0000 6.0000 10.0000 -10.0000 2.0000 -6.0000 0.2500 0.2500 0.2500 0.2500 0.2500 1.2500 1.9386 3.4258 
3.0000 23.0000 3.0000 -2.0000 0.0000 -3.3000 8 1.0000 1.0000 1.1980 -4.0000 4.0000 8.0000 -12.0000 0.0000 -8.0000 0.3187 0.1755 0.3254 0.2288 0.1931 1.2416 1.9487 3.4342 
3.0000 9.0000 3.0000 -4.0000 0.0000 -3.3000 8 1.0000 1.0000 1.2180 -10.0000 -2.0000 2.0000 -6.0000 6.0000 -14.0000 0.1678 0.3140 0.1939 0.3153 0.2492 1.2401 1.9206 3.4162 
3.0000 36.0000 3.0000 0.0000 0.0000 -4.9500 8 1.0000 1.0000 0.7990 6.0000 -2.0000 -10.0000 2.0000 -6.0000 10.0000 0.3678 0.1754 0.2146 0.3003 0.1863 1.2444 1.8671 3.3703 
3.0000 4.0000 3.0000 -4.0000 1.0000 0.0000 8 1.0000 0.0000 0.8510 2.0000 -6.0000 -14.0000 -2.0000 -10.0000 6.0000 0.2500 0.2500 0.2500 0.2500 0.2500 1.2500 1.7829 3.2924 
3.0000 26.0000 3.0000 -2.0000 0.0000 1.6500 8 1.0000 0.0000 2.4480 -8.0000 0.0000 8.0000 -4.0000 4.0000 -12.0000 0.2112 0.3019 0.2528 0.1745 0.3040 1.2445 1.8736 3.3703 
3.0000 38.0000 3.0000 0.0000 0.0000 -1.6500 8 1.0000 1.0000 1.7400 6.0000 -2.0000 -10.0000 2.0000 -6.0000 10.0000 0.2996 0.2720 0.1971 0.2684 0.2219 1.2590 1.8312 3.3350 
3.0000 16.0000 3.0000 -2.0000 1.0000 -3.3000 8 1.0000 1.0000 0.8080 4.0000 -8.0000 -12.0000 8.0000 -4.0000 0.0000 0.2500 0.2500 0.2500 0.2500 0.2500 1.2500 1.8659 3.3592 
3.0000 24.0000 3.0000 -2.0000 0.0000 -1.6500 8 1.0000 1.0000 1.0760 -8.0000 0.0000 8.0000 -4.0000 4.0000 -12.0000 0.2332 0.1698 0.2934 0.3663 0.1964 1.2590 1.9117 3.4183 
3.0000 33.0000 3.0000 0.0000 1.0000 1.6500 2 -1.0000 1.0000 1.2480 10.0000 -2.0000 -10.0000 2.0000 -6.0000 6.0000 0.2500 0.2500 0.2500 0.2500 0.2500 1.2500 1.8821 3.3759 
3.0000 69.0000 3.0000 4.0000 0.0000 3.3000 2 -1.0000 1.0000 1.8730 -6.0000 6.0000 10.0000 2.0000 14.0000 -2.0000 0.2279 0.3884 0.1565 0.2569 0.2295 1.2592 1.9811 3.4851 
3.0000 14.0000 3.0000 -4.0000 0.0000 4.9500 2 -1.0000 1.0000 2.3790 2.0000 -10.0000 -14.0000 6.0000 -6.0000 -2.0000 0.1977 0.3520 0.1910 0.2360 0.2741 1.2506 1.7735 3.2765 
3.0000 44.0000 3.0000 2.0000 1.0000 -3.3000 8 1.0000 1.0000 2.3970 -8.0000 4.0000 12.0000 0.0000 8.0000 -4.0000 0.2500 0.2500 0.2500 0.2500 0.2500 1.2500 1.9837 3.4760 
3.0000 21.0000 3.0000 -2.0000 1.0000 4.9500 2 -1.0000 1.0000 1.1460 -12.0000 0.0000 4.0000 -4.0000 8.0000 -8.0000 0.2500 0.2500 0.2500 0.2500 0.2500 1.2500 1.8690 3.3758 
3.0000 19.0000 3.0000 -2.0000 1.0000 1.6500 2 -1.0000 1.0000 1.3820 8.0000 -4.0000 -12.0000 0.0000 -8.0000 4.0000 0.2500 0.2500 0.2500 0.2500 0.2500 1.2500 1.8310 3.3426 
3.0000 34.0000 3.0000 0.0000 1.0000 3.3000 8 1.0000 0.0000 2.6900 -10.0000 2.0000 6.0000 -2.0000 10.0000 -6.0000 0.2500 0.2500 0.2500 0.2500 0.2500 1.2500 1.9554 3.4592 
3.0000 50.0000 3.0000 2.0000 0.0000 -4.9500 8 1.0000 1.0000 0.9160 12.0000 4.0000 -8.0000 8.0000 -4.0000 0.0000 0.2287 0.3387 0.2197 0.1770 0.2896 1.2538 1.8199 3.3297 
3.0000 65.0000 3.0000 4.0000 0.0000 -3.3000 8 1.0000 1.0000 1.2070 -2.0000 6.0000 14.0000 2.0000 10.0000 -6.0000 0.3732 0.1790 0.2121 0.1862 0.2949 1.2454 1.8937 3.3879 
3.0000 68.0000 3.0000 4.0000 0.0000 1.6500 2 -1.0000 1.0000 1.9690 14.0000 6.0000 -2.0000 10.0000 -6.0000 2.0000 0.2768 0.1521 0.3607 0.1967 0.2738 1.2600 1.9795 3.4858 
3.0000 25.0000 3.0000 -2.0000 0.0000 0.0000 8 1.0000 0.0000 2.2080 0.0000 -8.0000 -12.0000 8.0000 -4.0000 4.0000 0.2477 0.1968 0.2507 0.2092 0.3554 1.2597 1.8942 3.4023 
3.0000 37.0000 3.0000 0.0000 0.0000 -3.3000 8 1.0000 1.0000 0.6540 -6.0000 2.0000 10.0000 -2.0000 6.0000 -10.0000 0.3143 0.2769 0.2180 0.1854 0.2571 1.2517 1.8492 3.3442 
3.0000 8.0000 4.0000 -4.0000 0.0000 -4.9500 8 1.0000 1.0000 0.5460 -14.0000 -2.0000 6.0000 -6.0000 2.0000 -10.0000 0.2968 0.1693 0.3170 0.2043 0.2621 1.2496 1.9442 3.4422 
3.0000 65.0000 4.0000 4.0000 0.0000 -3.3000 8 1.0000 1.0000 2.5650 14.0000 6.0000 -2.0000 10.0000 -6.0000 2.0000 0.2806 0.1946 0.3454 0.2654 0.1635 1.2494 1.8415 3.3420 
3.0000 34.0000 4.0000 0.0000 1.0000 3.3000 2 -1.0000 1.0000 3.4240 6.0000 -2.0000 -6.0000 2.0000 -10.0000 10.0000 0.2500 0.2500 0.2500 0.2500 0.2500 1.2500 1.9863 3.4759 
3.0000 39.0000 4.0000 0.0000 0.0000 0.0000 2 -1.0000 0.0000 1.2990 -6.0000 2.0000 10.0000 -2.0000 6.0000 -10.0000 0.2579 0.1894 0.2724 0.3387 0.1826 1.2410 1.7575 3.2501 
3.0000 24.0000 4.0000 -2.0000 0.0000 -1.6500 8 1.0000 1.0000 1.2750 8.0000 0.0000 -12.0000 4.0000 -8.0000 -4.0000 0.2240 0.2510 0.3236 0.2159 0.2427 1.2572 1.8934 3.3999 
3.0000 33.0000 4.0000 0.0000 1.0000 1.6500 2 -1.0000 1.0000 2.0790 6.0000 -6.0000 -10.0000 10.0000 -2.0000 2.0000 0.2500 0.2500 0.2500 0.2500 0.2500 1.2500 1.9111 3.4093 
3.0000 4.0000 4.0000 -4.0000 1.0000 0.0000 8 1.0000 0.0000 2.6760 2.0000 -10.0000 -14.0000 6.0000 -6.0000 -2.0000 0.2500 0.2500 0.2500 0.2500 0.2500 1.2500 1.8096 3.3093 
3.0000 2.0000 4.0000 -4.0000 1.0000 -3.3000 8 1.0000 1.0000 0.8070 6.0000 -2.0000 -10.0000 2.0000 -14.0000 -6.0000 0.2500 0.2500 0.2500 0.2500 0.2500 1.2500 1.8599 3.3594 
3.0000 27.0000 4.0000 -2.0000 0.0000 3.3000 2 -1.0000 1.0000 4.1870 -12.0000 -4.0000 8.0000 -8.0000 4.0000 0.0000 0.2525 0.3427 0.2318 0.1823 0.2404 1.2497 1.9468 3.4423 
3.0000 67.0000 4.0000 4.0000 0.0000 0.0000 8 1.0000 0.0000 1.9660 10.0000 2.0000 -6.0000 6.0000 -2.0000 14.0000 0.3200 0.2015 0.2576 0.2051 0.2633 1.2475 1.7903 3.2900 
3.0000 52.0000 4.0000 2.0000 0.0000 -1.6500 8 1.0000 1.0000 1.8660 -4.0000 8.0000 12.0000 -8.0000 4.0000 0.0000 0.2112 0.1622 0.2033 0.3523 0.3223 1.2513 1.9908 3.4940 
3.0000 57.0000 4.0000 4.0000 1.0000 -4.9500 8 1.0000 1.0000 3.7240 2.0000 10.0000 14.0000 -6.0000 6.0000 -2.0000 0.2500 0.2500 0.2500 0.2500 0.2500 1.2500 1.8915 3.3925 
3.0000 68.0000 4.0000 4.0000 0.0000 1.6500 2 -1.0000 1.0000 2.8890 14.0000 6.0000 -6.0000 10.0000 -2.0000 2.0000 0.3376 0.1963 0.2369 0.2756 0.2021 1.2485 1.7665 3.2745 
3.0000 53.0000 4.0000 2.0000 0.0000 0.0000 2 -1.0000 0.0000 2.9410 -8.0000 4.0000 8.0000 0.0000 12.0000 -4.0000 0.1824 0.2515 0.3027 0.2225 0.2975 1.2567 1.9659 3.4827 
3.0000 6.0000 4.0000 -4.0000 1.0000 3.3000 8 1.0000 0.0000 2.0300 -14.0000 -6.0000 6.0000 -10.0000 2.0000 -2.0000 0.2500 0.2500 0.2500 0.2500 0.2500 1.2500 1.8633 3.3759 
3.0000 19.0000 4.0000 -2.0000 1.0000 1.6500 8 1.0000 0.0000 1.9450 8.0000 0.0000 -12.0000 4.0000 -8.0000 -4.0000 0.2500 0.2500 0.2500 0.2500 0.2500 1.2500 1.9565 3.4592 
3.0000 54.0000 4.0000 2.0000 0.0000 1.6500 2 -1.0000 1.0000 4.2440 12.0000 0.0000 -4.0000 4.0000 -8.0000 8.0000 0.3332 0.2730 0.1576 0.2674 0.2187 1.2499 1.8097 3.3091 
3.0000 35.0000 4.0000 0.0000 1.0000 4.9500 2 -1.0000 1.0000 1.5690 -10.0000 -2.0000 10.0000 -6.0000 6.0000 2.0000 0.2500 0.2500 0.2500 0.2500 0.2500 1.2500 1.8550 3.3591 
3.0000 70.0000 4.0000 4.0000 0.0000 4.9500 2 -1.0000 1.0000 1.5420 2.0000 10.0000 14.0000 -6.0000 6.0000 -2.0000 0.1883 0.2235 0.1774 0.3497 0.3016 1.2405 1.9442 3.4331 
3.0000 69.0000 4.0000 4.0000 0.0000 3.3000 2 -1.0000 1.0000 3.3130 14.0000 6.0000 -6.0000 10.0000 -2.0000 2.0000 0.3094 0.2125 0.2458 0.2884 0.1876 1.2438 1.8796 3.3695 
3.0000 15.0000 4.0000 -2.0000 1.0000 -4.9500 8 1.0000 1.0000 0.8640 -4.0000 4.0000 8.0000 -12.0000 0.0000 -8.0000 0.2500 0.2500 0.2500 0.2500 0.2500 1.2500 1.9901 3.4759 
3.0000 1.0000 4.0000 -4.0000 1.0000 -4.9500 8 1.0000 1.0000 3.3670 6.0000 -6.0000 -14.0000 -2.0000 -10.0000 2.0000 0.2500 0.2500 0.2500 0.2500 0.2500 1.2500 1.7777 3.2759 
3.0000 31.0000 4.0000 0.0000 1.0000 -1.6500 8 1.0000 1.0000 1.3550 -2.0000 6.0000 10.0000 -10.0000 2.0000 -6.0000 0.2500 0.2500 0.2500 0.2500 0.2500 1.2500 1.7679 3.2758 
3.0000 16.0000 4.0000 -2.0000 1.0000 -3.3000 8 1.0000 1.0000 0.8040 8.0000 -4.0000 -8.0000 0.0000 -12.0000 4.0000 0.2500 0.2500 0.2500 0.2500 0.2500 1.2500 1.9957 3.5093 
3.0000 62.0000 4.0000 4.0000 1.0000 3.3000 2 -1.0000 1.0000 0.9930 -2.0000 10.0000 14.0000 -6.0000 6.0000 2.0000 0.2500 0.2500 0.2500 0.2500 0.2500 1.2500 1.7920 3.2925 
3.0000 49.0000 4.0000 2.0000 1.0000 4.9500 2 -1.0000 1.0000 0.7210 12.0000 0.0000 -4.0000 4.0000 -8.0000 8.0000 0.2500 0.2500 0.2500 0.2500 0.2500 1.2500 1.7826 3.2924 
3.0000 63.0000 4.0000 4.0000 1.0000 4.9500 2 -1.0000 1.0000 0.6370 -6.0000 2.0000 14.0000 -2.0000 10.0000 6.0000 0.2500 0.2500 0.2500 0.2500 0.2500 1.2500 1.8756 3.3760 
3.0000 11.0000 4.0000 -4.0000 0.0000 0.0000 8 1.0000 0.0000 0.6050 -10.0000 -2.0000 6.0000 -6.0000 2.0000 -14.0000 0.1754 0.3611 0.2405 0.1795 0.2914 1.2479 1.7894 3.2903 
3.0000 46.0000 4.0000 2.0000 1.0000 0.0000 8 1.0000 0.0000 3.0320 8.0000 -4.0000 -8.0000 12.0000 0.0000 4.0000 0.2500 0.2500 0.2500 0.2500 0.2500 1.2500 1.9904 3.4927 
3.0000 21.0000 4.0000 -2.0000 1.0000 4.9500 2 -1.0000 1.0000 0.9970 -8.0000 0.0000 4.0000 -4.0000 8.0000 -12.0000 0.2500 0.2500 0.2500 0.2500 0.2500 1.2500 1.8841 3.3758 
3.0000 26.0000 4.0000 -2.0000 0.0000 1.6500 2 -1.0000 1.0000 2.4760 -8.0000 0.0000 8.0000 -4.0000 4.0000 -12.0000 0.3847 0.2629 0.1510 0.2637 0.1846 1.2469 1.8965 3.3894 
3.0000 18.0000 4.0000 -2.0000 1.0000 0.0000 8 1.0000 0.0000 0.9360 -12.0000 0.0000 8.0000 -4.0000 4.0000 -8.0000 0.2500 0.2500 0.2500 0.2500 0.2500 1.2500 1.8360 3.3258 
3.0000 7.0000 4.0000 -4.0000 1.0000 4.9500 2 -1.0000 1.0000 3.2890 6.0000 -2.0000 -14.0000 2.0000 -10.0000 -6.0000 0.2500 0.2500 0.2500 0.2500 0.2500 1.2500 1.8913 3.3758 
3.0000 32.0000 4.0000 0.0000 1.0000 0.0000 8 1.0000 0.0000 1.0570 -6.0000 6.0000 10.0000 -10.0000 2.0000 -2.0000 0.2500 0.2500 0.2500 0.2500 0.2500 1.2500 1.9548 3.4592 
3.0000 12.0000 4.0000 -4.0000 0.0000 1.6500 8 1.0000 0.0000 1.0230 -2.0000 -10.0000 -14.0000 6.0000 -6.0000 2.0000 0.2858 0.3540 0.2617 0.1567 0.1946 1.2528 1.7945 3.2954 
3.0000 58.0000 4.0000 4.0000 1.0000 -3.3000 8 1.0000 1.0000 1.0580 -2.0000 6.0000 10.0000 2.0000 14.0000 -6.0000 0.2500 0.2500 0.2500 0.2500 0.2500 1.2500 1.7612 3.2591 
3.0000 9.0000 4.0000 -4.0000 0.0000 -3.3000 8 1.0000 1.0000 0.8030 -14.0000 -2.0000 6.0000 -6.0000 2.0000 -10.0000 0.1975 0.3574 0.1962 0.2226 0.2771 1.2507 1.7625 3.2599 
3.0000 64.0000 4.0000 4.0000 0.0000 -4.9500 8 1.0000 1.0000 2.0390 -6.0000 2.0000 14.0000 -2.0000 10.0000 6.0000 0.2530 0.3100 0.2362 0.2736 0.1711 1.2440 1.9403 3.4367 
3.0000 20.0000 4.0000 -2.0000 1.0000 3.3000 8 1.0000 0.0000 2.2450 8.0000 -4.0000 -12.0000 0.0000 -8.0000 4.0000 0.2500 0.2500 0.2500 0.2500 0.2500 1.2500 1.8471 3.3425 
3.0000 61.0000 4.0000 4.0000 1.0000 1.6500 2 -1.0000 1.0000 1.4330 14.0000 6.0000 -2.0000 10.0000 -6.0000 2.0000 0.2500 0.2500 0.2500 0.2500 0.2500 1.2500 1.8920 3.3925 
3.0000 23.0000 4.0000 -2.0000 0.0000 -3.3000 8 1.0000 1.0000 1.0140 8.0000 -4.0000 -12.0000 0.0000 -8.0000 4.0000 0.1628 0.2171 0.2645 0.3383 0.2626 1.2452 1.9451 3.4378 
3.0000 55.0000 4.0000 2.0000 0.0000 3.3000 2 -1.0000 1.0000 0.9150 4.0000 -4.0000 -8.0000 12.0000 0.0000 8.0000 0.2199 0.1722 0.2657 0.2100 0.3855 1.2533 1.8686 3.3624 
3.0000 60.0000 4.0000 4.0000 1.0000 0.0000 2 -1.0000 0.0000 1.0090 6.0000 -2.0000 -6.0000 14.0000 2.0000 10.0000 0.2500 0.2500 0.2500 0.2500 0.2500 1.2500 1.8190 3.3093 
3.0000 22.0000 4.0000 -2.0000 0.0000 -4.9500 8 1.0000 1.0000 0.9830 0.0000 -8.0000 -12.0000 8.0000 -4.0000 4.0000 0.2860 0.2351 0.3209 0.1846 0.2284 1.2550 1.9357 3.4308 
3.0000 48.0000 4.0000 2.0000 1.0000 3.3000 2 -1.0000 1.0000 2.5850 -8.0000 0.0000 8.0000 -4.0000 12.0000 4.0000 0.2500 0.2500 0.2500 0.2500 0.2500 1.2500 1.9554 3.4593 
3.0000 17.0000 4.0000 -2.0000 1.0000 -1.6500 8 1.0000 1.0000 0.8990 -12.0000 -4.0000 8.0000 -8.0000 4.0000 0.0000 0.2500 0.2500 0.2500 0.2500 0.2500 1.2500 1.7808 3.2926 
3.0000 59.0000 4.0000 4.0000 1.0000 -1.6500 8 1.0000 1.0000 1.7690 10.0000 2.0000 -2.0000 6.0000 -6.0000 14.0000 0.2500 0.2500 0.2500 0.2500 0.2500 1.2500 1.8442 3.3425 
3.0000 10.0000 4.0000 -4.0000 0.0000 -1.6500 8 1.0000 1.0000 2.4300 -10.0000 2.0000 6.0000 -14.0000 -2.0000 -6.0000 0.1839 0.2478 0.3092 0.2304 0.2783 1.2497 1.8919 3.3922 
3.0000 5.0000 4.0000 -4.0000 1.0000 1.6500 8 1.0000 0.0000 1.3360 -14.0000 -6.0000 6.0000 -10.0000 2.0000 -2.0000 0.2500 0.2500 0.2500 0.2500 0.2500 1.2500 1.9616 3.4592 
3.0000 45.0000 4.0000 2.0000 1.0000 -1.6500 8 1.0000 1.0000 0.6460 -4.0000 4.0000 8.0000 0.0000 12.0000 -8.0000 0.2500 0.2500 0.2500 0.2500 0.2500 1.2500 1.7555 3.2593 
3.0000 13.0000 4.0000 -4.0000 0.0000 3.3000 2 -1.0000 1.0000 1.8710 6.0000 -2.0000 -10.0000 2.0000 -14.0000 -6.0000 0.2169 0.2607 0.3691 0.2157 0.1865 1.2488 1.8322 3.3246 
3.0000 42.0000 4.0000 0.0000 0.0000 4.9500 2 -1.0000 1.0000 0.8380 -6.0000 6.0000 10.0000 -10.0000 2.0000 -2.0000 0.2569 0.1617 0.3745 0.2035 0.2573 1.2540 1.7907 3.2964 
3.0000 43.0000 4.0000 2.0000 1.0000 -4.9500 8 1.0000 1.0000 1.2350 4.0000 -4.0000 -8.0000 12.0000 0.0000 8.0000 0.2500 0.2500 0.2500 0.2500 0.2500 1.2500 1.9108 3.4092 
3.0000 29.0000 4.0000 0.0000 1.0000 -4.9500 8 1.0000 1.0000 0.8630 -10.0000 -2.0000 6.0000 -6.0000 10.0000 2.0000 0.2500 0.2500 0.2500 0.2500 0.2500 1.2500 1.9020 3.3927 
3.0000 3.0000 4.0000 -4.0000 1.0000 -1.6500 8 1.0000 1.0000 0.9770 2.0000 -6.0000 -10.0000 -2.0000 -14.0000 6.0000 0.2500 0.2500 0.2500 0.2500 0.2500 1.2500 1.9505 3.4426 
3.0000 28.0000 4.0000 -2.0000 0.0000 4.9500 2 -1.0000 1.0000 1.5970 -8.0000 0.0000 8.0000 -4.0000 4.0000 -12.0000 0.1914 0.2215 0.2710 0.3767 0.1944 1.2550 1.9865 3.4976 
3.0000 56.0000 4.0000 2.0000 0.0000 4.9500 2 -1.0000 1.0000 0.9480 -4.0000 4.0000 12.0000 0.0000 8.0000 -8.0000 0.1600 0.3163 0.1962 0.3979 0.1817 1.2520 1.7851 3.2946 
3.0000 44.0000 4.0000 2.0000 1.0000 -3.3000 2 -1.0000 0.0000 1.4140 -4.0000 4.0000 8.0000 0.0000 12.0000 -8.0000 0.2500 0.2500 0.2500 0.2500 0.2500 1.2500 1.8808 3.3926 
3.0000 14.0000 4.0000 -4.0000 0.0000 4.9500 2 -1.0000 1.0000 0.8130 6.0000 -2.0000 -10.0000 2.0000 -14.0000 -6.0000 0.2671 0.2251 0.3476 0.1522 0.2659 1.2580 1.8501 3.3671 
3.0000 66.0000 4.0000 4.0000 0.0000 -1.6500 8 1.0000 1.0000 2.9140 -6.0000 2.0000 10.0000 -2.0000 14.0000 6.0000 0.2632 0.2060 0.3494 0.1689 0.2530 1.2405 1.9192 3.4165 
3.0000 25.0000 4.0000 -2.0000 0.0000 0.0000 8 1.0000 0.0000 0.6870 -8.0000 0.0000 8.0000 -4.0000 4.0000 -12.0000 0.1669 0.2177 0.1767 0.3746 0.3227 1.2586 1.9208 3.4344 
3.0000 50.0000 4.0000 2.0000 0.0000 -4.9500 8 1.0000 1.0000 1.8860 -4.0000 8.0000 12.0000 -8.0000 4.0000 0.0000 0.1643 0.3624 0.1876 0.3499 0.1900 1.2542 1.8194 3.3300 
3.0000 47.0000 4.0000 2.0000 1.0000 1.6500 2 -1.0000 1.0000 2.4680 8.0000 -4.0000 -8.0000 12.0000 0.0000 4.0000 0.2500 0.2500 0.2500 0.2500 0.2500 1.2500 1.7961 3.2925 
3.0000 30.0000 4.0000 0.0000 1.0000 -3.3000 8 1.0000 1.0000 0.9000 -6.0000 6.0000 10.0000 -10.0000 2.0000 -2.0000 0.2500 0.2500 0.2500 0.2500 0.2500 1.2500 1.7851 3.2759 
3.0000 41.0000 4.0000 0.0000 0.0000 3.3000 2 -1.0000 1.0000 1.6150 -2.0000 6.0000 10.0000 -10.0000 2.0000 -6.0000 0.1744 0.3990 0.2802 0.2385 0.1599 1.2519 1.8926 3.3945 
3.0000 36.0000 4.0000 0.0000 0.0000 -4.9500 8 1.0000 1.0000 0.8970 6.0000 -2.0000 -10.0000 2.0000 -6.0000 10.0000 0.1912 0.3518 0.3203 0.1589 0.2213 1.2435 1.7929 3.2859 
3.0000 38.0000 4.0000 0.0000 0.0000 -1.6500 8 1.0000 1.0000 2.0180 -10.0000 -2.0000 6.0000 -6.0000 10.0000 2.0000 0.1587 0.3509 0.2127 0.2396 0.2786 1.2405 1.8791 3.3831 
3.0000 51.0000 4.0000 2.0000 0.0000 -3.3000 8 1.0000 1.0000 1.9220 -4.0000 4.0000 8.0000 0.0000 12.0000 -8.0000 0.1789 0.2467 0.2197 0.3518 0.2457 1.2427 1.8341 3.3354 
3.0000 37.0000 4.0000 0.0000 0.0000 -3.3000 8 1.0000 1.0000 0.7130 -6.0000 6.0000 10.0000 -10.0000 2.0000 -2.0000 0.2220 0.2515 0.3812 0.1649 0.2231 1.2427 1.9470 3.4519 
3.0000 40.0000 4.0000 0.0000 0.0000 1.6500 2 -1.0000 1.0000 2.4450 6.0000 -2.0000 -6.0000 2.0000 -10.0000 10.0000 0.2823 0.1788 0.2670 0.2073 0.3093 1.2448 1.9988 3.5039 
3.0000 23.0000 5.0000 -2.0000 0.0000 -3.3000 8 1.0000 1.0000 0.5930 -12.0000 -4.0000 4.0000 -8.0000 8.0000 0.0000 0.3933 0.2739 0.1559 0.1983 0.2325 1.2538 1.7612 3.2630 
3.0000 48.0000 5.0000 2.0000 1.0000 3.3000 2 -1.0000 1.0000 0.6790 12.0000 4.0000 -8.0000 8.0000 -4.0000 0.0000 0.2500 0.2500 0.2500 0.2500 0.2500 1.2500 1.9600 3.4593 
3.0000 64.0000 5.0000 4.0000 0.0000 -4.9500 8 1.0000 1.0000 1.6500 14.0000 2.0000 -6.0000 6.0000 -2.0000 10.0000 0.3100 0.2770 0.1609 0.1924 0.3057 1.2461 1.8690 3.3554 
3.0000 36.0000 5.0000 0.0000 0.0000 -4.9500 8 1.0000 1.0000 1.2130 -6.0000 2.0000 6.0000 -2.0000 10.0000 -10.0000 0.2841 0.1961 0.3552 0.2470 0.1659 1.2483 1.9252 3.4243 
3.0000 49.0000 5.0000 2.0000 1.0000 4.9500 2 -1.0000 1.0000 1.3190 -8.0000 4.0000 12.0000 0.0000 8.0000 -4.0000 0.2500 0.2500 0.2500 0.2500 0.2500 1.2500 1.8204 3.3093 
3.0000 34.0000 5.0000 0.0000 1.0000 3.3000 2 -1.0000 1.0000 1.6440 -6.0000 2.0000 10.0000 -2.0000 6.0000 -10.0000 0.2500 0.2500 0.2500 0.2500 0.2500 1.2500 1.9478 3.4592 
3.0000 55.0000 5.0000 2.0000 0.0000 3.3000 2 -1.0000 1.0000 1.6610 12.0000 0.0000 -8.0000 4.0000 -4.0000 8.0000 0.3751 0.1936 0.2433 0.1569 0.2765 1.2454 1.7661 3.2713 
3.0000 65.0000 5.0000 4.0000 0.0000 -3.3000 8 1.0000 1.0000 1.9400 -2.0000 6.0000 14.0000 2.0000 10.0000 -6.0000 0.1575 0.3589 0.2975 0.1691 0.2655 1.2485 1.8005 3.3079 
3.0000 16.0000 5.0000 -2.0000 1.0000 -3.3000 8 1.0000 1.0000 0.6920 8.0000 0.0000 -12.0000 4.0000 -8.0000 -4.0000 0.2500 0.2500 0.2500 0.2500 0.2500 1.2500 1.8949 3.3925 
3.0000 61.0000 5.0000 4.0000 1.0000 1.6500 2 -1.0000 1.0000 0.9980 -6.0000 6.0000 10.0000 2.0000 14.0000 -2.0000 0.2500 0.2500 0.2500 0.2500 0.2500 1.2500 1.9220 3.4258 
3.0000 70.0000 5.0000 4.0000 0.0000 4.9500 2 -1.0000 1.0000 0.6660 6.0000 -2.0000 -6.0000 14.0000 2.0000 10.0000 0.1888 0.3108 0.1842 0.2595 0.3101 1.2534 1.7746 3.2792 
3.0000 41.0000 5.0000 0.0000 0.0000 3.3000 2 -1.0000 1.0000 0.8860 -6.0000 6.0000 10.0000 -10.0000 2.0000 -2.0000 0.3789 0.2847 0.1566 0.1849 0.2474 1.2526 1.8893 3.3953 
3.0000 40.0000 5.0000 0.0000 0.0000 1.6500 2 -1.0000 1.0000 4.1430 10.0000 2.0000 -6.0000 6.0000 -10.0000 -2.0000 0.2541 0.1598 0.2946 0.3766 0.1706 1.2556 1.9277 3.4314 
3.0000 29.0000 5.0000 0.0000 1.0000 -4.9500 8 1.0000 1.0000 0.9420 -10.0000 2.0000 6.0000 -2.0000 10.0000 -6.0000 0.2500 0.2500 0.2500 0.2500 0.2500 1.2500 1.8967 3.3926 
3.0000 54.0000 5.0000 2.0000 0.0000 1.6500 2 -1.0000 1.0000 2.9100 -8.0000 0.0000 12.0000 -4.0000 8.0000 4.0000 0.2150 0.2640 0.1641 0.3393 0.2752 1.2576 1.9061 3.4169 
3.0000 19.0000 5.0000 -2.0000 1.0000 1.6500 2 -1.0000 1.0000 3.2970 4.0000 -8.0000 -12.0000 8.0000 -4.0000 0.0000 0.2500 0.2500 0.2500 0.2500 0.2500 1.2500 1.8719 3.3592 
3.0000 14.0000 5.0000 -4.0000 0.0000 4.9500 2 -1.0000 1.0000 1.4920 6.0000 -2.0000 -14.0000 2.0000 -10.0000 -6.0000 0.3594 0.1833 0.1565 0.2255 0.3186 1.2432 1.8603 3.3690 
3.0000 42.0000 5.0000 0.0000 0.0000 4.9500 2 -1.0000 1.0000 2.0580 10.0000 -2.0000 -10.0000 2.0000 -6.0000 6.0000 0.2670 0.2207 0.3449 0.2412 0.1751 1.2488 1.7780 3.2746 
3.0000 21.0000 5.0000 -2.0000 1.0000 4.9500 2 -1.0000 1.0000 2.3160 4.0000 -4.0000 -8.0000 0.0000 -12.0000 8.0000 0.2500 0.2500 0.2500 0.2500 0.2500 1.2500 1.9118 3.4092 
3.0000 45.0000 5.0000 2.0000 1.0000 -1.6500 8 1.0000 1.0000 0.8480 -8.0000 4.0000 8.0000 0.0000 12.0000 -4.0000 0.2500 0.2500 0.2500 0.2500 0.2500 1.2500 1.8479 3.3424 
3.0000 56.0000 5.0000 2.0000 0.0000 4.9500 2 -1.0000 1.0000 2.1390 12.0000 0.0000 -8.0000 4.0000 -4.0000 8.0000 0.1682 0.2415 0.2910 0.2350 0.3062 1.2418 1.9336 3.4343 
3.0000 47.0000 5.0000 2.0000 1.0000 1.6500 2 -1.0000 1.0000 1.8200 8.0000 0.0000 -4.0000 4.0000 -8.0000 12.0000 0.2500 0.2500 0.2500 0.2500 0.2500 1.2500 1.8837 3.3759 
3.0000 60.0000 5.0000 4.0000 1.0000 0.0000 2 -1.0000 0.0000 2.1480 10.0000 2.0000 -2.0000 6.0000 -6.0000 14.0000 0.2500 0.2500 0.2500 0.2500 0.2500 1.2500 1.8155 3.3092 
3.0000 24.0000 5.0000 -2.0000 0.0000 -1.6500 8 1.0000 1.0000 0.9360 8.0000 -4.0000 -12.0000 0.0000 -8.0000 4.0000 0.2751 0.3013 0.2663 0.2313 0.1845 1.2586 1.9832 3.4845 
3.0000 68.0000 5.0000 4.0000 0.0000 1.6500 2 -1.0000 1.0000 1.4120 -6.0000 6.0000 10.0000 2.0000 14.0000 -2.0000 0.1835 0.3060 0.3934 0.1613 0.2088 1.2531 1.8522 3.3455 
3.0000 17.0000 5.0000 -2.0000 1.0000 -1.6500 8 1.0000 1.0000 0.9070 -12.0000 -4.0000 4.0000 -8.0000 8.0000 0.0000 0.2500 0.2500 0.2500 0.2500 0.2500 1.2500 1.9014 3.3925 
3.0000 28.0000 5.0000 -2.0000 0.0000 4.9500 2 -1.0000 1.0000 2.0210 8.0000 0.0000 -12.0000 4.0000 -8.0000 -4.0000 0.3787 0.1963 0.2632 0.1898 0.2191 1.2471 1.8440 3.3562 
3.0000 53.0000 5.0000 2.0000 0.0000 0.0000 2 -1.0000 0.0000 3.6050 12.0000 4.0000 -8.0000 8.0000 -4.0000 0.0000 0.2389 0.2932 0.3747 0.1555 0.1831 1.2454 1.7971 3.3045 
3.0000 3.0000 5.0000 -4.0000 1.0000 -1.6500 8 1.0000 1.0000 0.8950 -6.0000 2.0000 6.0000 -14.0000 -2.0000 -10.0000 0.2500 0.2500 0.2500 0.2500 0.2500 1.2500 1.9851 3.4928 
3.0000 46.0000 5.0000 2.0000 1.0000 0.0000 8 1.0000 0.0000 1.3180 -8.0000 0.0000 8.0000 -4.0000 12.0000 4.0000 0.2500 0.2500 0.2500 0.2500 0.2500 1.2500 1.9960 3.4927 
3.0000 69.0000 5.0000 4.0000 0.0000 3.3000 2 -1.0000 1.0000 0.9250 -2.0000 6.0000 14.0000 2.0000 10.0000 -6.0000 0.2397 0.1577 0.2639 0.3951 0.1941 1.2505 1.9653 3.4597 
3.0000 8.0000 5.0000 -4.0000 0.0000 -4.9500 8 1.0000 1.0000 0.8520 -14.0000 -2.0000 2.0000 -6.0000 6.0000 -10.0000 0.2676 0.2047 0.2787 0.1927 0.3116 1.2552 1.9334 3.4311 
3.0000 2.0000 5.0000 -4.0000 1.0000 -3.3000 8 1.0000 1.0000 0.8710 -2.0000 -10.0000 -14.0000 6.0000 -6.0000 2.0000 0.2500 0.2500 0.2500 0.2500 0.2500 1.2500 1.9167 3.4092 
3.0000 66.0000 5.0000 4.0000 0.0000 -1.6500 2 -1.0000 0.0000 2.2110 14.0000 6.0000 -2.0000 10.0000 -6.0000 2.0000 0.1508 0.3673 0.3396 0.2338 0.1525 1.2440 1.8732 3.3699 
3.0000 4.0000 5.0000 -4.0000 1.0000 0.0000 8 1.0000 0.0000 0.7840 -14.0000 -6.0000 2.0000 -10.0000 6.0000 -2.0000 0.2500 0.2500 0.2500 0.2500 0.2500 1.2500 1.9623 3.4594 
3.0000 50.0000 5.0000 2.0000 0.0000 -4.9500 8 1.0000 1.0000 0.9950 -8.0000 4.0000 12.0000 0.0000 8.0000 -4.0000 0.3576 0.1582 0.1870 0.2525 0.2977 1.2531 1.7782 3.2790 
3.0000 18.0000 5.0000 -2.0000 1.0000 0.0000 8 1.0000 0.0000 0.8540 4.0000 -8.0000 -12.0000 8.0000 -4.0000 0.0000 0.2500 0.2500 0.2500 0.2500 0.2500 1.2500 1.9741 3.4594 
3.0000 39.0000 5.0000 0.0000 0.0000 0.0000 8 1.0000 0.0000 1.7650 -10.0000 2.0000 6.0000 -2.0000 10.0000 -6.0000 0.2696 0.1992 0.2624 0.1761 0.3474 1.2547 1.8271 3.3472 
3.0000 13.0000 5.0000 -4.0000 0.0000 3.3000 2 -1.0000 1.0000 0.9050 -10.0000 2.0000 6.0000 -14.0000 -2.0000 -6.0000 0.2695 0.3264 0.1568 0.2934 0.1973 1.2434 1.7913 3.2858 
3.0000 51.0000 5.0000 2.0000 0.0000 -3.3000 8 1.0000 1.0000 3.2890 12.0000 4.0000 -4.0000 8.0000 -8.0000 0.0000 0.2461 0.1643 0.2483 0.3528 0.2285 1.2401 1.9220 3.4161 
3.0000 67.0000 5.0000 4.0000 0.0000 0.0000 2 -1.0000 0.0000 3.0010 14.0000 6.0000 -2.0000 10.0000 -6.0000 2.0000 0.2268 0.3728 0.2079 0.2817 0.1697 1.2590 1.8991 3.4183 
3.0000 25.0000 5.0000 -2.0000 0.0000 0.0000 2 -1.0000 0.0000 4.5110 -4.0000 4.0000 8.0000 -12.0000 0.0000 -8.0000 0.3864 0.3440 0.1623 0.2020 0.1614 1.2561 1.8568 3.3653 
3.0000 30.0000 5.0000 0.0000 1.0000 -3.3000 8 1.0000 1.0000 1.0920 6.0000 -2.0000 -10.0000 2.0000 -6.0000 10.0000 0.2500 0.2500 0.2500 0.2500 0.2500 1.2500 1.8015 3.2926 
3.0000 22.0000 5.0000 -2.0000 0.0000 -4.9500 8 1.0000 1.0000 0.6740 -12.0000 0.0000 4.0000 -4.0000 8.0000 -8.0000 0.2429 0.1887 0.3065 0.2249 0.2850 1.2480 1.8073 3.3070 
3.0000 57.0000 5.0000 4.0000 1.0000 -4.9500 8 1.0000 1.0000 1.3650 14.0000 6.0000 -2.0000 10.0000 -6.0000 2.0000 0.2500 0.2500 0.2500 0.2500 0.2500 1.2500 1.9474 3.4426 
3.0000 15.0000 5.0000 -2.0000 1.0000 -4.9500 8 1.0000 1.0000 1.0160 8.0000 -4.0000 -8.0000 0.0000 -12.0000 4.0000 0.2500 0.2500 0.2500 0.2500 0.2500 1.2500 1.9971 3.4927 
3.0000 38.0000 5.0000 0.0000 0.0000 -1.6500 8 1.0000 1.0000 2.1290 6.0000 -6.0000 -10.0000 10.0000 -2.0000 2.0000 0.3285 0.1805 0.2745 0.3112 0.1618 1.2565 1.9748 3.4825 
3.0000 20.0000 5.0000 -2.0000 1.0000 3.3000 2 -1.0000 1.0000 0.8790 -8.0000 4.0000 8.0000 -12.0000 0.0000 -4.0000 0.2500 0.2500 0.2500 0.2500 0.2500 1.2500 1.7705 3.2759 
3.0000 37.0000 5.0000 0.0000 0.0000 -3.3000 8 1.0000 1.0000 0.9350 -10.0000 2.0000 6.0000 -2.0000 10.0000 -6.0000 0.1973 0.3808 0.1588 0.2091 0.2969 1.2430 1.9515 3.4524 
3.0000 52.0000 5.0000 2.0000 0.0000 -1.6500 8 1.0000 1.0000 2.2990 -4.0000 4.0000 8.0000 0.0000 12.0000 -8.0000 0.2084 0.3991 0.1939 0.2915 0.1570 1.2500 1.8175 3.3259 
3.0000 9.0000 5.0000 -4.0000 0.0000 -3.3000 8 1.0000 1.0000 2.3010 2.0000 -10.0000 -14.0000 6.0000 -6.0000 -2.0000 0.2037 0.1760 0.3986 0.1780 0.2988 1.2551 1.8953 3.3976 
3.0000 26.0000 5.0000 -2.0000 0.0000 1.6500 8 1.0000 0.0000 2.7180 -8.0000 4.0000 8.0000 -12.0000 0.0000 -4.0000 0.1572 0.3562 0.1884 0.3153 0.2413 1.2584 1.8786 3.3842 
3.0000 5.0000 5.0000 -4.0000 1.0000 1.6500 8 1.0000 0.0000 2.9530 2.0000 -6.0000 -10.0000 -2.0000 -14.0000 6.0000 0.2500 0.2500 0.2500 0.2500 0.2500 1.2500 1.8256 3.3258 
3.0000 43.0000 5.0000 2.0000 1.0000 -4.9500 8 1.0000 1.0000 0.9480 -8.0000 0.0000 12.0000 -4.0000 8.0000 4.0000 0.2500 0.2500 0.2500 0.2500 0.2500 1.2500 1.8163 3.3092 
3.0000 11.0000 5.0000 -4.0000 0.0000 0.0000 8 1.0000 0.0000 1.3630 -6.0000 2.0000 6.0000 -14.0000 -2.0000 -10.0000 0.2438 0.3650 0.1791 0.2551 0.2122 1.2552 1.7596 3.2644 
3.0000 44.0000 5.0000 2.0000 1.0000 -3.3000 8 1.0000 1.0000 2.3420 12.0000 4.0000 -4.0000 8.0000 -8.0000 0.0000 0.2500 0.2500 0.2500 0.2500 0.2500 1.2500 1.7977 3.2925 
3.0000 32.0000 5.0000 0.0000 1.0000 0.0000 8 1.0000 0.0000 1.8040 -10.0000 -2.0000 6.0000 -6.0000 10.0000 2.0000 0.2500 0.2500 0.2500 0.2500 0.2500 1.2500 1.9816 3.4761 
3.0000 1.0000 5.0000 -4.0000 1.0000 -4.9500 8 1.0000 1.0000 1.2060 2.0000 -10.0000 -14.0000 6.0000 -6.0000 -2.0000 0.2500 0.2500 0.2500 0.2500 0.2500 1.2500 1.7765 3.2759 
3.0000 62.0000 5.0000 4.0000 1.0000 3.3000 2 -1.0000 1.0000 2.4340 14.0000 2.0000 -2.0000 6.0000 -6.0000 10.0000 0.2500 0.2500 0.2500 0.2500 0.2500 1.2500 1.9032 3.4093 
3.0000 27.0000 5.0000 -2.0000 0.0000 3.3000 8 1.0000 0.0000 1.4530 4.0000 -4.0000 -12.0000 0.0000 -8.0000 8.0000 0.3239 0.2737 0.1679 0.3009 0.1811 1.2475 1.9031 3.4068 
3.0000 7.0000 5.0000 -4.0000 1.0000 4.9500 2 -1.0000 1.0000 2.0930 -10.0000 2.0000 6.0000 -14.0000 -2.0000 -6.0000 0.2500 0.2500 0.2500 0.2500 0.2500 1.2500 1.8035 3.3092 
3.0000 33.0000 5.0000 0.0000 1.0000 1.6500 2 -1.0000 1.0000 1.8280 6.0000 -6.0000 -10.0000 10.0000 -2.0000 2.0000 0.2500 0.2500 0.2500 0.2500 0.2500 1.2500 1.9628 3.4593 
3.0000 59.0000 5.0000 4.0000 1.0000 -1.6500 8 1.0000 1.0000 1.4840 14.0000 2.0000 -6.0000 6.0000 -2.0000 10.0000 0.2500 0.2500 0.2500 0.2500 0.2500 1.2500 1.8281 3.3259 
3.0000 6.0000 5.0000 -4.0000 1.0000 3.3000 8 1.0000 0.0000 2.3490 -14.0000 -2.0000 2.0000 -6.0000 6.0000 -10.0000 0.2500 0.2500 0.2500 0.2500 0.2500 1.2500 1.9087 3.4094 
3.0000 35.0000 5.0000 0.0000 1.0000 4.9500 8 1.0000 0.0000 1.4450 -6.0000 2.0000 10.0000 -2.0000 6.0000 -10.0000 0.2500 0.2500 0.2500 0.2500 0.2500 1.2500 1.9003 3.3924 
3.0000 58.0000 5.0000 4.0000 1.0000 -3.3000 8 1.0000 1.0000 1.7760 -6.0000 2.0000 10.0000 -2.0000 14.0000 6.0000 0.2500 0.2500 0.2500 0.2500 0.2500 1.2500 1.7589 3.2592 
3.0000 63.0000 5.0000 4.0000 1.0000 4.9500 2 -1.0000 1.0000 2.4820 14.0000 2.0000 -2.0000 6.0000 -6.0000 10.0000 0.2500 0.2500 0.2500 0.2500 0.2500 1.2500 1.8579 3.3592 
3.0000 12.0000 5.0000 -4.0000 0.0000 1.6500 8 1.0000 0.0000 0.7930 -14.0000 -6.0000 2.0000 -10.0000 6.0000 -2.0000 0.1878 0.2524 0.2025 0.3337 0.2695 1.2459 1.7625 3.2551 
3.0000 10.0000 5.0000 -4.0000 0.0000 -1.6500 8 1.0000 1.0000 0.9230 6.0000 -2.0000 -10.0000 2.0000 -14.0000 -6.0000 0.3138 0.2342 0.2770 0.1537 0.2702 1.2490 1.8383 3.3416 
3.0000 31.0000 5.0000 0.0000 1.0000 -1.6500 8 1.0000 1.0000 1.0380 6.0000 -2.0000 -6.0000 2.0000 -10.0000 10.0000 0.2500 0.2500 0.2500 0.2500 0.2500 1.2500 1.8041 3.3091 
3.0000 6.0000 6.0000 -4.0000 1.0000 3.3000 2 -1.0000 1.0000 2.7210 6.0000 -2.0000 -10.0000 2.0000 -14.0000 -6.0000 0.2500 0.2500 0.2500 0.2500 0.2500 1.2500 1.9148 3.4259 
3.0000 70.0000 6.0000 4.0000 0.0000 4.9500 2 -1.0000 1.0000 1.0100 14.0000 2.0000 -6.0000 6.0000 -2.0000 10.0000 0.1666 0.2114 0.2827 0.3239 0.2685 1.2531 1.9140 3.4290 
3.0000 16.0000 6.0000 -2.0000 1.0000 -3.3000 8 1.0000 1.0000 0.7690 4.0000 -4.0000 -8.0000 0.0000 -12.0000 8.0000 0.2500 0.2500 0.2500 0.2500 0.2500 1.2500 1.8282 3.3259 
3.0000 47.0000 6.0000 2.0000 1.0000 1.6500 8 1.0000 0.0000 2.6320 -8.0000 0.0000 8.0000 -4.0000 12.0000 4.0000 0.2500 0.2500 0.2500 0.2500 0.2500 1.2500 1.9134 3.4092 
3.0000 42.0000 6.0000 0.0000 0.0000 4.9500 2 -1.0000 1.0000 1.9030 -6.0000 6.0000 10.0000 -10.0000 2.0000 -2.0000 0.1654 0.3745 0.2146 0.1538 0.3406 1.2489 1.8654 3.3582 
3.0000 45.0000 6.0000 2.0000 1.0000 -1.6500 8 1.0000 1.0000 1.1340 -8.0000 0.0000 8.0000 -4.0000 12.0000 4.0000 0.2500 0.2500 0.2500 0.2500 0.2500 1.2500 1.7520 3.2426 
3.0000 67.0000 6.0000 4.0000 0.0000 0.0000 2 -1.0000 0.0000 4.1180 14.0000 2.0000 -2.0000 6.0000 -6.0000 10.0000 0.2369 0.1733 0.3939 0.1573 0.2956 1.2570 1.9201 3.4162 
3.0000 21.0000 6.0000 -2.0000 1.0000 4.9500 8 1.0000 0.0000 2.7400 0.0000 -8.0000 -12.0000 8.0000 -4.0000 4.0000 0.2500 0.2500 0.2500 0.2500 0.2500 1.2500 1.7692 3.2592 
3.0000 56.0000 6.0000 2.0000 0.0000 4.9500 2 -1.0000 1.0000 3.4450 12.0000 0.0000 -8.0000 4.0000 -4.0000 8.0000 0.2001 0.1723 0.2304 0.3804 0.2759 1.2592 1.8707 3.3851 
3.0000 23.0000 6.0000 -2.0000 0.0000 -3.3000 8 1.0000 1.0000 1.7710 4.0000 -4.0000 -8.0000 0.0000 -12.0000 8.0000 0.3131 0.1650 0.2362 0.3442 0.1829 1.2414 1.8174 3.3173 
3.0000 15.0000 6.0000 -2.0000 1.0000 -4.9500 8 1.0000 1.0000 0.7340 8.0000 0.0000 -8.0000 4.0000 -12.0000 -4.0000 0.2500 0.2500 0.2500 0.2500 0.2500 1.2500 1.7943 3.2926 
3.0000 13.0000 6.0000 -4.0000 0.0000 3.3000 8 1.0000 0.0000 3.2280 2.0000 -6.0000 -14.0000 -2.0000 -10.0000 6.0000 0.3190 0.1988 0.3166 0.2287 0.1879 1.2511 1.9385 3.4438 
3.0000 40.0000 6.0000 0.0000 0.0000 1.6500 2 -1.0000 1.0000 4.1050 -6.0000 2.0000 6.0000 -2.0000 10.0000 -10.0000 0.2276 0.3417 0.1682 0.2407 0.2674 1.2456 1.8655 3.3549 
3.0000 22.0000 6.0000 -2.0000 0.0000 -4.9500 8 1.0000 1.0000 0.7760 -8.0000 0.0000 4.0000 -4.0000 8.0000 -12.0000 0.3367 0.1945 0.2971 0.2414 0.1742 1.2439 1.9746 3.4698 
3.0000 57.0000 6.0000 4.0000 1.0000 -4.9500 8 1.0000 1.0000 1.4210 10.0000 -2.0000 -6.0000 14.0000 2.0000 6.0000 0.2500 0.2500 0.2500 0.2500 0.2500 1.2500 1.9483 3.4425 
3.0000 30.0000 6.0000 0.0000 1.0000 -3.3000 8 1.0000 1.0000 1.2440 2.0000 -6.0000 -10.0000 10.0000 -2.0000 6.0000 0.2500 0.2500 0.2500 0.2500 0.2500 1.2500 1.9017 3.3924 
3.0000 18.0000 6.0000 -2.0000 1.0000 0.0000 8 1.0000 0.0000 2.0190 -12.0000 0.0000 8.0000 -4.0000 4.0000 -8.0000 0.2500 0.2500 0.2500 0.2500 0.2500 1.2500 1.8402 3.3424 
3.0000 53.0000 6.0000 2.0000 0.0000 0.0000 8 1.0000 0.0000 1.7890 8.0000 0.0000 -8.0000 4.0000 -4.0000 12.0000 0.2184 0.2545 0.3946 0.2012 0.1761 1.2448 1.8123 3.3039 
3.0000 8.0000 6.0000 -4.0000 0.0000 -4.9500 8 1.0000 1.0000 1.0630 -10.0000 -2.0000 6.0000 -6.0000 2.0000 -14.0000 0.3205 0.1767 0.2851 0.1998 0.2725 1.2546 1.9249 3.4305 
3.0000 9.0000 6.0000 -4.0000 0.0000 -3.3000 8 1.0000 1.0000 0.7160 6.0000 -6.0000 -14.0000 -2.0000 -10.0000 2.0000 0.2014 0.3488 0.2952 0.2400 0.1645 1.2499 1.8299 3.3424 
3.0000 52.0000 6.0000 2.0000 0.0000 -1.6500 8 1.0000 1.0000 1.4510 -8.0000 0.0000 8.0000 -4.0000 12.0000 4.0000 0.3771 0.2687 0.1788 0.2393 0.1901 1.2540 1.9573 3.4632 
3.0000 24.0000 6.0000 -2.0000 0.0000 -1.6500 8 1.0000 1.0000 1.9480 4.0000 -8.0000 -12.0000 8.0000 -4.0000 0.0000 0.3627 0.2675 0.1612 0.2624 0.1960 1.2498 1.7986 3.3090 
3.0000 51.0000 6.0000 2.0000 0.0000 -3.3000 8 1.0000 1.0000 3.9680 12.0000 0.0000 -8.0000 4.0000 -4.0000 8.0000 0.2779 0.2185 0.1685 0.3501 0.2414 1.2564 1.9646 3.4657 
3.0000 37.0000 6.0000 0.0000 0.0000 -3.3000 8 1.0000 1.0000 2.7320 10.0000 2.0000 -6.0000 6.0000 -10.0000 -2.0000 0.1845 0.2788 0.2423 0.3670 0.1692 1.2419 1.9463 3.4346 
3.0000 11.0000 6.0000 -4.0000 0.0000 0.0000 2 -1.0000 0.0000 0.7560 6.0000 -2.0000 -14.0000 2.0000 -10.0000 -6.0000 0.1885 0.2579 0.2052 0.3219 0.2789 1.2524 1.8820 3.3783 
3.0000 34.0000 6.0000 0.0000 1.0000 3.3000 8 1.0000 0.0000 2.2990 -10.0000 2.0000 10.0000 -2.0000 6.0000 -6.0000 0.2500 0.2500 0.2500 0.2500 0.2500 1.2500 1.9415 3.4426 
3.0000 7.0000 6.0000 -4.0000 1.0000 4.9500 2 -1.0000 1.0000 0.9760 2.0000 -10.0000 -14.0000 6.0000 -6.0000 -2.0000 0.2500 0.2500 0.2500 0.2500 0.2500 1.2500 1.8507 3.3425 
3.0000 62.0000 6.0000 4.0000 1.0000 3.3000 2 -1.0000 1.0000 2.1360 14.0000 6.0000 -2.0000 10.0000 -6.0000 2.0000 0.2500 0.2500 0.2500 0.2500 0.2500 1.2500 1.8661 3.3592 
3.0000 49.0000 6.0000 2.0000 1.0000 4.9500 2 -1.0000 1.0000 0.7790 0.0000 8.0000 12.0000 -8.0000 4.0000 -4.0000 0.2500 0.2500 0.2500 0.2500 0.2500 1.2500 1.7925 3.2925 
3.0000 46.0000 6.0000 2.0000 1.0000 0.0000 2 -1.0000 0.0000 1.0350 12.0000 4.0000 -4.0000 8.0000 -8.0000 0.0000 0.2500 0.2500 0.2500 0.2500 0.2500 1.2500 1.8729 3.3759 
3.0000 43.0000 6.0000 2.0000 1.0000 -4.9500 8 1.0000 1.0000 1.0160 -8.0000 0.0000 8.0000 -4.0000 12.0000 4.0000 0.2500 0.2500 0.2500 0.2500 0.2500 1.2500 1.8597 3.3592 
3.0000 65.0000 6.0000 4.0000 0.0000 -3.3000 2 -1.0000 0.0000 1.6240 -2.0000 6.0000 10.0000 2.0000 14.0000 -6.0000 0.2750 0.3105 0.1892 0.3235 0.1528 1.2510 1.8568 3.3601 
3.0000 38.0000 6.0000 0.0000 0.0000 -1.6500 8 1.0000 1.0000 0.8730 6.0000 -2.0000 -6.0000 2.0000 -10.0000 10.0000 0.3462 0.1734 0.3531 0.2233 0.1558 1.2518 1.7700 3.2777 
3.0000 27.0000 6.0000 -2.0000 0.0000 3.3000 8 1.0000 0.0000 3.4170 4.0000 -8.0000 -12.0000 8.0000 -4.0000 0.0000 0.1638 0.2306 0.3110 0.2521 0.2838 1.2414 1.8047 3.3005 
3.0000 26.0000 6.0000 -2.0000 0.0000 1.6500 2 -1.0000 1.0000 3.8690 8.0000 -4.0000 -8.0000 0.0000 -12.0000 4.0000 0.3497 0.1950 0.2205 0.3238 0.1549 1.2439 1.8978 3.3864 
3.0000 39.0000 6.0000 0.0000 0.0000 0.0000 8 1.0000 0.0000 0.9040 2.0000 -6.0000 -10.0000 10.0000 -2.0000 6.0000 0.1573 0.3140 0.2428 0.3618 0.1828 1.2587 1.9194 3.4180 
3.0000 25.0000 6.0000 -2.0000 0.0000 0.0000 8 1.0000 0.0000 2.1750 4.0000 -8.0000 -12.0000 8.0000 -4.0000 0.0000 0.2876 0.1649 0.2236 0.3291 0.2383 1.2435 1.7699 3.2527 
3.0000 59.0000 6.0000 4.0000 1.0000 -1.6500 2 -1.0000 0.0000 1.1700 -6.0000 6.0000 10.0000 2.0000 14.0000 -2.0000 0.2500 0.2500 0.2500 0.2500 0.2500 1.2500 1.8093 3.3092 
3.0000 29.0000 6.0000 0.0000 1.0000 -4.9500 8 1.0000 1.0000 0.9730 10.0000 2.0000 -10.0000 6.0000 -6.0000 -2.0000 0.2500 0.2500 0.2500 0.2500 0.2500 1.2500 1.7850 3.2759 
3.0000 28.0000 6.0000 -2.0000 0.0000 4.9500 2 -1.0000 1.0000 2.8170 8.0000 -4.0000 -12.0000 0.0000 -8.0000 4.0000 0.2495 0.3450 0.2158 0.2740 0.1559 1.2403 1.7680 3.2661 
3.0000 5.0000 6.0000 -4.0000 1.0000 1.6500 2 -1.0000 1.0000 2.4480 6.0000 -2.0000 -10.0000 2.0000 -14.0000 -6.0000 0.2500 0.2500 0.2500 0.2500 0.2500 1.2500 1.8332 3.3425 
3.0000 32.0000 6.0000 0.0000 1.0000 0.0000 8 1.0000 0.0000 1.7270 -6.0000 2.0000 10.0000 -2.0000 6.0000 -10.0000 0.2500 0.2500 0.2500 0.2500 0.2500 1.2500 1.7874 3.2925 
3.0000 50.0000 6.0000 2.0000 0.0000 -4.9500 8 1.0000 1.0000 2.6850 -4.0000 8.0000 12.0000 -8.0000 4.0000 0.0000 0.2642 0.1516 0.3670 0.2199 0.2473 1.2501 1.7948 3.2925 
3.0000 36.0000 6.0000 0.0000 0.0000 -4.9500 8 1.0000 1.0000 0.8990 6.0000 -2.0000 -6.0000 2.0000 -10.0000 10.0000 0.1523 0.3529 0.3148 0.1709 0.2563 1.2471 1.9570 3.4564 
3.0000 44.0000 6.0000 2.0000 1.0000 -3.3000 8 1.0000 1.0000 1.2250 -8.0000 0.0000 8.0000 -4.0000 12.0000 4.0000 0.2500 0.2500 0.2500 0.2500 0.2500 1.2500 1.8345 3.3425 
3.0000 1.0000 6.0000 -4.0000 1.0000 -4.9500 8 1.0000 1.0000 0.7350 2.0000 -6.0000 -14.0000 -2.0000 -10.0000 6.0000 0.2500 0.2500 0.2500 0.2500 0.2500 1.2500 1.8811 3.3759 
3.0000 55.0000 6.0000 2.0000 0.0000 3.3000 2 -1.0000 1.0000 1.0730 12.0000 0.0000 -8.0000 4.0000 -4.0000 8.0000 0.2876 0.2052 0.2709 0.1847 0.3102 1.2586 1.8704 3.3845 
3.0000 4.0000 6.0000 -4.0000 1.0000 0.0000 8 1.0000 0.0000 2.4960 6.0000 -2.0000 -14.0000 2.0000 -10.0000 -6.0000 0.2500 0.2500 0.2500 0.2500 0.2500 1.2500 1.7753 3.2758 
3.0000 54.0000 6.0000 2.0000 0.0000 1.6500 2 -1.0000 1.0000 1.8660 12.0000 0.0000 -8.0000 4.0000 -4.0000 8.0000 0.1505 0.2036 0.3105 0.2779 0.3086 1.2511 1.8947 3.3936 
3.0000 20.0000 6.0000 -2.0000 1.0000 3.3000 NR 0.0000 0.0000 0.0000 4.0000 -4.0000 -12.0000 0.0000 -8.0000 8.0000 0.2500 0.2500 0.2500 0.2500 0.2500 1.2500 1.8386 3.3258 
3.0000 12.0000 6.0000 -4.0000 0.0000 1.6500 8 1.0000 0.0000 0.7330 -10.0000 -2.0000 6.0000 -6.0000 2.0000 -14.0000 0.1905 0.3085 0.2157 0.2897 0.2377 1.2421 1.8866 3.3848 
3.0000 3.0000 6.0000 -4.0000 1.0000 -1.6500 8 1.0000 1.0000 0.6400 2.0000 -10.0000 -14.0000 6.0000 -6.0000 -2.0000 0.2500 0.2500 0.2500 0.2500 0.2500 1.2500 1.8218 3.3260 
3.0000 10.0000 6.0000 -4.0000 0.0000 -1.6500 8 1.0000 1.0000 0.6720 6.0000 -2.0000 -10.0000 2.0000 -14.0000 -6.0000 0.2690 0.3454 0.2056 0.2888 0.1506 1.2594 1.8118 3.3185 
3.0000 69.0000 6.0000 4.0000 0.0000 3.3000 2 -1.0000 1.0000 1.3580 10.0000 2.0000 -2.0000 6.0000 -6.0000 14.0000 0.2473 0.1514 0.3013 0.2335 0.3089 1.2424 1.8813 3.3682 
3.0000 61.0000 6.0000 4.0000 1.0000 1.6500 2 -1.0000 1.0000 1.0420 -6.0000 2.0000 10.0000 -2.0000 14.0000 6.0000 0.2500 0.2500 0.2500 0.2500 0.2500 1.2500 1.9477 3.4426 
3.0000 2.0000 6.0000 -4.0000 1.0000 -3.3000 8 1.0000 1.0000 0.8210 -10.0000 -2.0000 6.0000 -6.0000 2.0000 -14.0000 0.2500 0.2500 0.2500 0.2500 0.2500 1.2500 1.7673 3.2591 
3.0000 68.0000 6.0000 4.0000 0.0000 1.6500 2 -1.0000 1.0000 0.7250 14.0000 6.0000 -2.0000 10.0000 -6.0000 2.0000 0.2022 0.3283 0.2467 0.2986 0.1700 1.2458 1.8216 3.3217 
3.0000 58.0000 6.0000 4.0000 1.0000 -3.3000 8 1.0000 1.0000 2.1640 -2.0000 6.0000 10.0000 2.0000 14.0000 -6.0000 0.2500 0.2500 0.2500 0.2500 0.2500 1.2500 1.9513 3.4427 
3.0000 19.0000 6.0000 -2.0000 1.0000 1.6500 2 -1.0000 1.0000 3.0220 4.0000 -4.0000 -12.0000 0.0000 -8.0000 8.0000 0.2500 0.2500 0.2500 0.2500 0.2500 1.2500 1.8844 3.3758 
3.0000 41.0000 6.0000 0.0000 0.0000 3.3000 2 -1.0000 1.0000 1.0150 -10.0000 -2.0000 10.0000 -6.0000 6.0000 2.0000 0.1654 0.2377 0.2998 0.3345 0.2037 1.2412 1.8048 3.2837 
3.0000 31.0000 6.0000 0.0000 1.0000 -1.6500 8 1.0000 1.0000 1.2250 -6.0000 6.0000 10.0000 -10.0000 2.0000 -2.0000 0.2500 0.2500 0.2500 0.2500 0.2500 1.2500 1.8232 3.3092 
3.0000 60.0000 6.0000 4.0000 1.0000 0.0000 2 -1.0000 0.0000 1.5550 -6.0000 2.0000 10.0000 -2.0000 14.0000 6.0000 0.2500 0.2500 0.2500 0.2500 0.2500 1.2500 1.9226 3.4259 
3.0000 64.0000 6.0000 4.0000 0.0000 -4.9500 8 1.0000 1.0000 0.7600 10.0000 2.0000 -6.0000 6.0000 -2.0000 14.0000 0.2152 0.2408 0.3840 0.1567 0.2556 1.2524 1.9570 3.4617 
3.0000 48.0000 6.0000 2.0000 1.0000 3.3000 2 -1.0000 1.0000 3.9950 -4.0000 8.0000 12.0000 -8.0000 4.0000 0.0000 0.2500 0.2500 0.2500 0.2500 0.2500 1.2500 1.8357 3.3425 
3.0000 17.0000 6.0000 -2.0000 1.0000 -1.6500 8 1.0000 1.0000 1.0240 -12.0000 -4.0000 4.0000 -8.0000 8.0000 0.0000 0.2500 0.2500 0.2500 0.2500 0.2500 1.2500 1.8334 3.3425 
3.0000 14.0000 6.0000 -4.0000 0.0000 4.9500 2 -1.0000 1.0000 4.2700 -10.0000 -2.0000 2.0000 -6.0000 6.0000 -14.0000 0.3795 0.2476 0.2058 0.2550 0.1717 1.2597 1.8534 3.3691 
3.0000 35.0000 6.0000 0.0000 1.0000 4.9500 2 -1.0000 1.0000 1.0630 2.0000 -6.0000 -10.0000 10.0000 -2.0000 6.0000 0.2500 0.2500 0.2500 0.2500 0.2500 1.2500 1.9458 3.4426 
3.0000 63.0000 6.0000 4.0000 1.0000 4.9500 2 -1.0000 1.0000 1.1330 10.0000 2.0000 -6.0000 6.0000 -2.0000 14.0000 0.2500 0.2500 0.2500 0.2500 0.2500 1.2500 1.8619 3.3593 
3.0000 33.0000 6.0000 0.0000 1.0000 1.6500 2 -1.0000 1.0000 0.8870 10.0000 2.0000 -10.0000 6.0000 -6.0000 -2.0000 0.2500 0.2500 0.2500 0.2500 0.2500 1.2500 1.8540 3.3425 
3.0000 66.0000 6.0000 4.0000 0.0000 -1.6500 8 1.0000 1.0000 3.8530 -6.0000 2.0000 14.0000 -2.0000 10.0000 6.0000 0.2179 0.2763 0.2086 0.1617 0.3777 1.2424 1.8154 3.3017 
