subNo index mean periodicity testLevel pressedKey answer isCorrect rt reversal s1 s2 s3 s4 s5 s6 t1 t2 t3 t4 t5 seqDuration startInterval trialDuration 
3.0000 1.0000 2.0000 1.0000 -11.0000 8 1.0000 1.0000 0.6810 0.0000 -4.0000 8.0000 12.0000 -8.0000 4.0000 0.0000 0.2500 0.2500 0.2500 0.2500 0.2500 1.2500 1.8095 3.3093 
3.0000 2.0000 -2.0000 1.0000 11.0000 2 -1.0000 1.0000 1.0940 0.0000 -8.0000 0.0000 4.0000 -4.0000 8.0000 -12.0000 0.2500 0.2500 0.2500 0.2500 0.2500 1.2500 1.8226 3.3091 
3.0000 3.0000 -4.0000 1.0000 11.0000 2 -1.0000 1.0000 0.6380 0.0000 -2.0000 -10.0000 -14.0000 6.0000 -6.0000 2.0000 0.2500 0.2500 0.2500 0.2500 0.2500 1.2500 1.9632 3.4592 
3.0000 4.0000 -4.0000 0.0000 11.0000 2 -1.0000 1.0000 0.7560 0.0000 -14.0000 -2.0000 6.0000 -6.0000 2.0000 -10.0000 0.3357 0.1968 0.2907 0.2405 0.1847 1.2483 1.8617 3.3744 
3.0000 5.0000 -2.0000 0.0000 11.0000 2 -1.0000 1.0000 0.7940 0.0000 -4.0000 4.0000 8.0000 -12.0000 0.0000 -8.0000 0.1740 0.3860 0.1961 0.2923 0.2090 1.2574 1.9420 3.4502 
3.0000 6.0000 -4.0000 1.0000 9.0000 2 -1.0000 1.0000 0.6870 0.0000 2.0000 -10.0000 -14.0000 6.0000 -6.0000 -2.0000 0.2500 0.2500 0.2500 0.2500 0.2500 1.2500 1.8976 3.4092 
3.0000 7.0000 -2.0000 0.0000 -9.0000 8 1.0000 1.0000 0.7430 0.0000 8.0000 0.0000 -8.0000 4.0000 -12.0000 -4.0000 0.3245 0.2508 0.1727 0.3513 0.1532 1.2525 1.9222 3.4284 
3.0000 8.0000 0.0000 0.0000 7.0000 2 -1.0000 1.0000 2.2430 0.0000 -10.0000 -2.0000 6.0000 -6.0000 10.0000 2.0000 0.2014 0.3116 0.1958 0.2469 0.2984 1.2540 1.8334 3.3464 
3.0000 9.0000 0.0000 0.0000 5.0000 2 -1.0000 1.0000 0.6840 0.0000 6.0000 -2.0000 -6.0000 2.0000 -10.0000 10.0000 0.2544 0.1688 0.3685 0.1764 0.2742 1.2423 1.9127 3.4015 
3.0000 10.0000 2.0000 1.0000 -3.0000 8 1.0000 1.0000 1.3650 0.0000 -8.0000 0.0000 12.0000 -4.0000 8.0000 4.0000 0.2500 0.2500 0.2500 0.2500 0.2500 1.2500 1.7778 3.2758 
3.0000 11.0000 -2.0000 1.0000 -3.0000 8 1.0000 1.0000 1.5560 0.0000 4.0000 -4.0000 -8.0000 0.0000 -12.0000 8.0000 0.2500 0.2500 0.2500 0.2500 0.2500 1.2500 1.9138 3.4092 
3.0000 12.0000 4.0000 1.0000 -3.0000 8 1.0000 1.0000 1.2460 0.0000 -2.0000 6.0000 14.0000 2.0000 10.0000 -6.0000 0.2500 0.2500 0.2500 0.2500 0.2500 1.2500 1.8665 3.3592 
3.0000 13.0000 -2.0000 0.0000 -3.0000 8 1.0000 1.0000 1.0390 0.0000 0.0000 -8.0000 -12.0000 8.0000 -4.0000 4.0000 0.1992 0.2396 0.3538 0.2079 0.2571 1.2575 1.7959 3.3000 
3.0000 14.0000 -4.0000 1.0000 1.0000 2 -1.0000 1.0000 1.5440 0.0000 -14.0000 -2.0000 6.0000 -6.0000 2.0000 -10.0000 0.2500 0.2500 0.2500 0.2500 0.2500 1.2500 1.9763 3.4759 
3.0000 15.0000 0.0000 1.0000 1.0000 8 1.0000 0.0000 1.2880 0.0000 -2.0000 6.0000 10.0000 -10.0000 2.0000 -6.0000 0.2500 0.2500 0.2500 0.2500 0.2500 1.2500 1.9026 3.3926 
3.0000 16.0000 4.0000 1.0000 1.0000 8 1.0000 0.0000 2.1360 0.0000 -6.0000 6.0000 10.0000 2.0000 14.0000 -2.0000 0.2500 0.2500 0.2500 0.2500 0.2500 1.2500 1.9910 3.4925 
3.0000 17.0000 -2.0000 0.0000 -1.0000 8 1.0000 1.0000 1.0170 0.0000 -12.0000 -4.0000 4.0000 -8.0000 8.0000 0.0000 0.1597 0.2257 0.2975 0.1930 0.3706 1.2464 1.9966 3.5056 
3.0000 18.0000 0.0000 0.0000 0.0000 2 -1.0000 0.0000 3.2470 1.0000 6.0000 -2.0000 -6.0000 2.0000 -10.0000 10.0000 0.3498 0.2271 0.1702 0.3043 0.1904 1.2418 1.9333 3.4343 
3.0000 19.0000 2.0000 0.0000 -0.9900 8 1.0000 1.0000 0.7440 2.0000 -8.0000 4.0000 8.0000 0.0000 12.0000 -4.0000 0.1939 0.3486 0.2781 0.1828 0.2379 1.2413 1.8953 3.3840 
3.0000 20.0000 2.0000 0.0000 -0.6600 2 -1.0000 0.0000 0.8810 3.0000 8.0000 -4.0000 -8.0000 12.0000 0.0000 4.0000 0.3038 0.2518 0.3218 0.1507 0.2154 1.2437 1.8942 3.3862 
3.0000 21.0000 0.0000 0.0000 1.6500 2 -1.0000 1.0000 2.7230 4.0000 10.0000 -2.0000 -10.0000 2.0000 -6.0000 6.0000 0.2442 0.2841 0.1830 0.2236 0.3100 1.2450 1.9476 3.4374 
3.0000 22.0000 0.0000 0.0000 -1.3200 8 1.0000 1.0000 1.2870 4.0000 2.0000 -6.0000 -10.0000 10.0000 -2.0000 6.0000 0.3780 0.1592 0.2139 0.1742 0.3340 1.2593 1.9857 3.4852 
3.0000 23.0000 -2.0000 1.0000 -0.9900 8 1.0000 1.0000 1.0470 4.0000 -12.0000 -4.0000 8.0000 -8.0000 4.0000 0.0000 0.2500 0.2500 0.2500 0.2500 0.2500 1.2500 1.9881 3.4926 
3.0000 24.0000 -4.0000 1.0000 0.9900 8 1.0000 0.0000 1.2730 4.0000 -10.0000 -2.0000 2.0000 -6.0000 6.0000 -14.0000 0.2500 0.2500 0.2500 0.2500 0.2500 1.2500 1.9762 3.4759 
3.0000 25.0000 4.0000 0.0000 0.9900 2 -1.0000 1.0000 0.9000 4.0000 10.0000 -2.0000 -6.0000 14.0000 2.0000 6.0000 0.2027 0.3062 0.1882 0.3654 0.1813 1.2437 1.8900 3.3696 
3.0000 26.0000 2.0000 0.0000 0.6600 2 -1.0000 1.0000 1.1740 4.0000 12.0000 0.0000 -4.0000 4.0000 -8.0000 8.0000 0.2449 0.2010 0.2492 0.3008 0.2627 1.2586 1.9510 3.4511 
3.0000 27.0000 4.0000 0.0000 -0.3300 8 1.0000 1.0000 2.4990 4.0000 6.0000 -2.0000 -6.0000 14.0000 2.0000 10.0000 0.2317 0.2617 0.2937 0.2674 0.1895 1.2440 1.9198 3.4199 
3.0000 28.0000 -2.0000 0.0000 0.0000 8 1.0000 0.0000 2.4270 5.0000 4.0000 -8.0000 -12.0000 8.0000 -4.0000 0.0000 0.3344 0.2244 0.1569 0.2865 0.2514 1.2536 1.8847 3.3961 
3.0000 29.0000 4.0000 0.0000 0.9900 2 -1.0000 1.0000 0.7240 6.0000 14.0000 6.0000 -2.0000 10.0000 -6.0000 2.0000 0.3221 0.1568 0.2634 0.1948 0.3106 1.2477 1.7922 3.2902 
3.0000 30.0000 4.0000 1.0000 0.6600 8 1.0000 0.0000 1.1110 6.0000 -2.0000 6.0000 10.0000 2.0000 14.0000 -6.0000 0.2500 0.2500 0.2500 0.2500 0.2500 1.2500 1.8112 3.3091 
3.0000 31.0000 -4.0000 1.0000 0.6600 8 1.0000 0.0000 0.8150 6.0000 6.0000 -2.0000 -14.0000 2.0000 -10.0000 -6.0000 0.2500 0.2500 0.2500 0.2500 0.2500 1.2500 1.7883 3.2926 
3.0000 32.0000 2.0000 0.0000 0.6600 8 1.0000 0.0000 2.1780 7.0000 -4.0000 8.0000 12.0000 -8.0000 4.0000 0.0000 0.3546 0.2025 0.3103 0.2250 0.1578 1.2503 1.7534 3.2595 
3.0000 33.0000 -4.0000 1.0000 -1.6500 8 1.0000 1.0000 2.3420 7.0000 2.0000 -6.0000 -10.0000 -2.0000 -14.0000 6.0000 0.2500 0.2500 0.2500 0.2500 0.2500 1.2500 1.7675 3.2591 
3.0000 34.0000 -4.0000 0.0000 1.6500 8 1.0000 0.0000 0.8620 7.0000 2.0000 -6.0000 -14.0000 -2.0000 -10.0000 6.0000 0.2746 0.3663 0.2533 0.1614 0.1890 1.2446 1.9112 3.4039 
3.0000 35.0000 -4.0000 1.0000 -2.6400 8 1.0000 1.0000 0.7830 7.0000 6.0000 -2.0000 -14.0000 2.0000 -10.0000 -6.0000 0.2500 0.2500 0.2500 0.2500 0.2500 1.2500 1.7658 3.2592 
3.0000 36.0000 -4.0000 0.0000 -2.6400 8 1.0000 1.0000 0.9690 8.0000 6.0000 -2.0000 -14.0000 2.0000 -10.0000 -6.0000 0.3293 0.1501 0.3054 0.2044 0.2658 1.2551 1.8427 3.3477 
3.0000 37.0000 4.0000 0.0000 -2.3100 2 -1.0000 0.0000 1.6360 9.0000 -2.0000 6.0000 14.0000 2.0000 10.0000 -6.0000 0.1894 0.2247 0.3241 0.2395 0.2731 1.2507 1.8024 3.2932 
3.0000 38.0000 0.0000 1.0000 -3.3000 8 1.0000 1.0000 1.5160 9.0000 -10.0000 2.0000 6.0000 -2.0000 10.0000 -6.0000 0.2500 0.2500 0.2500 0.2500 0.2500 1.2500 1.9559 3.4593 
3.0000 39.0000 -2.0000 1.0000 -3.3000 8 1.0000 1.0000 0.9880 9.0000 4.0000 -8.0000 -12.0000 8.0000 -4.0000 0.0000 0.2500 0.2500 0.2500 0.2500 0.2500 1.2500 1.7557 3.2592 
3.0000 40.0000 -2.0000 1.0000 -3.3000 8 1.0000 1.0000 1.2980 9.0000 8.0000 0.0000 -8.0000 4.0000 -12.0000 -4.0000 0.2500 0.2500 0.2500 0.2500 0.2500 1.2500 1.9048 3.4092 
3.0000 41.0000 0.0000 0.0000 3.3000 2 -1.0000 1.0000 2.3360 10.0000 10.0000 2.0000 -6.0000 6.0000 -10.0000 -2.0000 0.2313 0.1816 0.3017 0.2492 0.2799 1.2437 1.9401 3.4362 
