subNo index block mean periodicity testLevel pressedKey answer isCorrect rt s1 s2 s3 s4 s5 s6 t1 t2 t3 t4 t5 seqDuration startInterval trialDuration 
22.0000 65.0000 1.0000 4.0000 0.0000 -6.6000 2 1.0000 1.0000 0.7730 14.0000 2.0000 -6.0000 6.0000 -2.0000 10.0000 0.2188 0.3290 0.1859 0.3107 0.1957 1.2401 1.8416 3.3326 
22.0000 9.0000 1.0000 -4.0000 0.0000 -6.6000 2 1.0000 1.0000 0.7680 6.0000 -2.0000 -10.0000 2.0000 -14.0000 -6.0000 0.1708 0.3239 0.2094 0.3068 0.2450 1.2559 1.9856 3.4985 
22.0000 43.0000 1.0000 2.0000 1.0000 -9.9000 2 1.0000 1.0000 0.7260 -8.0000 4.0000 8.0000 0.0000 12.0000 -4.0000 0.2500 0.2500 0.2500 0.2500 0.2500 1.2500 1.9102 3.4094 
22.0000 48.0000 1.0000 2.0000 1.0000 6.6000 8 -1.0000 1.0000 0.9920 12.0000 4.0000 -8.0000 8.0000 -4.0000 0.0000 0.2500 0.2500 0.2500 0.2500 0.2500 1.2500 1.9297 3.4260 
22.0000 52.0000 1.0000 2.0000 0.0000 -3.3000 2 1.0000 1.0000 0.8050 4.0000 -4.0000 -8.0000 12.0000 0.0000 8.0000 0.3469 0.2179 0.2796 0.2215 0.1840 1.2499 1.9056 3.3926 
22.0000 36.0000 1.0000 0.0000 0.0000 -9.9000 2 1.0000 1.0000 1.1500 6.0000 -2.0000 -10.0000 2.0000 -6.0000 10.0000 0.1962 0.2813 0.2357 0.2079 0.3324 1.2536 1.8432 3.3461 
22.0000 24.0000 1.0000 -2.0000 0.0000 -3.3000 2 1.0000 1.0000 0.8040 -4.0000 4.0000 8.0000 -12.0000 0.0000 -8.0000 0.1747 0.2355 0.2649 0.3238 0.2470 1.2459 1.9671 3.4552 
22.0000 18.0000 1.0000 -2.0000 1.0000 0.0000 8 -1.0000 0.0000 1.0640 -8.0000 0.0000 4.0000 -4.0000 8.0000 -12.0000 0.2500 0.2500 0.2500 0.2500 0.2500 1.2500 1.9433 3.4591 
22.0000 32.0000 1.0000 0.0000 1.0000 0.0000 2 1.0000 0.0000 1.7490 6.0000 -2.0000 -10.0000 2.0000 -6.0000 10.0000 0.2500 0.2500 0.2500 0.2500 0.2500 1.2500 1.9812 3.4925 
22.0000 46.0000 1.0000 2.0000 1.0000 0.0000 8 -1.0000 0.0000 1.4630 0.0000 8.0000 12.0000 -8.0000 4.0000 -4.0000 0.2500 0.2500 0.2500 0.2500 0.2500 1.2500 1.8659 3.3758 
22.0000 30.0000 1.0000 0.0000 1.0000 -6.6000 2 1.0000 1.0000 0.7330 10.0000 -2.0000 -10.0000 2.0000 -6.0000 6.0000 0.2500 0.2500 0.2500 0.2500 0.2500 1.2500 1.8477 3.3593 
22.0000 62.0000 1.0000 4.0000 1.0000 6.6000 8 -1.0000 1.0000 1.1960 14.0000 6.0000 -2.0000 10.0000 -6.0000 2.0000 0.2500 0.2500 0.2500 0.2500 0.2500 1.2500 1.9357 3.4425 
22.0000 12.0000 1.0000 -4.0000 0.0000 3.3000 2 1.0000 0.0000 1.3270 -2.0000 -10.0000 -14.0000 6.0000 -6.0000 2.0000 0.3781 0.1584 0.3631 0.1521 0.2000 1.2517 1.9570 3.4608 
22.0000 64.0000 1.0000 4.0000 0.0000 -9.9000 2 1.0000 1.0000 0.8190 -6.0000 6.0000 14.0000 2.0000 10.0000 -2.0000 0.3723 0.2835 0.1790 0.1534 0.2620 1.2503 1.9697 3.4761 
22.0000 13.0000 1.0000 -4.0000 0.0000 6.6000 8 -1.0000 1.0000 0.9750 2.0000 -6.0000 -14.0000 -2.0000 -10.0000 6.0000 0.1696 0.2051 0.2910 0.3708 0.2195 1.2561 1.7752 3.2820 
22.0000 10.0000 1.0000 -4.0000 0.0000 -3.3000 2 1.0000 1.0000 1.0230 6.0000 -6.0000 -10.0000 -2.0000 -14.0000 2.0000 0.1912 0.3577 0.1525 0.2429 0.3073 1.2515 1.8737 3.3773 
22.0000 34.0000 1.0000 0.0000 1.0000 6.6000 8 -1.0000 1.0000 0.8370 -10.0000 -2.0000 6.0000 -6.0000 10.0000 2.0000 0.2500 0.2500 0.2500 0.2500 0.2500 1.2500 1.8820 3.3759 
22.0000 38.0000 1.0000 0.0000 0.0000 -3.3000 8 -1.0000 0.0000 2.7670 -2.0000 6.0000 10.0000 -10.0000 2.0000 -6.0000 0.2137 0.2888 0.1734 0.2528 0.3168 1.2456 1.8095 3.3049 
22.0000 66.0000 1.0000 4.0000 0.0000 -3.3000 2 1.0000 1.0000 1.2800 14.0000 6.0000 -6.0000 10.0000 -2.0000 2.0000 0.1757 0.2105 0.3533 0.1637 0.3407 1.2439 1.8216 3.3198 
22.0000 15.0000 1.0000 -2.0000 1.0000 -9.9000 2 1.0000 1.0000 1.2810 -8.0000 4.0000 8.0000 -12.0000 0.0000 -4.0000 0.2500 0.2500 0.2500 0.2500 0.2500 1.2500 1.7672 3.2759 
22.0000 56.0000 1.0000 2.0000 0.0000 9.9000 8 -1.0000 1.0000 1.1140 -4.0000 4.0000 8.0000 0.0000 12.0000 -8.0000 0.2158 0.2775 0.2337 0.1743 0.3481 1.2494 1.7516 3.2585 
22.0000 2.0000 1.0000 -4.0000 1.0000 -6.6000 2 1.0000 1.0000 0.8090 -10.0000 -2.0000 2.0000 -6.0000 6.0000 -14.0000 0.2500 0.2500 0.2500 0.2500 0.2500 1.2500 1.8814 3.3926 
22.0000 61.0000 1.0000 4.0000 1.0000 3.3000 8 -1.0000 1.0000 0.9070 -6.0000 6.0000 10.0000 2.0000 14.0000 -2.0000 0.2500 0.2500 0.2500 0.2500 0.2500 1.2500 1.9749 3.4761 
22.0000 53.0000 1.0000 2.0000 0.0000 0.0000 8 -1.0000 0.0000 2.0310 -8.0000 0.0000 12.0000 -4.0000 8.0000 4.0000 0.2820 0.2054 0.2356 0.3126 0.2064 1.2420 1.8987 3.3845 
22.0000 23.0000 1.0000 -2.0000 0.0000 -6.6000 2 1.0000 1.0000 1.1750 0.0000 -8.0000 -12.0000 8.0000 -4.0000 4.0000 0.3293 0.1541 0.3079 0.2500 0.2158 1.2571 1.8071 3.3162 
22.0000 6.0000 1.0000 -4.0000 1.0000 6.6000 8 -1.0000 1.0000 1.6910 6.0000 -6.0000 -10.0000 -2.0000 -14.0000 2.0000 0.2500 0.2500 0.2500 0.2500 0.2500 1.2500 1.7837 3.2758 
22.0000 69.0000 1.0000 4.0000 0.0000 6.6000 8 -1.0000 1.0000 0.9960 -2.0000 6.0000 14.0000 2.0000 10.0000 -6.0000 0.3223 0.1857 0.3523 0.2218 0.1633 1.2453 1.9419 3.4379 
22.0000 40.0000 1.0000 0.0000 0.0000 3.3000 8 -1.0000 1.0000 1.8020 -6.0000 2.0000 10.0000 -2.0000 6.0000 -10.0000 0.1543 0.3552 0.1630 0.3439 0.2291 1.2455 1.9194 3.4049 
22.0000 45.0000 1.0000 2.0000 1.0000 -3.3000 2 1.0000 1.0000 1.5820 12.0000 0.0000 -4.0000 4.0000 -8.0000 8.0000 0.2500 0.2500 0.2500 0.2500 0.2500 1.2500 1.7530 3.2425 
22.0000 16.0000 1.0000 -2.0000 1.0000 -6.6000 2 1.0000 1.0000 1.0640 4.0000 -4.0000 -8.0000 0.0000 -12.0000 8.0000 0.2500 0.2500 0.2500 0.2500 0.2500 1.2500 1.8484 3.3426 
22.0000 8.0000 1.0000 -4.0000 0.0000 -9.9000 2 1.0000 1.0000 1.2180 2.0000 -6.0000 -10.0000 -2.0000 -14.0000 6.0000 0.3252 0.2515 0.1691 0.1963 0.2999 1.2420 1.8904 3.3846 
22.0000 17.0000 1.0000 -2.0000 1.0000 -3.3000 2 1.0000 1.0000 0.7600 4.0000 -4.0000 -8.0000 0.0000 -12.0000 8.0000 0.2500 0.2500 0.2500 0.2500 0.2500 1.2500 1.8752 3.3759 
22.0000 1.0000 1.0000 -4.0000 1.0000 -9.9000 2 1.0000 1.0000 1.0200 -6.0000 2.0000 6.0000 -14.0000 -2.0000 -10.0000 0.2500 0.2500 0.2500 0.2500 0.2500 1.2500 1.8135 3.3258 
22.0000 50.0000 1.0000 2.0000 0.0000 -9.9000 2 1.0000 1.0000 0.9490 -4.0000 4.0000 12.0000 0.0000 8.0000 -8.0000 0.2188 0.3408 0.3020 0.1735 0.2178 1.2528 1.7697 3.2786 
22.0000 51.0000 1.0000 2.0000 0.0000 -6.6000 2 1.0000 1.0000 0.9710 12.0000 4.0000 -4.0000 8.0000 -8.0000 0.0000 0.2574 0.3664 0.1711 0.2823 0.1687 1.2459 1.9538 3.4552 
22.0000 14.0000 1.0000 -4.0000 0.0000 9.9000 8 -1.0000 1.0000 0.9280 -14.0000 -2.0000 6.0000 -6.0000 2.0000 -10.0000 0.2739 0.2038 0.3313 0.2730 0.1632 1.2453 1.9601 3.4545 
22.0000 70.0000 1.0000 4.0000 0.0000 9.9000 8 -1.0000 1.0000 1.2390 14.0000 6.0000 -2.0000 10.0000 -6.0000 2.0000 0.1694 0.2905 0.1999 0.2294 0.3663 1.2555 1.7906 3.2980 
22.0000 25.0000 1.0000 -2.0000 0.0000 0.0000 2 1.0000 0.0000 1.6190 8.0000 -4.0000 -12.0000 0.0000 -8.0000 4.0000 0.2263 0.3505 0.3161 0.1585 0.1889 1.2403 1.9245 3.4163 
22.0000 39.0000 1.0000 0.0000 0.0000 0.0000 2 1.0000 0.0000 2.1920 -2.0000 6.0000 10.0000 -10.0000 2.0000 -6.0000 0.1991 0.2836 0.1514 0.2193 0.3961 1.2495 1.8472 3.3421 
22.0000 20.0000 1.0000 -2.0000 1.0000 6.6000 8 -1.0000 1.0000 1.3440 -12.0000 -4.0000 8.0000 -8.0000 4.0000 0.0000 0.2500 0.2500 0.2500 0.2500 0.2500 1.2500 1.9036 3.3927 
22.0000 60.0000 1.0000 4.0000 1.0000 0.0000 8 -1.0000 0.0000 2.1270 14.0000 6.0000 -2.0000 10.0000 -6.0000 2.0000 0.2500 0.2500 0.2500 0.2500 0.2500 1.2500 1.9532 3.4425 
22.0000 47.0000 1.0000 2.0000 1.0000 3.3000 8 -1.0000 1.0000 1.2310 -8.0000 4.0000 8.0000 0.0000 12.0000 -4.0000 0.2500 0.2500 0.2500 0.2500 0.2500 1.2500 1.8300 3.3425 
22.0000 63.0000 1.0000 4.0000 1.0000 9.9000 8 -1.0000 1.0000 1.7600 14.0000 2.0000 -6.0000 6.0000 -2.0000 10.0000 0.2500 0.2500 0.2500 0.2500 0.2500 1.2500 1.7719 3.2759 
22.0000 19.0000 1.0000 -2.0000 1.0000 3.3000 8 -1.0000 1.0000 1.2050 -12.0000 -4.0000 4.0000 -8.0000 8.0000 0.0000 0.2500 0.2500 0.2500 0.2500 0.2500 1.2500 1.9710 3.4759 
22.0000 27.0000 1.0000 -2.0000 0.0000 6.6000 8 -1.0000 1.0000 1.7170 -12.0000 0.0000 4.0000 -4.0000 8.0000 -8.0000 0.1954 0.3786 0.3054 0.2144 0.1555 1.2493 1.8438 3.3420 
22.0000 44.0000 1.0000 2.0000 1.0000 -6.6000 2 1.0000 1.0000 0.8610 12.0000 4.0000 -8.0000 8.0000 -4.0000 0.0000 0.2500 0.2500 0.2500 0.2500 0.2500 1.2500 1.8849 3.3925 
22.0000 54.0000 1.0000 2.0000 0.0000 3.3000 8 -1.0000 1.0000 2.7760 12.0000 0.0000 -4.0000 4.0000 -8.0000 8.0000 0.2537 0.2845 0.2569 0.2038 0.2448 1.2436 1.9632 3.4530 
22.0000 57.0000 1.0000 4.0000 1.0000 -9.9000 2 1.0000 1.0000 1.0020 -6.0000 2.0000 14.0000 -2.0000 10.0000 6.0000 0.2500 0.2500 0.2500 0.2500 0.2500 1.2500 1.7925 3.2924 
22.0000 5.0000 1.0000 -4.0000 1.0000 3.3000 8 -1.0000 1.0000 0.8820 -6.0000 2.0000 6.0000 -14.0000 -2.0000 -10.0000 0.2500 0.2500 0.2500 0.2500 0.2500 1.2500 1.8677 3.3592 
22.0000 22.0000 1.0000 -2.0000 0.0000 -9.9000 2 1.0000 1.0000 0.8490 -4.0000 4.0000 8.0000 -12.0000 0.0000 -8.0000 0.3216 0.2424 0.3073 0.1749 0.2048 1.2511 1.7905 3.2935 
22.0000 37.0000 1.0000 0.0000 0.0000 -6.6000 2 1.0000 1.0000 1.4400 -6.0000 6.0000 10.0000 -10.0000 2.0000 -2.0000 0.3624 0.2395 0.1853 0.2594 0.1982 1.2448 1.8679 3.3540 
22.0000 55.0000 1.0000 2.0000 0.0000 6.6000 8 -1.0000 1.0000 1.1110 8.0000 0.0000 -4.0000 4.0000 -8.0000 12.0000 0.2812 0.3759 0.1809 0.2314 0.1715 1.2409 1.8368 3.3169 
22.0000 42.0000 1.0000 0.0000 0.0000 9.9000 8 -1.0000 1.0000 0.7260 6.0000 -2.0000 -10.0000 2.0000 -6.0000 10.0000 0.2592 0.2246 0.3692 0.2352 0.1524 1.2406 1.7877 3.2832 
22.0000 4.0000 1.0000 -4.0000 1.0000 0.0000 2 1.0000 0.0000 1.4630 -14.0000 -6.0000 6.0000 -10.0000 2.0000 -2.0000 0.2500 0.2500 0.2500 0.2500 0.2500 1.2500 1.8480 3.3593 
22.0000 59.0000 1.0000 4.0000 1.0000 -3.3000 2 1.0000 1.0000 1.3930 10.0000 2.0000 -2.0000 6.0000 -6.0000 14.0000 0.2500 0.2500 0.2500 0.2500 0.2500 1.2500 1.7606 3.2592 
22.0000 21.0000 1.0000 -2.0000 1.0000 9.9000 8 -1.0000 1.0000 0.7810 -12.0000 -4.0000 4.0000 -8.0000 8.0000 0.0000 0.2500 0.2500 0.2500 0.2500 0.2500 1.2500 1.9311 3.4427 
22.0000 67.0000 1.0000 4.0000 0.0000 0.0000 2 1.0000 0.0000 2.3780 10.0000 2.0000 -6.0000 6.0000 -2.0000 14.0000 0.2707 0.2130 0.3140 0.1816 0.2797 1.2590 1.9571 3.4684 
22.0000 35.0000 1.0000 0.0000 1.0000 9.9000 8 -1.0000 1.0000 0.9080 -10.0000 -2.0000 6.0000 -6.0000 10.0000 2.0000 0.2500 0.2500 0.2500 0.2500 0.2500 1.2500 1.7555 3.2592 
22.0000 58.0000 1.0000 4.0000 1.0000 -6.6000 2 1.0000 1.0000 0.9790 -2.0000 10.0000 14.0000 -6.0000 6.0000 2.0000 0.2500 0.2500 0.2500 0.2500 0.2500 1.2500 1.7742 3.2757 
22.0000 28.0000 1.0000 -2.0000 0.0000 9.9000 8 -1.0000 1.0000 1.6240 -12.0000 -4.0000 4.0000 -8.0000 8.0000 0.0000 0.2735 0.1992 0.2875 0.2301 0.2690 1.2593 1.7594 3.2684 
22.0000 41.0000 1.0000 0.0000 0.0000 6.6000 8 -1.0000 1.0000 0.9910 -10.0000 -2.0000 6.0000 -6.0000 10.0000 2.0000 0.1514 0.2314 0.3123 0.3810 0.1766 1.2527 1.8390 3.3452 
22.0000 26.0000 1.0000 -2.0000 0.0000 3.3000 2 1.0000 0.0000 2.4060 0.0000 -8.0000 -12.0000 8.0000 -4.0000 4.0000 0.2336 0.3046 0.2287 0.2970 0.1940 1.2578 1.8766 3.3838 
22.0000 33.0000 1.0000 0.0000 1.0000 3.3000 8 -1.0000 1.0000 0.8480 -2.0000 6.0000 10.0000 -10.0000 2.0000 -6.0000 0.2500 0.2500 0.2500 0.2500 0.2500 1.2500 1.7990 3.2924 
22.0000 68.0000 1.0000 4.0000 0.0000 3.3000 2 1.0000 0.0000 2.9780 14.0000 6.0000 -2.0000 10.0000 -6.0000 2.0000 0.3989 0.1906 0.2237 0.1901 0.2450 1.2482 1.8128 3.3074 
22.0000 3.0000 1.0000 -4.0000 1.0000 -3.3000 2 1.0000 1.0000 1.7260 -10.0000 -2.0000 6.0000 -6.0000 2.0000 -14.0000 0.2500 0.2500 0.2500 0.2500 0.2500 1.2500 1.9992 3.5092 
22.0000 11.0000 1.0000 -4.0000 0.0000 0.0000 2 1.0000 0.0000 1.0610 6.0000 -6.0000 -10.0000 -2.0000 -14.0000 2.0000 0.3047 0.1664 0.2685 0.3484 0.1563 1.2443 1.9749 3.4703 
22.0000 7.0000 1.0000 -4.0000 1.0000 9.9000 2 1.0000 0.0000 3.5660 -14.0000 -2.0000 2.0000 -6.0000 6.0000 -10.0000 0.2500 0.2500 0.2500 0.2500 0.2500 1.2500 1.9098 3.4091 
22.0000 49.0000 1.0000 2.0000 1.0000 9.9000 8 -1.0000 1.0000 1.1570 -8.0000 4.0000 8.0000 0.0000 12.0000 -4.0000 0.2500 0.2500 0.2500 0.2500 0.2500 1.2500 1.8970 3.3925 
22.0000 31.0000 1.0000 0.0000 1.0000 -3.3000 2 1.0000 1.0000 1.5050 -10.0000 -2.0000 10.0000 -6.0000 6.0000 2.0000 0.2500 0.2500 0.2500 0.2500 0.2500 1.2500 1.9885 3.4925 
22.0000 29.0000 1.0000 0.0000 1.0000 -9.9000 2 1.0000 1.0000 1.0390 -6.0000 6.0000 10.0000 -10.0000 2.0000 -2.0000 0.2500 0.2500 0.2500 0.2500 0.2500 1.2500 1.8040 3.3091 
22.0000 63.0000 2.0000 4.0000 1.0000 9.9000 8 -1.0000 1.0000 0.6630 -2.0000 10.0000 14.0000 -6.0000 6.0000 2.0000 0.2500 0.2500 0.2500 0.2500 0.2500 1.2500 1.8072 3.3092 
22.0000 43.0000 2.0000 2.0000 1.0000 -9.9000 2 1.0000 1.0000 1.4730 4.0000 -4.0000 -8.0000 12.0000 0.0000 8.0000 0.2500 0.2500 0.2500 0.2500 0.2500 1.2500 1.7689 3.2591 
22.0000 58.0000 2.0000 4.0000 1.0000 -6.6000 2 1.0000 1.0000 0.8320 10.0000 2.0000 -6.0000 6.0000 -2.0000 14.0000 0.2500 0.2500 0.2500 0.2500 0.2500 1.2500 1.8187 3.3092 
22.0000 34.0000 2.0000 0.0000 1.0000 6.6000 8 -1.0000 1.0000 0.8950 6.0000 -6.0000 -10.0000 10.0000 -2.0000 2.0000 0.2500 0.2500 0.2500 0.2500 0.2500 1.2500 1.8089 3.3093 
22.0000 18.0000 2.0000 -2.0000 1.0000 0.0000 2 1.0000 0.0000 1.6220 -12.0000 -4.0000 4.0000 -8.0000 8.0000 0.0000 0.2500 0.2500 0.2500 0.2500 0.2500 1.2500 1.9872 3.4927 
22.0000 31.0000 2.0000 0.0000 1.0000 -3.3000 8 -1.0000 0.0000 1.9870 10.0000 -2.0000 -10.0000 2.0000 -6.0000 6.0000 0.2500 0.2500 0.2500 0.2500 0.2500 1.2500 1.8900 3.3926 
22.0000 47.0000 2.0000 2.0000 1.0000 3.3000 8 -1.0000 1.0000 1.1060 0.0000 8.0000 12.0000 -8.0000 4.0000 -4.0000 0.2500 0.2500 0.2500 0.2500 0.2500 1.2500 1.8465 3.3592 
22.0000 67.0000 2.0000 4.0000 0.0000 0.0000 2 1.0000 0.0000 1.0460 10.0000 2.0000 -6.0000 6.0000 -2.0000 14.0000 0.1517 0.2529 0.3777 0.3194 0.1559 1.2576 1.8302 3.3502 
22.0000 15.0000 2.0000 -2.0000 1.0000 -9.9000 2 1.0000 1.0000 1.1580 0.0000 -8.0000 -12.0000 8.0000 -4.0000 4.0000 0.2500 0.2500 0.2500 0.2500 0.2500 1.2500 1.8254 3.3258 
22.0000 55.0000 2.0000 2.0000 0.0000 6.6000 8 -1.0000 1.0000 0.7810 -4.0000 4.0000 12.0000 0.0000 8.0000 -8.0000 0.3100 0.1716 0.3766 0.1623 0.2250 1.2455 1.9012 3.4049 
22.0000 14.0000 2.0000 -4.0000 0.0000 9.9000 8 -1.0000 1.0000 1.7750 6.0000 -6.0000 -14.0000 -2.0000 -10.0000 2.0000 0.1591 0.3431 0.1676 0.2534 0.3263 1.2495 1.7947 3.2921 
22.0000 6.0000 2.0000 -4.0000 1.0000 6.6000 8 -1.0000 1.0000 2.8140 -14.0000 -2.0000 2.0000 -6.0000 6.0000 -10.0000 0.2500 0.2500 0.2500 0.2500 0.2500 1.2500 1.9453 3.4425 
22.0000 27.0000 2.0000 -2.0000 0.0000 6.6000 8 -1.0000 1.0000 1.2070 0.0000 -8.0000 -12.0000 8.0000 -4.0000 4.0000 0.2167 0.3628 0.2213 0.1651 0.2845 1.2504 1.7700 3.2595 
22.0000 44.0000 2.0000 2.0000 1.0000 -6.6000 2 1.0000 1.0000 2.0220 0.0000 8.0000 12.0000 -8.0000 4.0000 -4.0000 0.2500 0.2500 0.2500 0.2500 0.2500 1.2500 1.8709 3.3592 
22.0000 1.0000 2.0000 -4.0000 1.0000 -9.9000 2 1.0000 1.0000 1.0340 -2.0000 -10.0000 -14.0000 6.0000 -6.0000 2.0000 0.2500 0.2500 0.2500 0.2500 0.2500 1.2500 1.9644 3.4593 
22.0000 13.0000 2.0000 -4.0000 0.0000 6.6000 8 -1.0000 1.0000 1.3460 6.0000 -2.0000 -14.0000 2.0000 -10.0000 -6.0000 0.3201 0.2853 0.1654 0.2880 0.2000 1.2588 1.8193 3.3346 
22.0000 54.0000 2.0000 2.0000 0.0000 3.3000 8 -1.0000 1.0000 2.6660 8.0000 -4.0000 -8.0000 12.0000 0.0000 4.0000 0.1705 0.3060 0.2439 0.3722 0.1561 1.2487 1.8933 3.3911 
22.0000 64.0000 2.0000 4.0000 0.0000 -9.9000 2 1.0000 1.0000 0.7930 10.0000 2.0000 -2.0000 6.0000 -6.0000 14.0000 0.1875 0.3894 0.2365 0.1938 0.2475 1.2547 1.9551 3.4640 
22.0000 51.0000 2.0000 2.0000 0.0000 -6.6000 2 1.0000 1.0000 2.1780 12.0000 4.0000 -8.0000 8.0000 -4.0000 0.0000 0.3611 0.2373 0.2876 0.2059 0.1664 1.2584 1.7667 3.2842 
22.0000 30.0000 2.0000 0.0000 1.0000 -6.6000 2 1.0000 1.0000 1.0370 6.0000 -2.0000 -6.0000 2.0000 -10.0000 10.0000 0.2500 0.2500 0.2500 0.2500 0.2500 1.2500 1.9894 3.4927 
22.0000 12.0000 2.0000 -4.0000 0.0000 3.3000 8 -1.0000 1.0000 2.0460 -14.0000 -6.0000 2.0000 -10.0000 6.0000 -2.0000 0.1634 0.2714 0.2042 0.2927 0.3238 1.2555 1.9701 3.4816 
22.0000 10.0000 2.0000 -4.0000 0.0000 -3.3000 2 1.0000 1.0000 0.7710 6.0000 -2.0000 -10.0000 2.0000 -14.0000 -6.0000 0.2490 0.1661 0.2581 0.3558 0.2243 1.2533 1.8585 3.3625 
22.0000 38.0000 2.0000 0.0000 0.0000 -3.3000 2 1.0000 1.0000 1.4900 6.0000 -2.0000 -10.0000 2.0000 -6.0000 10.0000 0.2850 0.2388 0.1752 0.3134 0.2310 1.2433 1.9361 3.4192 
22.0000 29.0000 2.0000 0.0000 1.0000 -9.9000 2 1.0000 1.0000 0.8430 6.0000 -2.0000 -10.0000 2.0000 -6.0000 10.0000 0.2500 0.2500 0.2500 0.2500 0.2500 1.2500 1.9500 3.4427 
22.0000 9.0000 2.0000 -4.0000 0.0000 -6.6000 2 1.0000 1.0000 1.3280 -6.0000 2.0000 6.0000 -14.0000 -2.0000 -10.0000 0.1934 0.3356 0.1689 0.3680 0.1926 1.2586 1.9354 3.4343 
22.0000 65.0000 2.0000 4.0000 0.0000 -6.6000 2 1.0000 1.0000 1.4670 -2.0000 6.0000 14.0000 2.0000 10.0000 -6.0000 0.1504 0.3426 0.3020 0.1760 0.2702 1.2413 1.8566 3.3338 
22.0000 26.0000 2.0000 -2.0000 0.0000 3.3000 8 -1.0000 1.0000 2.4090 8.0000 -4.0000 -8.0000 0.0000 -12.0000 4.0000 0.2596 0.3568 0.1928 0.2556 0.1888 1.2536 1.8522 3.3629 
22.0000 24.0000 2.0000 -2.0000 0.0000 -3.3000 2 1.0000 1.0000 1.6380 -12.0000 -4.0000 8.0000 -8.0000 4.0000 0.0000 0.3447 0.2600 0.1608 0.2872 0.1946 1.2473 1.8222 3.3231 
22.0000 48.0000 2.0000 2.0000 1.0000 6.6000 8 -1.0000 1.0000 0.9200 -4.0000 8.0000 12.0000 -8.0000 4.0000 0.0000 0.2500 0.2500 0.2500 0.2500 0.2500 1.2500 1.9795 3.4927 
22.0000 22.0000 2.0000 -2.0000 0.0000 -9.9000 2 1.0000 1.0000 0.7870 -8.0000 0.0000 8.0000 -4.0000 4.0000 -12.0000 0.2458 0.2203 0.1562 0.2815 0.3512 1.2551 1.8174 3.3309 
22.0000 17.0000 2.0000 -2.0000 1.0000 -3.3000 2 1.0000 1.0000 1.9500 -8.0000 4.0000 8.0000 -12.0000 0.0000 -4.0000 0.2500 0.2500 0.2500 0.2500 0.2500 1.2500 1.9973 3.4925 
22.0000 62.0000 2.0000 4.0000 1.0000 6.6000 8 -1.0000 1.0000 1.4450 14.0000 6.0000 -2.0000 10.0000 -6.0000 2.0000 0.2500 0.2500 0.2500 0.2500 0.2500 1.2500 1.8858 3.3926 
22.0000 16.0000 2.0000 -2.0000 1.0000 -6.6000 2 1.0000 1.0000 0.9750 4.0000 -8.0000 -12.0000 8.0000 -4.0000 0.0000 0.2500 0.2500 0.2500 0.2500 0.2500 1.2500 1.7984 3.2925 
22.0000 3.0000 2.0000 -4.0000 1.0000 -3.3000 2 1.0000 1.0000 1.1710 2.0000 -6.0000 -14.0000 -2.0000 -10.0000 6.0000 0.2500 0.2500 0.2500 0.2500 0.2500 1.2500 1.7626 3.2593 
22.0000 20.0000 2.0000 -2.0000 1.0000 6.6000 8 -1.0000 1.0000 2.7330 8.0000 0.0000 -8.0000 4.0000 -12.0000 -4.0000 0.2500 0.2500 0.2500 0.2500 0.2500 1.2500 1.8531 3.3425 
22.0000 57.0000 2.0000 4.0000 1.0000 -9.9000 2 1.0000 1.0000 0.8770 14.0000 6.0000 -2.0000 10.0000 -6.0000 2.0000 0.2500 0.2500 0.2500 0.2500 0.2500 1.2500 1.8816 3.3759 
22.0000 7.0000 2.0000 -4.0000 1.0000 9.9000 8 -1.0000 1.0000 1.2330 6.0000 -2.0000 -10.0000 2.0000 -14.0000 -6.0000 0.2500 0.2500 0.2500 0.2500 0.2500 1.2500 1.9294 3.4259 
22.0000 33.0000 2.0000 0.0000 1.0000 3.3000 8 -1.0000 1.0000 1.2650 -2.0000 6.0000 10.0000 -10.0000 2.0000 -6.0000 0.2500 0.2500 0.2500 0.2500 0.2500 1.2500 1.8071 3.3091 
22.0000 68.0000 2.0000 4.0000 0.0000 3.3000 8 -1.0000 1.0000 1.2390 14.0000 2.0000 -2.0000 6.0000 -6.0000 10.0000 0.2588 0.1838 0.2221 0.1817 0.3998 1.2462 1.8123 3.3220 
22.0000 19.0000 2.0000 -2.0000 1.0000 3.3000 2 1.0000 0.0000 3.2260 -12.0000 0.0000 8.0000 -4.0000 4.0000 -8.0000 0.2500 0.2500 0.2500 0.2500 0.2500 1.2500 1.9191 3.4261 
22.0000 35.0000 2.0000 0.0000 1.0000 9.9000 8 -1.0000 1.0000 0.8550 -10.0000 -2.0000 6.0000 -6.0000 10.0000 2.0000 0.2500 0.2500 0.2500 0.2500 0.2500 1.2500 1.8770 3.3759 
22.0000 70.0000 2.0000 4.0000 0.0000 9.9000 8 -1.0000 1.0000 1.3710 -2.0000 6.0000 14.0000 2.0000 10.0000 -6.0000 0.2640 0.3022 0.1538 0.2511 0.2766 1.2477 1.9109 3.4068 
22.0000 56.0000 2.0000 2.0000 0.0000 9.9000 8 -1.0000 1.0000 1.3660 -8.0000 4.0000 8.0000 0.0000 12.0000 -4.0000 0.3362 0.2967 0.1669 0.2971 0.1612 1.2581 1.9355 3.4508 
22.0000 53.0000 2.0000 2.0000 0.0000 0.0000 8 -1.0000 0.0000 1.8910 -8.0000 0.0000 12.0000 -4.0000 8.0000 4.0000 0.3787 0.2095 0.1697 0.3183 0.1818 1.2581 1.9612 3.4674 
22.0000 52.0000 2.0000 2.0000 0.0000 -3.3000 2 1.0000 1.0000 0.9620 -8.0000 0.0000 8.0000 -4.0000 12.0000 4.0000 0.2220 0.1763 0.2525 0.3743 0.2191 1.2442 1.8025 3.2867 
22.0000 36.0000 2.0000 0.0000 0.0000 -9.9000 2 1.0000 1.0000 1.4360 -10.0000 2.0000 6.0000 -2.0000 10.0000 -6.0000 0.1531 0.3376 0.2966 0.2629 0.1922 1.2423 1.8634 3.3514 
22.0000 42.0000 2.0000 0.0000 0.0000 9.9000 8 -1.0000 1.0000 1.1750 2.0000 -6.0000 -10.0000 10.0000 -2.0000 6.0000 0.2660 0.2345 0.3230 0.2305 0.1982 1.2522 1.9304 3.4281 
22.0000 61.0000 2.0000 4.0000 1.0000 3.3000 8 -1.0000 1.0000 0.9050 10.0000 -2.0000 -6.0000 14.0000 2.0000 6.0000 0.2500 0.2500 0.2500 0.2500 0.2500 1.2500 1.8433 3.3427 
22.0000 8.0000 2.0000 -4.0000 0.0000 -9.9000 2 1.0000 1.0000 0.9380 -6.0000 2.0000 6.0000 -14.0000 -2.0000 -10.0000 0.2802 0.1678 0.3263 0.2249 0.2519 1.2510 1.9290 3.4436 
22.0000 37.0000 2.0000 0.0000 0.0000 -6.6000 2 1.0000 1.0000 2.0320 -6.0000 2.0000 6.0000 -2.0000 10.0000 -10.0000 0.2339 0.2967 0.2035 0.2781 0.2299 1.2419 1.9600 3.4511 
22.0000 49.0000 2.0000 2.0000 1.0000 9.9000 8 -1.0000 1.0000 0.9020 8.0000 0.0000 -8.0000 4.0000 -4.0000 12.0000 0.2500 0.2500 0.2500 0.2500 0.2500 1.2500 1.8316 3.3426 
22.0000 28.0000 2.0000 -2.0000 0.0000 9.9000 8 -1.0000 1.0000 1.4120 -12.0000 -4.0000 8.0000 -8.0000 4.0000 0.0000 0.2595 0.1791 0.3642 0.2448 0.1934 1.2411 1.7688 3.2668 
22.0000 69.0000 2.0000 4.0000 0.0000 6.6000 8 -1.0000 1.0000 1.6070 -2.0000 6.0000 14.0000 2.0000 10.0000 -6.0000 0.2032 0.3131 0.1757 0.2892 0.2599 1.2411 1.7509 3.2503 
22.0000 32.0000 2.0000 0.0000 1.0000 0.0000 8 -1.0000 0.0000 2.2270 -6.0000 2.0000 6.0000 -2.0000 10.0000 -10.0000 0.2500 0.2500 0.2500 0.2500 0.2500 1.2500 1.9409 3.4425 
22.0000 5.0000 2.0000 -4.0000 1.0000 3.3000 8 -1.0000 1.0000 2.9510 6.0000 -2.0000 -10.0000 2.0000 -14.0000 -6.0000 0.2500 0.2500 0.2500 0.2500 0.2500 1.2500 1.9006 3.3925 
22.0000 60.0000 2.0000 4.0000 1.0000 0.0000 2 1.0000 0.0000 0.9110 14.0000 2.0000 -2.0000 6.0000 -6.0000 10.0000 0.2500 0.2500 0.2500 0.2500 0.2500 1.2500 1.8801 3.3760 
22.0000 40.0000 2.0000 0.0000 0.0000 3.3000 8 -1.0000 1.0000 2.5830 2.0000 -6.0000 -10.0000 10.0000 -2.0000 6.0000 0.2891 0.1510 0.3990 0.1757 0.2337 1.2486 1.9728 3.4746 
22.0000 45.0000 2.0000 2.0000 1.0000 -3.3000 8 -1.0000 0.0000 3.1290 4.0000 -4.0000 -8.0000 12.0000 0.0000 8.0000 0.2500 0.2500 0.2500 0.2500 0.2500 1.2500 1.7920 3.2924 
22.0000 2.0000 2.0000 -4.0000 1.0000 -6.6000 2 1.0000 1.0000 0.8880 6.0000 -6.0000 -10.0000 -2.0000 -14.0000 2.0000 0.2500 0.2500 0.2500 0.2500 0.2500 1.2500 1.9234 3.4092 
22.0000 59.0000 2.0000 4.0000 1.0000 -3.3000 2 1.0000 1.0000 1.2410 10.0000 2.0000 -6.0000 6.0000 -2.0000 14.0000 0.2500 0.2500 0.2500 0.2500 0.2500 1.2500 1.9066 3.4092 
22.0000 66.0000 2.0000 4.0000 0.0000 -3.3000 2 1.0000 1.0000 1.6820 14.0000 6.0000 -6.0000 10.0000 -2.0000 2.0000 0.2340 0.1979 0.3659 0.2820 0.1611 1.2409 1.7992 3.3001 
22.0000 41.0000 2.0000 0.0000 0.0000 6.6000 8 -1.0000 1.0000 1.6230 10.0000 2.0000 -10.0000 6.0000 -6.0000 -2.0000 0.3758 0.1536 0.1977 0.3276 0.2007 1.2554 1.9830 3.4980 
22.0000 4.0000 2.0000 -4.0000 1.0000 0.0000 8 -1.0000 0.0000 1.5120 -10.0000 2.0000 6.0000 -14.0000 -2.0000 -6.0000 0.2500 0.2500 0.2500 0.2500 0.2500 1.2500 1.9730 3.4761 
22.0000 25.0000 2.0000 -2.0000 0.0000 0.0000 8 -1.0000 0.0000 2.3700 -12.0000 0.0000 4.0000 -4.0000 8.0000 -8.0000 0.2419 0.1793 0.2111 0.3418 0.2795 1.2535 1.8561 3.3627 
22.0000 23.0000 2.0000 -2.0000 0.0000 -6.6000 2 1.0000 1.0000 2.1620 8.0000 -4.0000 -12.0000 0.0000 -8.0000 4.0000 0.3450 0.1590 0.2980 0.1683 0.2777 1.2480 1.9104 3.4071 
22.0000 50.0000 2.0000 2.0000 0.0000 -9.9000 2 1.0000 1.0000 1.6450 8.0000 0.0000 -4.0000 4.0000 -8.0000 12.0000 0.3717 0.1577 0.2393 0.2087 0.2660 1.2435 1.9941 3.4860 
22.0000 46.0000 2.0000 2.0000 1.0000 0.0000 8 -1.0000 0.0000 2.1460 -4.0000 8.0000 12.0000 -8.0000 4.0000 0.0000 0.2500 0.2500 0.2500 0.2500 0.2500 1.2500 1.8588 3.3593 
22.0000 39.0000 2.0000 0.0000 0.0000 0.0000 2 1.0000 0.0000 1.8410 10.0000 2.0000 -6.0000 6.0000 -10.0000 -2.0000 0.1687 0.2423 0.1849 0.3846 0.2614 1.2419 1.9253 3.4178 
22.0000 21.0000 2.0000 -2.0000 1.0000 9.9000 8 -1.0000 1.0000 1.4370 -12.0000 0.0000 8.0000 -4.0000 4.0000 -8.0000 0.2500 0.2500 0.2500 0.2500 0.2500 1.2500 1.9684 3.4593 
22.0000 11.0000 2.0000 -4.0000 0.0000 0.0000 2 1.0000 0.0000 1.4270 6.0000 -6.0000 -14.0000 -2.0000 -10.0000 2.0000 0.3464 0.1575 0.1927 0.3534 0.2006 1.2506 1.9850 3.4933 
22.0000 18.0000 3.0000 -2.0000 1.0000 0.0000 2 1.0000 0.0000 1.2890 8.0000 0.0000 -12.0000 4.0000 -8.0000 -4.0000 0.2500 0.2500 0.2500 0.2500 0.2500 1.2500 1.9608 3.4591 
22.0000 29.0000 3.0000 0.0000 1.0000 -9.9000 2 1.0000 1.0000 1.4100 -6.0000 6.0000 10.0000 -10.0000 2.0000 -2.0000 0.2500 0.2500 0.2500 0.2500 0.2500 1.2500 1.9632 3.4592 
22.0000 20.0000 3.0000 -2.0000 1.0000 6.6000 8 -1.0000 1.0000 1.0990 8.0000 -4.0000 -12.0000 0.0000 -8.0000 4.0000 0.2500 0.2500 0.2500 0.2500 0.2500 1.2500 1.8497 3.3425 
22.0000 58.0000 3.0000 4.0000 1.0000 -6.6000 2 1.0000 1.0000 2.1600 14.0000 6.0000 -6.0000 10.0000 -2.0000 2.0000 0.2500 0.2500 0.2500 0.2500 0.2500 1.2500 1.7614 3.2758 
22.0000 61.0000 3.0000 4.0000 1.0000 3.3000 8 -1.0000 1.0000 1.5110 14.0000 6.0000 -6.0000 10.0000 -2.0000 2.0000 0.2500 0.2500 0.2500 0.2500 0.2500 1.2500 1.8932 3.3925 
22.0000 22.0000 3.0000 -2.0000 0.0000 -9.9000 2 1.0000 1.0000 0.7760 4.0000 -4.0000 -12.0000 0.0000 -8.0000 8.0000 0.1818 0.3167 0.1765 0.2674 0.3147 1.2571 1.8958 3.3996 
22.0000 21.0000 3.0000 -2.0000 1.0000 9.9000 8 -1.0000 1.0000 0.5990 -12.0000 -4.0000 8.0000 -8.0000 4.0000 0.0000 0.2500 0.2500 0.2500 0.2500 0.2500 1.2500 1.9016 3.4093 
22.0000 6.0000 3.0000 -4.0000 1.0000 6.6000 8 -1.0000 1.0000 0.7130 6.0000 -6.0000 -14.0000 -2.0000 -10.0000 2.0000 0.2500 0.2500 0.2500 0.2500 0.2500 1.2500 1.9930 3.4926 
22.0000 24.0000 3.0000 -2.0000 0.0000 -3.3000 2 1.0000 1.0000 0.9940 4.0000 -4.0000 -8.0000 0.0000 -12.0000 8.0000 0.2679 0.3291 0.2754 0.2240 0.1617 1.2582 1.9185 3.4340 
22.0000 25.0000 3.0000 -2.0000 0.0000 0.0000 8 -1.0000 0.0000 1.8350 4.0000 -8.0000 -12.0000 8.0000 -4.0000 0.0000 0.3094 0.2744 0.2367 0.1805 0.2458 1.2468 1.8352 3.3392 
22.0000 69.0000 3.0000 4.0000 0.0000 6.6000 8 -1.0000 1.0000 1.0690 10.0000 2.0000 -2.0000 6.0000 -6.0000 14.0000 0.1574 0.3763 0.1820 0.2090 0.3292 1.2537 1.7813 3.2796 
22.0000 53.0000 3.0000 2.0000 0.0000 0.0000 8 -1.0000 0.0000 2.5340 0.0000 8.0000 12.0000 -8.0000 4.0000 -4.0000 0.2186 0.1573 0.3620 0.3000 0.2067 1.2446 1.8913 3.3873 
22.0000 2.0000 3.0000 -4.0000 1.0000 -6.6000 2 1.0000 1.0000 1.2200 -10.0000 -2.0000 2.0000 -6.0000 6.0000 -14.0000 0.2500 0.2500 0.2500 0.2500 0.2500 1.2500 1.7574 3.2592 
22.0000 5.0000 3.0000 -4.0000 1.0000 3.3000 8 -1.0000 1.0000 3.3100 -10.0000 2.0000 6.0000 -14.0000 -2.0000 -6.0000 0.2500 0.2500 0.2500 0.2500 0.2500 1.2500 1.8351 3.3259 
22.0000 47.0000 3.0000 2.0000 1.0000 3.3000 8 -1.0000 1.0000 0.8240 -8.0000 4.0000 12.0000 0.0000 8.0000 -4.0000 0.2500 0.2500 0.2500 0.2500 0.2500 1.2500 1.9953 3.5093 
22.0000 43.0000 3.0000 2.0000 1.0000 -9.9000 2 1.0000 1.0000 1.4580 0.0000 8.0000 12.0000 -8.0000 4.0000 -4.0000 0.2500 0.2500 0.2500 0.2500 0.2500 1.2500 1.9264 3.4259 
22.0000 54.0000 3.0000 2.0000 0.0000 3.3000 8 -1.0000 1.0000 0.8490 -4.0000 4.0000 12.0000 0.0000 8.0000 -8.0000 0.1516 0.3616 0.2331 0.2885 0.2181 1.2528 1.8226 3.3288 
22.0000 4.0000 3.0000 -4.0000 1.0000 0.0000 2 1.0000 0.0000 2.1380 2.0000 -6.0000 -10.0000 -2.0000 -14.0000 6.0000 0.2500 0.2500 0.2500 0.2500 0.2500 1.2500 1.9526 3.4591 
22.0000 3.0000 3.0000 -4.0000 1.0000 -3.3000 2 1.0000 1.0000 0.9290 6.0000 -6.0000 -10.0000 -2.0000 -14.0000 2.0000 0.2500 0.2500 0.2500 0.2500 0.2500 1.2500 1.9396 3.4426 
22.0000 10.0000 3.0000 -4.0000 0.0000 -3.3000 2 1.0000 1.0000 0.7740 -10.0000 2.0000 6.0000 -14.0000 -2.0000 -6.0000 0.2431 0.2987 0.1761 0.2111 0.3307 1.2598 1.9543 3.4690 
22.0000 51.0000 3.0000 2.0000 0.0000 -6.6000 2 1.0000 1.0000 0.9290 8.0000 0.0000 -4.0000 4.0000 -8.0000 12.0000 0.1665 0.3556 0.1541 0.3306 0.2507 1.2575 1.8336 3.3333 
22.0000 31.0000 3.0000 0.0000 1.0000 -3.3000 2 1.0000 1.0000 1.2490 6.0000 -6.0000 -10.0000 10.0000 -2.0000 2.0000 0.2500 0.2500 0.2500 0.2500 0.2500 1.2500 1.9600 3.4591 
22.0000 55.0000 3.0000 2.0000 0.0000 6.6000 8 -1.0000 1.0000 1.6980 8.0000 0.0000 -4.0000 4.0000 -8.0000 12.0000 0.1921 0.2623 0.1750 0.2928 0.3290 1.2513 1.7762 3.2772 
22.0000 32.0000 3.0000 0.0000 1.0000 0.0000 8 -1.0000 0.0000 3.1260 -10.0000 -2.0000 6.0000 -6.0000 10.0000 2.0000 0.2500 0.2500 0.2500 0.2500 0.2500 1.2500 1.9906 3.4926 
22.0000 46.0000 3.0000 2.0000 1.0000 0.0000 2 1.0000 0.0000 2.6100 -4.0000 4.0000 8.0000 0.0000 12.0000 -8.0000 0.2500 0.2500 0.2500 0.2500 0.2500 1.2500 1.8716 3.3592 
22.0000 48.0000 3.0000 2.0000 1.0000 6.6000 8 -1.0000 1.0000 1.7410 4.0000 -4.0000 -8.0000 12.0000 0.0000 8.0000 0.2500 0.2500 0.2500 0.2500 0.2500 1.2500 1.8722 3.3759 
22.0000 59.0000 3.0000 4.0000 1.0000 -3.3000 2 1.0000 1.0000 0.8210 14.0000 6.0000 -2.0000 10.0000 -6.0000 2.0000 0.2500 0.2500 0.2500 0.2500 0.2500 1.2500 1.8873 3.3927 
22.0000 1.0000 3.0000 -4.0000 1.0000 -9.9000 2 1.0000 1.0000 0.7050 -2.0000 -10.0000 -14.0000 6.0000 -6.0000 2.0000 0.2500 0.2500 0.2500 0.2500 0.2500 1.2500 1.9762 3.4760 
22.0000 66.0000 3.0000 4.0000 0.0000 -3.3000 2 1.0000 1.0000 1.8540 10.0000 -2.0000 -6.0000 14.0000 2.0000 6.0000 0.2900 0.2567 0.2877 0.1827 0.2392 1.2563 1.9967 3.4989 
22.0000 60.0000 3.0000 4.0000 1.0000 0.0000 8 -1.0000 0.0000 0.8130 6.0000 -2.0000 -6.0000 14.0000 2.0000 10.0000 0.2500 0.2500 0.2500 0.2500 0.2500 1.2500 1.8133 3.3092 
22.0000 12.0000 3.0000 -4.0000 0.0000 3.3000 2 1.0000 0.0000 1.8970 2.0000 -6.0000 -10.0000 -2.0000 -14.0000 6.0000 0.1905 0.2898 0.2157 0.2978 0.2508 1.2446 1.9536 3.4539 
22.0000 49.0000 3.0000 2.0000 1.0000 9.9000 8 -1.0000 1.0000 0.5590 12.0000 0.0000 -4.0000 4.0000 -8.0000 8.0000 0.2500 0.2500 0.2500 0.2500 0.2500 1.2500 1.7618 3.2592 
22.0000 19.0000 3.0000 -2.0000 1.0000 3.3000 8 -1.0000 1.0000 1.4120 8.0000 0.0000 -12.0000 4.0000 -8.0000 -4.0000 0.2500 0.2500 0.2500 0.2500 0.2500 1.2500 1.9884 3.4928 
22.0000 63.0000 3.0000 4.0000 1.0000 9.9000 8 -1.0000 1.0000 0.7440 -6.0000 2.0000 14.0000 -2.0000 10.0000 6.0000 0.2500 0.2500 0.2500 0.2500 0.2500 1.2500 1.7507 3.2424 
22.0000 14.0000 3.0000 -4.0000 0.0000 9.9000 8 -1.0000 1.0000 0.8110 6.0000 -6.0000 -14.0000 -2.0000 -10.0000 2.0000 0.2825 0.2076 0.3132 0.1837 0.2677 1.2548 1.8386 3.3306 
22.0000 62.0000 3.0000 4.0000 1.0000 6.6000 8 -1.0000 1.0000 0.6480 -6.0000 6.0000 10.0000 2.0000 14.0000 -2.0000 0.2500 0.2500 0.2500 0.2500 0.2500 1.2500 1.9507 3.4426 
22.0000 37.0000 3.0000 0.0000 0.0000 -6.6000 2 1.0000 1.0000 1.3190 10.0000 2.0000 -10.0000 6.0000 -6.0000 -2.0000 0.2446 0.2074 0.2617 0.3856 0.1586 1.2579 1.9117 3.4171 
22.0000 42.0000 3.0000 0.0000 0.0000 9.9000 8 -1.0000 1.0000 1.3760 6.0000 -2.0000 -10.0000 2.0000 -6.0000 10.0000 0.2752 0.1871 0.2290 0.3345 0.2295 1.2553 1.9791 3.4979 
22.0000 40.0000 3.0000 0.0000 0.0000 3.3000 8 -1.0000 1.0000 3.8530 10.0000 -2.0000 -10.0000 2.0000 -6.0000 6.0000 0.1700 0.2570 0.1725 0.3465 0.2991 1.2451 1.9567 3.4543 
22.0000 45.0000 3.0000 2.0000 1.0000 -3.3000 2 1.0000 1.0000 1.1020 8.0000 0.0000 -4.0000 4.0000 -8.0000 12.0000 0.2500 0.2500 0.2500 0.2500 0.2500 1.2500 1.7779 3.2758 
22.0000 39.0000 3.0000 0.0000 0.0000 0.0000 2 1.0000 0.0000 1.0250 6.0000 -6.0000 -10.0000 10.0000 -2.0000 2.0000 0.3126 0.1732 0.2087 0.2501 0.2963 1.2409 1.8647 3.3501 
22.0000 27.0000 3.0000 -2.0000 0.0000 6.6000 8 -1.0000 1.0000 2.5060 8.0000 0.0000 -12.0000 4.0000 -8.0000 -4.0000 0.1550 0.3659 0.1977 0.3549 0.1797 1.2532 1.7630 3.2623 
22.0000 34.0000 3.0000 0.0000 1.0000 6.6000 8 -1.0000 1.0000 0.8790 -6.0000 2.0000 6.0000 -2.0000 10.0000 -10.0000 0.2500 0.2500 0.2500 0.2500 0.2500 1.2500 1.8108 3.3092 
22.0000 8.0000 3.0000 -4.0000 0.0000 -9.9000 2 1.0000 1.0000 0.9050 -10.0000 -2.0000 2.0000 -6.0000 6.0000 -14.0000 0.2132 0.3574 0.2199 0.1560 0.3087 1.2552 1.9205 3.4311 
22.0000 38.0000 3.0000 0.0000 0.0000 -3.3000 2 1.0000 1.0000 1.8260 -6.0000 2.0000 10.0000 -2.0000 6.0000 -10.0000 0.1667 0.3035 0.2780 0.2276 0.2711 1.2469 1.7736 3.2727 
22.0000 67.0000 3.0000 4.0000 0.0000 0.0000 8 -1.0000 0.0000 1.6520 -2.0000 6.0000 10.0000 2.0000 14.0000 -6.0000 0.3292 0.2190 0.1694 0.3109 0.2255 1.2540 1.9521 3.4466 
22.0000 50.0000 3.0000 2.0000 0.0000 -9.9000 2 1.0000 1.0000 1.0060 -8.0000 4.0000 8.0000 0.0000 12.0000 -4.0000 0.1552 0.2420 0.3696 0.2926 0.1989 1.2583 1.7793 3.2842 
22.0000 44.0000 3.0000 2.0000 1.0000 -6.6000 2 1.0000 1.0000 1.3760 -8.0000 4.0000 12.0000 0.0000 8.0000 -4.0000 0.2500 0.2500 0.2500 0.2500 0.2500 1.2500 1.7730 3.2758 
22.0000 9.0000 3.0000 -4.0000 0.0000 -6.6000 2 1.0000 1.0000 2.0500 6.0000 -6.0000 -10.0000 -2.0000 -14.0000 2.0000 0.1999 0.3056 0.1531 0.3430 0.2460 1.2476 1.9742 3.4736 
22.0000 17.0000 3.0000 -2.0000 1.0000 -3.3000 2 1.0000 1.0000 1.6410 -8.0000 0.0000 8.0000 -4.0000 4.0000 -12.0000 0.2500 0.2500 0.2500 0.2500 0.2500 1.2500 1.8153 3.3258 
22.0000 41.0000 3.0000 0.0000 0.0000 6.6000 8 -1.0000 1.0000 2.0680 -6.0000 6.0000 10.0000 -10.0000 2.0000 -2.0000 0.3410 0.1559 0.2536 0.2229 0.2677 1.2411 1.9492 3.4505 
22.0000 30.0000 3.0000 0.0000 1.0000 -6.6000 2 1.0000 1.0000 1.3800 -10.0000 -2.0000 6.0000 -6.0000 10.0000 2.0000 0.2500 0.2500 0.2500 0.2500 0.2500 1.2500 1.9443 3.4426 
22.0000 64.0000 3.0000 4.0000 0.0000 -9.9000 2 1.0000 1.0000 2.3390 -6.0000 2.0000 14.0000 -2.0000 10.0000 6.0000 0.1829 0.3752 0.2924 0.1816 0.2243 1.2564 1.8677 3.3822 
22.0000 28.0000 3.0000 -2.0000 0.0000 9.9000 8 -1.0000 1.0000 1.5360 4.0000 -4.0000 -12.0000 0.0000 -8.0000 8.0000 0.2833 0.3656 0.1625 0.2616 0.1752 1.2483 1.7806 3.2741 
22.0000 56.0000 3.0000 2.0000 0.0000 9.9000 8 -1.0000 1.0000 0.7200 12.0000 0.0000 -4.0000 4.0000 -8.0000 8.0000 0.2054 0.1637 0.3109 0.3525 0.2173 1.2498 1.9330 3.4258 
22.0000 16.0000 3.0000 -2.0000 1.0000 -6.6000 2 1.0000 1.0000 1.9110 8.0000 -4.0000 -8.0000 0.0000 -12.0000 4.0000 0.2500 0.2500 0.2500 0.2500 0.2500 1.2500 1.8007 3.2925 
22.0000 35.0000 3.0000 0.0000 1.0000 9.9000 8 -1.0000 1.0000 1.8860 10.0000 -2.0000 -6.0000 2.0000 -10.0000 6.0000 0.2500 0.2500 0.2500 0.2500 0.2500 1.2500 1.7716 3.2593 
22.0000 26.0000 3.0000 -2.0000 0.0000 3.3000 2 1.0000 0.0000 1.6230 4.0000 -4.0000 -8.0000 0.0000 -12.0000 8.0000 0.2124 0.1847 0.3974 0.2655 0.1843 1.2444 1.9590 3.4537 
22.0000 65.0000 3.0000 4.0000 0.0000 -6.6000 2 1.0000 1.0000 1.4660 -2.0000 6.0000 14.0000 2.0000 10.0000 -6.0000 0.2991 0.3844 0.1677 0.2363 0.1615 1.2491 1.7574 3.2583 
22.0000 13.0000 3.0000 -4.0000 0.0000 6.6000 8 -1.0000 1.0000 1.0480 -14.0000 -6.0000 2.0000 -10.0000 6.0000 -2.0000 0.1622 0.3650 0.1542 0.3797 0.1862 1.2473 1.7658 3.2732 
22.0000 7.0000 3.0000 -4.0000 1.0000 9.9000 8 -1.0000 1.0000 1.1760 6.0000 -6.0000 -10.0000 -2.0000 -14.0000 2.0000 0.2500 0.2500 0.2500 0.2500 0.2500 1.2500 1.7974 3.3091 
22.0000 23.0000 3.0000 -2.0000 0.0000 -6.6000 2 1.0000 1.0000 1.7220 -8.0000 0.0000 8.0000 -4.0000 4.0000 -12.0000 0.2656 0.2322 0.3531 0.2175 0.1893 1.2577 1.7948 3.3004 
22.0000 70.0000 3.0000 4.0000 0.0000 9.9000 8 -1.0000 1.0000 1.5190 14.0000 6.0000 -6.0000 10.0000 -2.0000 2.0000 0.1856 0.3307 0.3031 0.2698 0.1513 1.2405 1.8375 3.3330 
22.0000 33.0000 3.0000 0.0000 1.0000 3.3000 8 -1.0000 1.0000 2.5080 -6.0000 6.0000 10.0000 -10.0000 2.0000 -2.0000 0.2500 0.2500 0.2500 0.2500 0.2500 1.2500 1.9925 3.4927 
22.0000 36.0000 3.0000 0.0000 0.0000 -9.9000 2 1.0000 1.0000 0.7290 -6.0000 6.0000 10.0000 -10.0000 2.0000 -2.0000 0.3317 0.2297 0.3026 0.2197 0.1641 1.2478 1.7958 3.2903 
22.0000 57.0000 3.0000 4.0000 1.0000 -9.9000 2 1.0000 1.0000 0.8160 6.0000 -2.0000 -6.0000 14.0000 2.0000 10.0000 0.2500 0.2500 0.2500 0.2500 0.2500 1.2500 1.9442 3.4425 
22.0000 15.0000 3.0000 -2.0000 1.0000 -9.9000 2 1.0000 1.0000 1.0920 8.0000 0.0000 -12.0000 4.0000 -8.0000 -4.0000 0.2500 0.2500 0.2500 0.2500 0.2500 1.2500 1.7574 3.2591 
22.0000 68.0000 3.0000 4.0000 0.0000 3.3000 8 -1.0000 1.0000 1.1370 6.0000 -2.0000 -6.0000 14.0000 2.0000 10.0000 0.3385 0.1653 0.3632 0.1569 0.2356 1.2595 1.8658 3.3687 
22.0000 52.0000 3.0000 2.0000 0.0000 -3.3000 2 1.0000 1.0000 1.8170 12.0000 4.0000 -4.0000 8.0000 -8.0000 0.0000 0.2584 0.2317 0.1853 0.2312 0.3366 1.2431 1.9519 3.4356 
22.0000 11.0000 3.0000 -4.0000 0.0000 0.0000 2 1.0000 0.0000 0.6640 6.0000 -2.0000 -14.0000 2.0000 -10.0000 -6.0000 0.1749 0.2259 0.3102 0.2123 0.3253 1.2487 1.7967 3.3079 
22.0000 21.0000 4.0000 -2.0000 1.0000 9.9000 8 -1.0000 1.0000 1.9060 -12.0000 -4.0000 4.0000 -8.0000 8.0000 0.0000 0.2500 0.2500 0.2500 0.2500 0.2500 1.2500 1.9309 3.4425 
22.0000 7.0000 4.0000 -4.0000 1.0000 9.9000 8 -1.0000 1.0000 1.1540 6.0000 -6.0000 -14.0000 -2.0000 -10.0000 2.0000 0.2500 0.2500 0.2500 0.2500 0.2500 1.2500 1.9243 3.4258 
22.0000 51.0000 4.0000 2.0000 0.0000 -6.6000 2 1.0000 1.0000 1.1590 8.0000 0.0000 -8.0000 4.0000 -4.0000 12.0000 0.3370 0.2401 0.1789 0.2193 0.2814 1.2567 1.9136 3.4160 
22.0000 15.0000 4.0000 -2.0000 1.0000 -9.9000 2 1.0000 1.0000 0.7930 4.0000 -8.0000 -12.0000 8.0000 -4.0000 0.0000 0.2500 0.2500 0.2500 0.2500 0.2500 1.2500 1.8718 3.3759 
22.0000 49.0000 4.0000 2.0000 1.0000 9.9000 8 -1.0000 1.0000 1.1740 0.0000 8.0000 12.0000 -8.0000 4.0000 -4.0000 0.2500 0.2500 0.2500 0.2500 0.2500 1.2500 1.9405 3.4427 
22.0000 46.0000 4.0000 2.0000 1.0000 0.0000 2 1.0000 0.0000 1.7470 12.0000 0.0000 -4.0000 4.0000 -8.0000 8.0000 0.2500 0.2500 0.2500 0.2500 0.2500 1.2500 1.7551 3.2593 
22.0000 17.0000 4.0000 -2.0000 1.0000 -3.3000 2 1.0000 1.0000 1.2440 8.0000 0.0000 -12.0000 4.0000 -8.0000 -4.0000 0.2500 0.2500 0.2500 0.2500 0.2500 1.2500 1.8330 3.3259 
22.0000 5.0000 4.0000 -4.0000 1.0000 3.3000 8 -1.0000 1.0000 4.5260 6.0000 -6.0000 -14.0000 -2.0000 -10.0000 2.0000 0.2500 0.2500 0.2500 0.2500 0.2500 1.2500 1.7971 3.2925 
22.0000 69.0000 4.0000 4.0000 0.0000 6.6000 8 -1.0000 1.0000 0.5590 2.0000 10.0000 14.0000 -6.0000 6.0000 -2.0000 0.3358 0.2125 0.1552 0.3343 0.2176 1.2554 1.8761 3.3814 
22.0000 60.0000 4.0000 4.0000 1.0000 0.0000 8 -1.0000 0.0000 1.2850 -2.0000 6.0000 14.0000 2.0000 10.0000 -6.0000 0.2500 0.2500 0.2500 0.2500 0.2500 1.2500 1.7731 3.2592 
22.0000 22.0000 4.0000 -2.0000 0.0000 -9.9000 2 1.0000 1.0000 0.7660 -12.0000 -4.0000 4.0000 -8.0000 8.0000 0.0000 0.2935 0.2071 0.3095 0.2312 0.1996 1.2408 1.9180 3.4167 
22.0000 11.0000 4.0000 -4.0000 0.0000 0.0000 2 1.0000 0.0000 1.1040 -14.0000 -2.0000 6.0000 -6.0000 2.0000 -10.0000 0.3093 0.1909 0.2808 0.1888 0.2820 1.2519 1.9823 3.4944 
22.0000 48.0000 4.0000 2.0000 1.0000 6.6000 8 -1.0000 1.0000 0.6210 8.0000 -4.0000 -8.0000 12.0000 0.0000 4.0000 0.2500 0.2500 0.2500 0.2500 0.2500 1.2500 1.8067 3.3091 
22.0000 31.0000 4.0000 0.0000 1.0000 -3.3000 2 1.0000 1.0000 1.8370 -6.0000 6.0000 10.0000 -10.0000 2.0000 -2.0000 0.2500 0.2500 0.2500 0.2500 0.2500 1.2500 1.8727 3.3760 
22.0000 35.0000 4.0000 0.0000 1.0000 9.9000 8 -1.0000 1.0000 1.5080 -6.0000 2.0000 10.0000 -2.0000 6.0000 -10.0000 0.2500 0.2500 0.2500 0.2500 0.2500 1.2500 1.7879 3.2926 
22.0000 2.0000 4.0000 -4.0000 1.0000 -6.6000 2 1.0000 1.0000 1.0380 6.0000 -6.0000 -10.0000 -2.0000 -14.0000 2.0000 0.2500 0.2500 0.2500 0.2500 0.2500 1.2500 1.9112 3.4091 
22.0000 37.0000 4.0000 0.0000 0.0000 -6.6000 2 1.0000 1.0000 0.7990 -6.0000 6.0000 10.0000 -10.0000 2.0000 -2.0000 0.1709 0.3001 0.1711 0.2740 0.3405 1.2566 1.9513 3.4660 
22.0000 8.0000 4.0000 -4.0000 0.0000 -9.9000 2 1.0000 1.0000 0.7320 -6.0000 2.0000 6.0000 -14.0000 -2.0000 -10.0000 0.2185 0.2722 0.1600 0.2522 0.3437 1.2465 1.9915 3.4890 
22.0000 13.0000 4.0000 -4.0000 0.0000 6.6000 8 -1.0000 1.0000 1.7650 -14.0000 -2.0000 2.0000 -6.0000 6.0000 -10.0000 0.2435 0.1898 0.3139 0.2749 0.2307 1.2529 1.8648 3.3621 
22.0000 38.0000 4.0000 0.0000 0.0000 -3.3000 2 1.0000 1.0000 1.9230 -10.0000 2.0000 6.0000 -2.0000 10.0000 -6.0000 0.2172 0.3528 0.2899 0.2164 0.1729 1.2493 1.9461 3.4420 
22.0000 52.0000 4.0000 2.0000 0.0000 -3.3000 2 1.0000 1.0000 1.3270 8.0000 0.0000 -4.0000 4.0000 -8.0000 12.0000 0.2028 0.3271 0.1637 0.2255 0.3218 1.2409 1.8349 3.3168 
22.0000 20.0000 4.0000 -2.0000 1.0000 6.6000 8 -1.0000 1.0000 1.8530 8.0000 -4.0000 -12.0000 0.0000 -8.0000 4.0000 0.2500 0.2500 0.2500 0.2500 0.2500 1.2500 1.7913 3.2758 
22.0000 68.0000 4.0000 4.0000 0.0000 3.3000 8 -1.0000 1.0000 0.6530 14.0000 2.0000 -6.0000 6.0000 -2.0000 10.0000 0.2316 0.3185 0.2373 0.2891 0.1805 1.2570 1.9646 3.4829 
22.0000 32.0000 4.0000 0.0000 1.0000 0.0000 2 1.0000 0.0000 1.9340 -6.0000 6.0000 10.0000 -10.0000 2.0000 -2.0000 0.2500 0.2500 0.2500 0.2500 0.2500 1.2500 1.9688 3.4761 
22.0000 50.0000 4.0000 2.0000 0.0000 -9.9000 2 1.0000 1.0000 0.7250 -8.0000 4.0000 12.0000 0.0000 8.0000 -4.0000 0.2145 0.2428 0.3322 0.2136 0.2485 1.2517 1.9413 3.4443 
22.0000 6.0000 4.0000 -4.0000 1.0000 6.6000 8 -1.0000 1.0000 0.8350 -10.0000 -2.0000 6.0000 -6.0000 2.0000 -14.0000 0.2500 0.2500 0.2500 0.2500 0.2500 1.2500 1.9597 3.4592 
22.0000 4.0000 4.0000 -4.0000 1.0000 0.0000 2 1.0000 0.0000 1.0670 -10.0000 -2.0000 2.0000 -6.0000 6.0000 -14.0000 0.2500 0.2500 0.2500 0.2500 0.2500 1.2500 1.8170 3.3258 
22.0000 59.0000 4.0000 4.0000 1.0000 -3.3000 2 1.0000 1.0000 1.2270 14.0000 2.0000 -6.0000 6.0000 -2.0000 10.0000 0.2500 0.2500 0.2500 0.2500 0.2500 1.2500 1.7799 3.2758 
22.0000 58.0000 4.0000 4.0000 1.0000 -6.6000 2 1.0000 1.0000 0.6600 -2.0000 10.0000 14.0000 -6.0000 6.0000 2.0000 0.2500 0.2500 0.2500 0.2500 0.2500 1.2500 1.8472 3.3425 
22.0000 12.0000 4.0000 -4.0000 0.0000 3.3000 8 -1.0000 1.0000 2.8580 -2.0000 -10.0000 -14.0000 6.0000 -6.0000 2.0000 0.1614 0.2856 0.3689 0.1995 0.2413 1.2567 1.8411 3.3492 
22.0000 41.0000 4.0000 0.0000 0.0000 6.6000 8 -1.0000 1.0000 1.3620 10.0000 2.0000 -10.0000 6.0000 -6.0000 -2.0000 0.1913 0.2671 0.3093 0.2594 0.2312 1.2583 1.9428 3.4510 
22.0000 3.0000 4.0000 -4.0000 1.0000 -3.3000 2 1.0000 1.0000 0.7280 -14.0000 -2.0000 6.0000 -6.0000 2.0000 -10.0000 0.2500 0.2500 0.2500 0.2500 0.2500 1.2500 1.9611 3.4593 
22.0000 30.0000 4.0000 0.0000 1.0000 -6.6000 2 1.0000 1.0000 1.1610 10.0000 -2.0000 -6.0000 2.0000 -10.0000 6.0000 0.2500 0.2500 0.2500 0.2500 0.2500 1.2500 1.9195 3.4092 
22.0000 9.0000 4.0000 -4.0000 0.0000 -6.6000 2 1.0000 1.0000 0.7200 2.0000 -6.0000 -14.0000 -2.0000 -10.0000 6.0000 0.1701 0.3050 0.2754 0.1604 0.3477 1.2587 1.9099 3.4346 
22.0000 33.0000 4.0000 0.0000 1.0000 3.3000 2 1.0000 0.0000 1.7310 -2.0000 6.0000 10.0000 -10.0000 2.0000 -6.0000 0.2500 0.2500 0.2500 0.2500 0.2500 1.2500 1.8116 3.3258 
22.0000 57.0000 4.0000 4.0000 1.0000 -9.9000 2 1.0000 1.0000 0.7670 -2.0000 10.0000 14.0000 -6.0000 6.0000 2.0000 0.2500 0.2500 0.2500 0.2500 0.2500 1.2500 1.7800 3.2926 
22.0000 39.0000 4.0000 0.0000 0.0000 0.0000 2 1.0000 0.0000 2.4800 -2.0000 6.0000 10.0000 -10.0000 2.0000 -6.0000 0.2690 0.3382 0.2721 0.1601 0.2096 1.2490 1.8667 3.3749 
22.0000 54.0000 4.0000 2.0000 0.0000 3.3000 8 -1.0000 1.0000 1.7190 0.0000 8.0000 12.0000 -8.0000 4.0000 -4.0000 0.1720 0.3376 0.2334 0.2995 0.2144 1.2570 1.7507 3.2662 
22.0000 10.0000 4.0000 -4.0000 0.0000 -3.3000 2 1.0000 1.0000 1.3290 -14.0000 -6.0000 2.0000 -10.0000 6.0000 -2.0000 0.1739 0.2680 0.3887 0.2556 0.1606 1.2468 1.9118 3.4059 
22.0000 28.0000 4.0000 -2.0000 0.0000 9.9000 8 -1.0000 1.0000 1.0560 -8.0000 0.0000 4.0000 -4.0000 8.0000 -12.0000 0.2746 0.2247 0.1974 0.3510 0.2049 1.2526 1.9217 3.4286 
22.0000 70.0000 4.0000 4.0000 0.0000 9.9000 8 -1.0000 1.0000 2.1770 10.0000 -2.0000 -6.0000 14.0000 2.0000 6.0000 0.2886 0.2134 0.1592 0.3860 0.2081 1.2553 1.9516 3.4480 
22.0000 55.0000 4.0000 2.0000 0.0000 6.6000 8 -1.0000 1.0000 2.0560 8.0000 -4.0000 -8.0000 12.0000 0.0000 4.0000 0.2991 0.2021 0.1526 0.3658 0.2333 1.2529 1.8989 3.3955 
22.0000 65.0000 4.0000 4.0000 0.0000 -6.6000 2 1.0000 1.0000 1.1290 14.0000 2.0000 -6.0000 6.0000 -2.0000 10.0000 0.2889 0.2380 0.1911 0.3420 0.1965 1.2566 1.9830 3.4825 
22.0000 63.0000 4.0000 4.0000 1.0000 9.9000 8 -1.0000 1.0000 1.5850 -2.0000 10.0000 14.0000 -6.0000 6.0000 2.0000 0.2500 0.2500 0.2500 0.2500 0.2500 1.2500 1.7672 3.2591 
22.0000 26.0000 4.0000 -2.0000 0.0000 3.3000 8 -1.0000 1.0000 3.6990 -4.0000 4.0000 8.0000 -12.0000 0.0000 -8.0000 0.3027 0.1895 0.2370 0.1660 0.3483 1.2436 1.9916 3.4862 
22.0000 44.0000 4.0000 2.0000 1.0000 -6.6000 2 1.0000 1.0000 2.5780 -8.0000 0.0000 8.0000 -4.0000 12.0000 4.0000 0.2500 0.2500 0.2500 0.2500 0.2500 1.2500 1.9211 3.4258 
22.0000 16.0000 4.0000 -2.0000 1.0000 -6.6000 2 1.0000 1.0000 0.7310 4.0000 -4.0000 -12.0000 0.0000 -8.0000 8.0000 0.2500 0.2500 0.2500 0.2500 0.2500 1.2500 1.8258 3.3259 
22.0000 40.0000 4.0000 0.0000 0.0000 3.3000 8 -1.0000 1.0000 3.1990 -10.0000 -2.0000 6.0000 -6.0000 10.0000 2.0000 0.1677 0.3439 0.2239 0.2696 0.2404 1.2454 1.8249 3.3213 
22.0000 43.0000 4.0000 2.0000 1.0000 -9.9000 2 1.0000 1.0000 0.9520 12.0000 0.0000 -8.0000 4.0000 -4.0000 8.0000 0.2500 0.2500 0.2500 0.2500 0.2500 1.2500 1.8419 3.3425 
22.0000 19.0000 4.0000 -2.0000 1.0000 3.3000 8 -1.0000 1.0000 3.0490 -4.0000 4.0000 8.0000 -12.0000 0.0000 -8.0000 0.2500 0.2500 0.2500 0.2500 0.2500 1.2500 1.8610 3.3593 
22.0000 34.0000 4.0000 0.0000 1.0000 6.6000 8 -1.0000 1.0000 1.3860 10.0000 -2.0000 -10.0000 2.0000 -6.0000 6.0000 0.2500 0.2500 0.2500 0.2500 0.2500 1.2500 1.9728 3.4760 
22.0000 47.0000 4.0000 2.0000 1.0000 3.3000 8 -1.0000 1.0000 0.5650 12.0000 0.0000 -8.0000 4.0000 -4.0000 8.0000 0.2500 0.2500 0.2500 0.2500 0.2500 1.2500 1.9461 3.4425 
22.0000 14.0000 4.0000 -4.0000 0.0000 9.9000 8 -1.0000 1.0000 1.2180 -14.0000 -2.0000 6.0000 -6.0000 2.0000 -10.0000 0.3111 0.2815 0.2410 0.1675 0.2473 1.2484 1.9792 3.4743 
22.0000 56.0000 4.0000 2.0000 0.0000 9.9000 8 -1.0000 1.0000 0.7400 -8.0000 0.0000 12.0000 -4.0000 8.0000 4.0000 0.3536 0.1930 0.3054 0.1731 0.2333 1.2585 1.7966 3.3010 
22.0000 29.0000 4.0000 0.0000 1.0000 -9.9000 2 1.0000 1.0000 3.3620 -6.0000 2.0000 10.0000 -2.0000 6.0000 -10.0000 0.2500 0.2500 0.2500 0.2500 0.2500 1.2500 1.7683 3.2758 
22.0000 25.0000 4.0000 -2.0000 0.0000 0.0000 8 -1.0000 0.0000 4.0520 8.0000 -4.0000 -12.0000 0.0000 -8.0000 4.0000 0.2470 0.2828 0.1639 0.3438 0.2160 1.2535 1.9591 3.4628 
22.0000 62.0000 4.0000 4.0000 1.0000 6.6000 8 -1.0000 1.0000 0.8190 -6.0000 6.0000 10.0000 2.0000 14.0000 -2.0000 0.2500 0.2500 0.2500 0.2500 0.2500 1.2500 1.8313 3.3425 
22.0000 27.0000 4.0000 -2.0000 0.0000 6.6000 8 -1.0000 1.0000 0.9310 -12.0000 -4.0000 8.0000 -8.0000 4.0000 0.0000 0.2564 0.3541 0.2223 0.2561 0.1665 1.2553 1.7962 3.2978 
22.0000 64.0000 4.0000 4.0000 0.0000 -9.9000 2 1.0000 1.0000 0.8060 14.0000 6.0000 -6.0000 10.0000 -2.0000 2.0000 0.2356 0.1769 0.3529 0.2748 0.2131 1.2532 1.8437 3.3458 
22.0000 36.0000 4.0000 0.0000 0.0000 -9.9000 2 1.0000 1.0000 0.8210 -6.0000 2.0000 6.0000 -2.0000 10.0000 -10.0000 0.1658 0.2890 0.2502 0.3236 0.2212 1.2497 1.8918 3.3924 
22.0000 1.0000 4.0000 -4.0000 1.0000 -9.9000 2 1.0000 1.0000 0.6710 -14.0000 -6.0000 2.0000 -10.0000 6.0000 -2.0000 0.2500 0.2500 0.2500 0.2500 0.2500 1.2500 1.8124 3.3092 
22.0000 45.0000 4.0000 2.0000 1.0000 -3.3000 2 1.0000 1.0000 3.1840 12.0000 0.0000 -8.0000 4.0000 -4.0000 8.0000 0.2500 0.2500 0.2500 0.2500 0.2500 1.2500 1.9016 3.3925 
22.0000 42.0000 4.0000 0.0000 0.0000 9.9000 8 -1.0000 1.0000 0.8730 -6.0000 6.0000 10.0000 -10.0000 2.0000 -2.0000 0.1543 0.2430 0.1514 0.3627 0.3319 1.2433 1.9197 3.4024 
22.0000 23.0000 4.0000 -2.0000 0.0000 -6.6000 2 1.0000 1.0000 0.7260 -12.0000 0.0000 4.0000 -4.0000 8.0000 -8.0000 0.2305 0.1659 0.3318 0.2345 0.2828 1.2455 1.8852 3.3715 
22.0000 53.0000 4.0000 2.0000 0.0000 0.0000 2 1.0000 0.0000 1.6770 -8.0000 4.0000 8.0000 0.0000 12.0000 -4.0000 0.1797 0.3763 0.2060 0.1684 0.3274 1.2578 1.9915 3.4837 
22.0000 66.0000 4.0000 4.0000 0.0000 -3.3000 2 1.0000 1.0000 0.7260 14.0000 2.0000 -2.0000 6.0000 -6.0000 10.0000 0.2845 0.2465 0.2888 0.2432 0.1776 1.2406 1.8839 3.3832 
22.0000 24.0000 4.0000 -2.0000 0.0000 -3.3000 2 1.0000 1.0000 0.6370 -12.0000 0.0000 8.0000 -4.0000 4.0000 -8.0000 0.2465 0.3668 0.1767 0.2505 0.2185 1.2591 1.7576 3.2682 
22.0000 61.0000 4.0000 4.0000 1.0000 3.3000 8 -1.0000 1.0000 0.8680 -6.0000 2.0000 10.0000 -2.0000 14.0000 6.0000 0.2500 0.2500 0.2500 0.2500 0.2500 1.2500 1.9960 3.5094 
22.0000 18.0000 4.0000 -2.0000 1.0000 0.0000 8 -1.0000 0.0000 2.8390 -12.0000 -4.0000 8.0000 -8.0000 4.0000 0.0000 0.2500 0.2500 0.2500 0.2500 0.2500 1.2500 1.9470 3.4426 
22.0000 67.0000 4.0000 4.0000 0.0000 0.0000 8 -1.0000 0.0000 1.2300 -2.0000 6.0000 10.0000 2.0000 14.0000 -6.0000 0.1561 0.3543 0.1878 0.2536 0.2998 1.2515 1.9838 3.4942 
22.0000 59.0000 5.0000 4.0000 1.0000 -3.3000 2 1.0000 1.0000 1.4220 6.0000 -2.0000 -6.0000 14.0000 2.0000 10.0000 0.2500 0.2500 0.2500 0.2500 0.2500 1.2500 1.8661 3.3758 
22.0000 67.0000 5.0000 4.0000 0.0000 0.0000 8 -1.0000 0.0000 1.8840 10.0000 2.0000 -2.0000 6.0000 -6.0000 14.0000 0.1800 0.3006 0.1690 0.2923 0.3174 1.2594 1.8552 3.3687 
22.0000 44.0000 5.0000 2.0000 1.0000 -6.6000 2 1.0000 1.0000 0.9850 12.0000 4.0000 -8.0000 8.0000 -4.0000 0.0000 0.2500 0.2500 0.2500 0.2500 0.2500 1.2500 1.8312 3.3260 
22.0000 34.0000 5.0000 0.0000 1.0000 6.6000 8 -1.0000 1.0000 1.0300 2.0000 -6.0000 -10.0000 10.0000 -2.0000 6.0000 0.2500 0.2500 0.2500 0.2500 0.2500 1.2500 1.9661 3.4593 
22.0000 26.0000 5.0000 -2.0000 0.0000 3.3000 8 -1.0000 1.0000 0.8960 4.0000 -4.0000 -12.0000 0.0000 -8.0000 8.0000 0.3170 0.1899 0.2462 0.3195 0.1724 1.2451 1.9473 3.4376 
22.0000 64.0000 5.0000 4.0000 0.0000 -9.9000 2 1.0000 1.0000 0.6640 2.0000 10.0000 14.0000 -6.0000 6.0000 -2.0000 0.1784 0.2082 0.2672 0.3789 0.2202 1.2529 1.9585 3.4621 
22.0000 58.0000 5.0000 4.0000 1.0000 -6.6000 2 1.0000 1.0000 0.6570 14.0000 2.0000 -2.0000 6.0000 -6.0000 10.0000 0.2500 0.2500 0.2500 0.2500 0.2500 1.2500 1.8357 3.3258 
22.0000 66.0000 5.0000 4.0000 0.0000 -3.3000 8 -1.0000 0.0000 2.1670 -2.0000 10.0000 14.0000 -6.0000 6.0000 2.0000 0.2455 0.3001 0.1737 0.3585 0.1676 1.2454 1.8189 3.3212 
22.0000 35.0000 5.0000 0.0000 1.0000 9.9000 8 -1.0000 1.0000 0.7680 6.0000 -6.0000 -10.0000 10.0000 -2.0000 2.0000 0.2500 0.2500 0.2500 0.2500 0.2500 1.2500 1.8798 3.3925 
22.0000 24.0000 5.0000 -2.0000 0.0000 -3.3000 2 1.0000 1.0000 0.9380 -12.0000 -4.0000 8.0000 -8.0000 4.0000 0.0000 0.2949 0.2591 0.1783 0.3264 0.1961 1.2548 1.7835 3.2972 
22.0000 21.0000 5.0000 -2.0000 1.0000 9.9000 8 -1.0000 1.0000 0.8120 8.0000 -4.0000 -12.0000 0.0000 -8.0000 4.0000 0.2500 0.2500 0.2500 0.2500 0.2500 1.2500 1.8686 3.3758 
22.0000 70.0000 5.0000 4.0000 0.0000 9.9000 8 -1.0000 1.0000 0.7480 10.0000 2.0000 -6.0000 6.0000 -2.0000 14.0000 0.1968 0.3339 0.2428 0.1727 0.3072 1.2534 1.8208 3.3292 
22.0000 41.0000 5.0000 0.0000 0.0000 6.6000 8 -1.0000 1.0000 0.6070 6.0000 -2.0000 -6.0000 2.0000 -10.0000 10.0000 0.1574 0.3303 0.2313 0.3034 0.2196 1.2420 1.9830 3.4845 
22.0000 60.0000 5.0000 4.0000 1.0000 0.0000 2 1.0000 0.0000 2.4910 -6.0000 2.0000 14.0000 -2.0000 10.0000 6.0000 0.2500 0.2500 0.2500 0.2500 0.2500 1.2500 1.9359 3.4426 
22.0000 33.0000 5.0000 0.0000 1.0000 3.3000 2 1.0000 0.0000 2.5350 10.0000 -2.0000 -6.0000 2.0000 -10.0000 6.0000 0.2500 0.2500 0.2500 0.2500 0.2500 1.2500 1.8567 3.3593 
22.0000 13.0000 5.0000 -4.0000 0.0000 6.6000 8 -1.0000 1.0000 0.7920 -10.0000 2.0000 6.0000 -14.0000 -2.0000 -6.0000 0.1528 0.3948 0.2813 0.2417 0.1811 1.2517 1.8940 3.3944 
22.0000 68.0000 5.0000 4.0000 0.0000 3.3000 8 -1.0000 1.0000 0.7230 -2.0000 10.0000 14.0000 -6.0000 6.0000 2.0000 0.2682 0.2278 0.3811 0.1528 0.2141 1.2440 1.7866 3.2698 
22.0000 52.0000 5.0000 2.0000 0.0000 -3.3000 2 1.0000 1.0000 1.4030 12.0000 0.0000 -8.0000 4.0000 -4.0000 8.0000 0.2975 0.1916 0.2574 0.3326 0.1657 1.2449 1.9840 3.4707 
22.0000 20.0000 5.0000 -2.0000 1.0000 6.6000 8 -1.0000 1.0000 1.3340 8.0000 -4.0000 -8.0000 0.0000 -12.0000 4.0000 0.2500 0.2500 0.2500 0.2500 0.2500 1.2500 1.7731 3.2592 
22.0000 2.0000 5.0000 -4.0000 1.0000 -6.6000 2 1.0000 1.0000 0.6720 6.0000 -2.0000 -10.0000 2.0000 -14.0000 -6.0000 0.2500 0.2500 0.2500 0.2500 0.2500 1.2500 1.8296 3.3425 
22.0000 40.0000 5.0000 0.0000 0.0000 3.3000 2 1.0000 0.0000 1.0840 10.0000 2.0000 -10.0000 6.0000 -6.0000 -2.0000 0.1782 0.3387 0.2786 0.1675 0.2788 1.2418 1.8808 3.3843 
22.0000 22.0000 5.0000 -2.0000 0.0000 -9.9000 2 1.0000 1.0000 0.7000 -12.0000 0.0000 8.0000 -4.0000 4.0000 -8.0000 0.2384 0.2014 0.3146 0.2596 0.2316 1.2456 1.9652 3.4714 
22.0000 19.0000 5.0000 -2.0000 1.0000 3.3000 8 -1.0000 1.0000 1.8850 0.0000 -8.0000 -12.0000 8.0000 -4.0000 4.0000 0.2500 0.2500 0.2500 0.2500 0.2500 1.2500 1.8777 3.3759 
22.0000 32.0000 5.0000 0.0000 1.0000 0.0000 2 1.0000 0.0000 2.8380 6.0000 -6.0000 -10.0000 10.0000 -2.0000 2.0000 0.2500 0.2500 0.2500 0.2500 0.2500 1.2500 1.9933 3.4925 
22.0000 7.0000 5.0000 -4.0000 1.0000 9.9000 8 -1.0000 1.0000 0.7400 -6.0000 2.0000 6.0000 -14.0000 -2.0000 -10.0000 0.2500 0.2500 0.2500 0.2500 0.2500 1.2500 1.7870 3.2925 
22.0000 47.0000 5.0000 2.0000 1.0000 3.3000 8 -1.0000 1.0000 2.2680 -4.0000 8.0000 12.0000 -8.0000 4.0000 0.0000 0.2500 0.2500 0.2500 0.2500 0.2500 1.2500 1.9605 3.4593 
22.0000 8.0000 5.0000 -4.0000 0.0000 -9.9000 2 1.0000 1.0000 0.6620 -14.0000 -6.0000 2.0000 -10.0000 6.0000 -2.0000 0.2793 0.1713 0.2682 0.3102 0.2172 1.2462 1.8712 3.3720 
22.0000 61.0000 5.0000 4.0000 1.0000 3.3000 8 -1.0000 1.0000 0.7210 -2.0000 10.0000 14.0000 -6.0000 6.0000 2.0000 0.2500 0.2500 0.2500 0.2500 0.2500 1.2500 1.9771 3.4760 
22.0000 14.0000 5.0000 -4.0000 0.0000 9.9000 8 -1.0000 1.0000 0.8480 6.0000 -6.0000 -14.0000 -2.0000 -10.0000 2.0000 0.2336 0.2891 0.1774 0.2915 0.2650 1.2565 1.7863 3.2823 
22.0000 23.0000 5.0000 -2.0000 0.0000 -6.6000 2 1.0000 1.0000 0.6210 -12.0000 -4.0000 4.0000 -8.0000 8.0000 0.0000 0.3028 0.1895 0.3246 0.2561 0.1802 1.2533 1.8638 3.3625 
22.0000 9.0000 5.0000 -4.0000 0.0000 -6.6000 2 1.0000 1.0000 0.5500 -14.0000 -2.0000 6.0000 -6.0000 2.0000 -10.0000 0.1887 0.2329 0.3249 0.1700 0.3338 1.2504 1.9823 3.4931 
22.0000 45.0000 5.0000 2.0000 1.0000 -3.3000 2 1.0000 1.0000 1.5130 8.0000 0.0000 -4.0000 4.0000 -8.0000 12.0000 0.2500 0.2500 0.2500 0.2500 0.2500 1.2500 1.8181 3.3259 
22.0000 36.0000 5.0000 0.0000 0.0000 -9.9000 2 1.0000 1.0000 0.7280 6.0000 -2.0000 -6.0000 2.0000 -10.0000 10.0000 0.1754 0.3428 0.1872 0.3516 0.1908 1.2479 1.7743 3.2737 
22.0000 18.0000 5.0000 -2.0000 1.0000 0.0000 8 -1.0000 0.0000 3.3670 -8.0000 4.0000 8.0000 -12.0000 0.0000 -4.0000 0.2500 0.2500 0.2500 0.2500 0.2500 1.2500 1.9478 3.4592 
22.0000 42.0000 5.0000 0.0000 0.0000 9.9000 8 -1.0000 1.0000 0.8480 6.0000 -6.0000 -10.0000 10.0000 -2.0000 2.0000 0.1670 0.2378 0.2916 0.1671 0.3857 1.2492 1.9959 3.4918 
22.0000 16.0000 5.0000 -2.0000 1.0000 -6.6000 2 1.0000 1.0000 0.6880 8.0000 -4.0000 -8.0000 0.0000 -12.0000 4.0000 0.2500 0.2500 0.2500 0.2500 0.2500 1.2500 1.9928 3.4927 
22.0000 46.0000 5.0000 2.0000 1.0000 0.0000 8 -1.0000 0.0000 2.2170 8.0000 0.0000 -8.0000 4.0000 -4.0000 12.0000 0.2500 0.2500 0.2500 0.2500 0.2500 1.2500 1.9911 3.4926 
22.0000 63.0000 5.0000 4.0000 1.0000 9.9000 8 -1.0000 1.0000 0.7040 14.0000 6.0000 -2.0000 10.0000 -6.0000 2.0000 0.2500 0.2500 0.2500 0.2500 0.2500 1.2500 1.8688 3.3591 
22.0000 39.0000 5.0000 0.0000 0.0000 0.0000 2 1.0000 0.0000 3.1210 10.0000 -2.0000 -10.0000 2.0000 -6.0000 6.0000 0.3141 0.1883 0.2346 0.2998 0.2198 1.2565 1.8788 3.3824 
22.0000 15.0000 5.0000 -2.0000 1.0000 -9.9000 2 1.0000 1.0000 0.6730 -8.0000 0.0000 4.0000 -4.0000 8.0000 -12.0000 0.2500 0.2500 0.2500 0.2500 0.2500 1.2500 1.9441 3.4427 
22.0000 54.0000 5.0000 2.0000 0.0000 3.3000 8 -1.0000 1.0000 1.9350 12.0000 0.0000 -4.0000 4.0000 -8.0000 8.0000 0.2704 0.2232 0.1687 0.2207 0.3769 1.2599 1.8215 3.3191 
22.0000 30.0000 5.0000 0.0000 1.0000 -6.6000 2 1.0000 1.0000 0.6130 10.0000 -2.0000 -10.0000 2.0000 -6.0000 6.0000 0.2500 0.2500 0.2500 0.2500 0.2500 1.2500 1.9680 3.4758 
22.0000 3.0000 5.0000 -4.0000 1.0000 -3.3000 2 1.0000 1.0000 0.4700 -10.0000 -2.0000 2.0000 -6.0000 6.0000 -14.0000 0.2500 0.2500 0.2500 0.2500 0.2500 1.2500 1.9561 3.4593 
22.0000 6.0000 5.0000 -4.0000 1.0000 6.6000 8 -1.0000 1.0000 0.7200 -2.0000 -10.0000 -14.0000 6.0000 -6.0000 2.0000 0.2500 0.2500 0.2500 0.2500 0.2500 1.2500 1.9475 3.4592 
22.0000 56.0000 5.0000 2.0000 0.0000 9.9000 8 -1.0000 1.0000 1.3290 12.0000 4.0000 -4.0000 8.0000 -8.0000 0.0000 0.1666 0.2149 0.3949 0.1744 0.3062 1.2570 1.8458 3.3495 
22.0000 69.0000 5.0000 4.0000 0.0000 6.6000 8 -1.0000 1.0000 0.8290 14.0000 6.0000 -2.0000 10.0000 -6.0000 2.0000 0.2208 0.3519 0.1638 0.1944 0.3174 1.2482 1.8238 3.3242 
22.0000 12.0000 5.0000 -4.0000 0.0000 3.3000 2 1.0000 0.0000 2.9330 6.0000 -6.0000 -10.0000 -2.0000 -14.0000 2.0000 0.3346 0.1871 0.1538 0.3776 0.1970 1.2502 1.8456 3.3427 
22.0000 50.0000 5.0000 2.0000 0.0000 -9.9000 2 1.0000 1.0000 0.7170 12.0000 0.0000 -8.0000 4.0000 -4.0000 8.0000 0.3756 0.2540 0.1547 0.2936 0.1727 1.2506 1.8800 3.3765 
22.0000 43.0000 5.0000 2.0000 1.0000 -9.9000 2 1.0000 1.0000 0.5960 12.0000 4.0000 -4.0000 8.0000 -8.0000 0.0000 0.2500 0.2500 0.2500 0.2500 0.2500 1.2500 1.9585 3.4592 
22.0000 65.0000 5.0000 4.0000 0.0000 -6.6000 2 1.0000 1.0000 0.7600 -2.0000 6.0000 14.0000 2.0000 10.0000 -6.0000 0.1536 0.3013 0.1931 0.3433 0.2545 1.2457 1.7881 3.2883 
22.0000 62.0000 5.0000 4.0000 1.0000 6.6000 8 -1.0000 1.0000 2.1840 10.0000 2.0000 -2.0000 6.0000 -6.0000 14.0000 0.2500 0.2500 0.2500 0.2500 0.2500 1.2500 1.9331 3.4259 
22.0000 25.0000 5.0000 -2.0000 0.0000 0.0000 2 1.0000 0.0000 1.1980 8.0000 0.0000 -12.0000 4.0000 -8.0000 -4.0000 0.2532 0.2985 0.1701 0.2920 0.2405 1.2543 1.9049 3.3968 
22.0000 27.0000 5.0000 -2.0000 0.0000 6.6000 8 -1.0000 1.0000 0.9030 -12.0000 0.0000 4.0000 -4.0000 8.0000 -8.0000 0.2661 0.1648 0.2297 0.3125 0.2672 1.2403 1.8917 3.3664 
22.0000 4.0000 5.0000 -4.0000 1.0000 0.0000 2 1.0000 0.0000 2.8400 -10.0000 -2.0000 2.0000 -6.0000 6.0000 -14.0000 0.2500 0.2500 0.2500 0.2500 0.2500 1.2500 1.8499 3.3593 
22.0000 53.0000 5.0000 2.0000 0.0000 0.0000 8 -1.0000 0.0000 3.0260 8.0000 -4.0000 -8.0000 12.0000 0.0000 4.0000 0.2434 0.1733 0.2044 0.2783 0.3513 1.2506 1.9214 3.4267 
22.0000 17.0000 5.0000 -2.0000 1.0000 -3.3000 2 1.0000 1.0000 1.7840 -12.0000 0.0000 4.0000 -4.0000 8.0000 -8.0000 0.2500 0.2500 0.2500 0.2500 0.2500 1.2500 1.8269 3.3259 
22.0000 49.0000 5.0000 2.0000 1.0000 9.9000 8 -1.0000 1.0000 0.7160 12.0000 0.0000 -8.0000 4.0000 -4.0000 8.0000 0.2500 0.2500 0.2500 0.2500 0.2500 1.2500 1.7737 3.2758 
22.0000 48.0000 5.0000 2.0000 1.0000 6.6000 8 -1.0000 1.0000 1.0790 8.0000 0.0000 -4.0000 4.0000 -8.0000 12.0000 0.2500 0.2500 0.2500 0.2500 0.2500 1.2500 1.8815 3.3760 
22.0000 57.0000 5.0000 4.0000 1.0000 -9.9000 2 1.0000 1.0000 1.2700 -2.0000 6.0000 14.0000 2.0000 10.0000 -6.0000 0.2500 0.2500 0.2500 0.2500 0.2500 1.2500 1.9611 3.4593 
22.0000 1.0000 5.0000 -4.0000 1.0000 -9.9000 2 1.0000 1.0000 0.8200 6.0000 -6.0000 -10.0000 -2.0000 -14.0000 2.0000 0.2500 0.2500 0.2500 0.2500 0.2500 1.2500 1.8665 3.3591 
22.0000 5.0000 5.0000 -4.0000 1.0000 3.3000 8 -1.0000 1.0000 4.1240 2.0000 -6.0000 -14.0000 -2.0000 -10.0000 6.0000 0.2500 0.2500 0.2500 0.2500 0.2500 1.2500 1.8618 3.3591 
22.0000 37.0000 5.0000 0.0000 0.0000 -6.6000 2 1.0000 1.0000 0.6200 6.0000 -2.0000 -6.0000 2.0000 -10.0000 10.0000 0.3211 0.1614 0.3455 0.2718 0.1548 1.2547 1.8749 3.3806 
22.0000 55.0000 5.0000 2.0000 0.0000 6.6000 8 -1.0000 1.0000 1.6300 -8.0000 0.0000 12.0000 -4.0000 8.0000 4.0000 0.2788 0.2091 0.1607 0.3357 0.2604 1.2448 1.8446 3.3373 
22.0000 38.0000 5.0000 0.0000 0.0000 -3.3000 2 1.0000 1.0000 0.7480 -6.0000 2.0000 6.0000 -2.0000 10.0000 -10.0000 0.1919 0.2945 0.2502 0.3068 0.2050 1.2483 1.8505 3.3576 
22.0000 28.0000 5.0000 -2.0000 0.0000 9.9000 8 -1.0000 1.0000 1.5530 -8.0000 4.0000 8.0000 -12.0000 0.0000 -4.0000 0.3536 0.1871 0.2690 0.1881 0.2496 1.2474 1.9286 3.4400 
22.0000 31.0000 5.0000 0.0000 1.0000 -3.3000 2 1.0000 1.0000 0.8150 6.0000 -6.0000 -10.0000 10.0000 -2.0000 2.0000 0.2500 0.2500 0.2500 0.2500 0.2500 1.2500 1.9793 3.4925 
22.0000 29.0000 5.0000 0.0000 1.0000 -9.9000 2 1.0000 1.0000 0.6600 -2.0000 6.0000 10.0000 -10.0000 2.0000 -6.0000 0.2500 0.2500 0.2500 0.2500 0.2500 1.2500 1.8886 3.3925 
22.0000 51.0000 5.0000 2.0000 0.0000 -6.6000 2 1.0000 1.0000 0.8990 0.0000 8.0000 12.0000 -8.0000 4.0000 -4.0000 0.2427 0.3307 0.2631 0.1630 0.2601 1.2595 1.9858 3.5022 
22.0000 10.0000 5.0000 -4.0000 0.0000 -3.3000 2 1.0000 1.0000 1.6720 -14.0000 -6.0000 6.0000 -10.0000 2.0000 -2.0000 0.2560 0.3222 0.1705 0.2158 0.2886 1.2531 1.9919 3.4957 
22.0000 11.0000 5.0000 -4.0000 0.0000 0.0000 2 1.0000 0.0000 1.6600 -6.0000 2.0000 6.0000 -14.0000 -2.0000 -10.0000 0.1934 0.2387 0.3503 0.2877 0.1889 1.2590 1.8693 3.3849 
22.0000 5.0000 6.0000 -4.0000 1.0000 3.3000 8 -1.0000 1.0000 1.6840 -14.0000 -2.0000 6.0000 -6.0000 2.0000 -10.0000 0.2500 0.2500 0.2500 0.2500 0.2500 1.2500 1.7704 3.2759 
22.0000 13.0000 6.0000 -4.0000 0.0000 6.6000 2 1.0000 0.0000 2.9480 6.0000 -2.0000 -14.0000 2.0000 -10.0000 -6.0000 0.1523 0.3457 0.2086 0.3164 0.2349 1.2578 1.7849 3.2836 
22.0000 15.0000 6.0000 -2.0000 1.0000 -9.9000 2 1.0000 1.0000 1.7640 0.0000 -8.0000 -12.0000 8.0000 -4.0000 4.0000 0.2500 0.2500 0.2500 0.2500 0.2500 1.2500 1.8773 3.3760 
22.0000 22.0000 6.0000 -2.0000 0.0000 -9.9000 2 1.0000 1.0000 0.8500 -12.0000 0.0000 8.0000 -4.0000 4.0000 -8.0000 0.2087 0.1656 0.3959 0.2004 0.2811 1.2517 1.7660 3.2609 
22.0000 24.0000 6.0000 -2.0000 0.0000 -3.3000 2 1.0000 1.0000 1.5410 4.0000 -8.0000 -12.0000 8.0000 -4.0000 0.0000 0.1570 0.3532 0.1901 0.3781 0.1638 1.2422 1.9013 3.4014 
22.0000 46.0000 6.0000 2.0000 1.0000 0.0000 8 -1.0000 0.0000 1.5250 -8.0000 4.0000 12.0000 0.0000 8.0000 -4.0000 0.2500 0.2500 0.2500 0.2500 0.2500 1.2500 1.9183 3.4258 
22.0000 17.0000 6.0000 -2.0000 1.0000 -3.3000 2 1.0000 1.0000 0.9780 4.0000 -8.0000 -12.0000 8.0000 -4.0000 0.0000 0.2500 0.2500 0.2500 0.2500 0.2500 1.2500 1.9413 3.4427 
22.0000 67.0000 6.0000 4.0000 0.0000 0.0000 2 1.0000 0.0000 1.3050 14.0000 2.0000 -6.0000 6.0000 -2.0000 10.0000 0.2863 0.2351 0.1872 0.2336 0.3157 1.2579 1.9236 3.4339 
22.0000 14.0000 6.0000 -4.0000 0.0000 9.9000 8 -1.0000 1.0000 2.8700 6.0000 -2.0000 -14.0000 2.0000 -10.0000 -6.0000 0.1541 0.2969 0.3861 0.2325 0.1849 1.2545 1.9909 3.4971 
22.0000 62.0000 6.0000 4.0000 1.0000 6.6000 8 -1.0000 1.0000 0.6800 -6.0000 2.0000 14.0000 -2.0000 10.0000 6.0000 0.2500 0.2500 0.2500 0.2500 0.2500 1.2500 1.9108 3.4093 
22.0000 69.0000 6.0000 4.0000 0.0000 6.6000 8 -1.0000 1.0000 0.7760 -6.0000 2.0000 10.0000 -2.0000 14.0000 6.0000 0.1505 0.3687 0.2909 0.2076 0.2362 1.2540 1.9792 3.4799 
22.0000 60.0000 6.0000 4.0000 1.0000 0.0000 2 1.0000 0.0000 1.0680 14.0000 2.0000 -2.0000 6.0000 -6.0000 10.0000 0.2500 0.2500 0.2500 0.2500 0.2500 1.2500 1.7774 3.2759 
22.0000 35.0000 6.0000 0.0000 1.0000 9.9000 8 -1.0000 1.0000 1.4280 -6.0000 2.0000 6.0000 -2.0000 10.0000 -10.0000 0.2500 0.2500 0.2500 0.2500 0.2500 1.2500 1.7912 3.2924 
22.0000 45.0000 6.0000 2.0000 1.0000 -3.3000 8 -1.0000 0.0000 2.3690 -8.0000 0.0000 8.0000 -4.0000 12.0000 4.0000 0.2500 0.2500 0.2500 0.2500 0.2500 1.2500 1.8924 3.3926 
22.0000 11.0000 6.0000 -4.0000 0.0000 0.0000 2 1.0000 0.0000 0.8330 6.0000 -6.0000 -14.0000 -2.0000 -10.0000 2.0000 0.1634 0.2612 0.2175 0.3379 0.2762 1.2561 1.9379 3.4320 
22.0000 36.0000 6.0000 0.0000 0.0000 -9.9000 2 1.0000 1.0000 0.7610 -6.0000 2.0000 6.0000 -2.0000 10.0000 -10.0000 0.1998 0.3517 0.1600 0.3709 0.1658 1.2481 1.9670 3.4742 
22.0000 38.0000 6.0000 0.0000 0.0000 -3.3000 2 1.0000 1.0000 0.8060 10.0000 -2.0000 -6.0000 2.0000 -10.0000 6.0000 0.1748 0.2524 0.2168 0.2855 0.3291 1.2586 1.9877 3.5011 
22.0000 3.0000 6.0000 -4.0000 1.0000 -3.3000 2 1.0000 1.0000 1.4860 6.0000 -6.0000 -10.0000 -2.0000 -14.0000 2.0000 0.2500 0.2500 0.2500 0.2500 0.2500 1.2500 1.9739 3.4760 
22.0000 58.0000 6.0000 4.0000 1.0000 -6.6000 2 1.0000 1.0000 2.4280 -6.0000 2.0000 14.0000 -2.0000 10.0000 6.0000 0.2500 0.2500 0.2500 0.2500 0.2500 1.2500 1.8219 3.3258 
22.0000 52.0000 6.0000 2.0000 0.0000 -3.3000 8 -1.0000 0.0000 4.1160 -8.0000 0.0000 8.0000 -4.0000 12.0000 4.0000 0.1727 0.2212 0.2524 0.3762 0.2251 1.2476 1.8230 3.3235 
22.0000 47.0000 6.0000 2.0000 1.0000 3.3000 8 -1.0000 1.0000 0.8070 12.0000 0.0000 -8.0000 4.0000 -4.0000 8.0000 0.2500 0.2500 0.2500 0.2500 0.2500 1.2500 1.8377 3.3426 
22.0000 61.0000 6.0000 4.0000 1.0000 3.3000 8 -1.0000 1.0000 1.3670 -2.0000 6.0000 10.0000 2.0000 14.0000 -6.0000 0.2500 0.2500 0.2500 0.2500 0.2500 1.2500 1.8296 3.3258 
22.0000 21.0000 6.0000 -2.0000 1.0000 9.9000 8 -1.0000 1.0000 1.5520 8.0000 0.0000 -12.0000 4.0000 -8.0000 -4.0000 0.2500 0.2500 0.2500 0.2500 0.2500 1.2500 1.8530 3.3426 
22.0000 1.0000 6.0000 -4.0000 1.0000 -9.9000 2 1.0000 1.0000 1.1010 -10.0000 2.0000 6.0000 -14.0000 -2.0000 -6.0000 0.2500 0.2500 0.2500 0.2500 0.2500 1.2500 1.8221 3.3259 
22.0000 7.0000 6.0000 -4.0000 1.0000 9.9000 8 -1.0000 1.0000 1.6680 -2.0000 -10.0000 -14.0000 6.0000 -6.0000 2.0000 0.2500 0.2500 0.2500 0.2500 0.2500 1.2500 1.9686 3.4593 
22.0000 64.0000 6.0000 4.0000 0.0000 -9.9000 2 1.0000 1.0000 1.0150 -6.0000 2.0000 10.0000 -2.0000 14.0000 6.0000 0.2316 0.3147 0.2835 0.2556 0.1576 1.2430 1.9089 3.4021 
22.0000 32.0000 6.0000 0.0000 1.0000 0.0000 2 1.0000 0.0000 2.3450 6.0000 -2.0000 -6.0000 2.0000 -10.0000 10.0000 0.2500 0.2500 0.2500 0.2500 0.2500 1.2500 1.7717 3.2758 
22.0000 27.0000 6.0000 -2.0000 0.0000 6.6000 8 -1.0000 1.0000 0.7810 -12.0000 0.0000 8.0000 -4.0000 4.0000 -8.0000 0.3439 0.1503 0.2870 0.1741 0.2955 1.2507 1.9817 3.4933 
22.0000 55.0000 6.0000 2.0000 0.0000 6.6000 8 -1.0000 1.0000 2.3110 4.0000 -4.0000 -8.0000 12.0000 0.0000 8.0000 0.2212 0.2878 0.3933 0.1514 0.1884 1.2421 1.8099 3.3014 
22.0000 39.0000 6.0000 0.0000 0.0000 0.0000 2 1.0000 0.0000 1.7820 10.0000 2.0000 -10.0000 6.0000 -6.0000 -2.0000 0.3459 0.3112 0.2257 0.1503 0.2170 1.2501 1.9231 3.4261 
22.0000 48.0000 6.0000 2.0000 1.0000 6.6000 8 -1.0000 1.0000 0.5330 -8.0000 0.0000 12.0000 -4.0000 8.0000 4.0000 0.2500 0.2500 0.2500 0.2500 0.2500 1.2500 1.8903 3.3925 
22.0000 28.0000 6.0000 -2.0000 0.0000 9.9000 8 -1.0000 1.0000 0.7050 4.0000 -4.0000 -8.0000 0.0000 -12.0000 8.0000 0.1600 0.3165 0.1531 0.3441 0.2734 1.2470 1.8536 3.3563 
22.0000 66.0000 6.0000 4.0000 0.0000 -3.3000 2 1.0000 1.0000 1.7570 -2.0000 10.0000 14.0000 -6.0000 6.0000 2.0000 0.2826 0.2052 0.3337 0.2816 0.1505 1.2536 1.8821 3.3794 
22.0000 33.0000 6.0000 0.0000 1.0000 3.3000 8 -1.0000 1.0000 1.1240 -2.0000 6.0000 10.0000 -10.0000 2.0000 -6.0000 0.2500 0.2500 0.2500 0.2500 0.2500 1.2500 1.9122 3.4093 
22.0000 56.0000 6.0000 2.0000 0.0000 9.9000 8 -1.0000 1.0000 0.5920 12.0000 0.0000 -8.0000 4.0000 -4.0000 8.0000 0.1874 0.1589 0.3921 0.1943 0.3202 1.2530 1.9882 3.4956 
22.0000 2.0000 6.0000 -4.0000 1.0000 -6.6000 2 1.0000 1.0000 0.6070 6.0000 -2.0000 -10.0000 2.0000 -14.0000 -6.0000 0.2500 0.2500 0.2500 0.2500 0.2500 1.2500 1.9215 3.4093 
22.0000 57.0000 6.0000 4.0000 1.0000 -9.9000 2 1.0000 1.0000 0.9080 14.0000 6.0000 -6.0000 10.0000 -2.0000 2.0000 0.2500 0.2500 0.2500 0.2500 0.2500 1.2500 1.7774 3.2759 
22.0000 30.0000 6.0000 0.0000 1.0000 -6.6000 2 1.0000 1.0000 0.8730 6.0000 -2.0000 -6.0000 2.0000 -10.0000 10.0000 0.2500 0.2500 0.2500 0.2500 0.2500 1.2500 1.9708 3.4591 
22.0000 9.0000 6.0000 -4.0000 0.0000 -6.6000 2 1.0000 1.0000 2.1210 -14.0000 -2.0000 6.0000 -6.0000 2.0000 -10.0000 0.2410 0.1583 0.2346 0.3951 0.2225 1.2517 1.7622 3.2776 
22.0000 37.0000 6.0000 0.0000 0.0000 -6.6000 2 1.0000 1.0000 0.8380 6.0000 -6.0000 -10.0000 10.0000 -2.0000 2.0000 0.2238 0.2628 0.2967 0.1644 0.2939 1.2416 1.9848 3.4842 
22.0000 29.0000 6.0000 0.0000 1.0000 -9.9000 2 1.0000 1.0000 1.4710 10.0000 -2.0000 -6.0000 2.0000 -10.0000 6.0000 0.2500 0.2500 0.2500 0.2500 0.2500 1.2500 1.9590 3.4593 
22.0000 49.0000 6.0000 2.0000 1.0000 9.9000 8 -1.0000 1.0000 0.8780 12.0000 4.0000 -8.0000 8.0000 -4.0000 0.0000 0.2500 0.2500 0.2500 0.2500 0.2500 1.2500 1.8221 3.3259 
22.0000 54.0000 6.0000 2.0000 0.0000 3.3000 8 -1.0000 1.0000 1.6110 -8.0000 4.0000 12.0000 0.0000 8.0000 -4.0000 0.1628 0.2869 0.3575 0.2715 0.1748 1.2534 1.8572 3.3625 
22.0000 41.0000 6.0000 0.0000 0.0000 6.6000 8 -1.0000 1.0000 0.7580 6.0000 -2.0000 -6.0000 2.0000 -10.0000 10.0000 0.2816 0.1660 0.2242 0.3775 0.2081 1.2574 1.8997 3.4000 
22.0000 23.0000 6.0000 -2.0000 0.0000 -6.6000 2 1.0000 1.0000 1.1870 -12.0000 0.0000 8.0000 -4.0000 4.0000 -8.0000 0.1853 0.2995 0.2180 0.3217 0.2314 1.2558 1.9763 3.4817 
22.0000 25.0000 6.0000 -2.0000 0.0000 0.0000 2 1.0000 0.0000 2.4730 8.0000 -4.0000 -8.0000 0.0000 -12.0000 4.0000 0.1593 0.2471 0.2917 0.2183 0.3416 1.2582 1.9040 3.4174 
22.0000 59.0000 6.0000 4.0000 1.0000 -3.3000 2 1.0000 1.0000 0.8570 14.0000 2.0000 -6.0000 6.0000 -2.0000 10.0000 0.2500 0.2500 0.2500 0.2500 0.2500 1.2500 1.9981 3.4927 
22.0000 6.0000 6.0000 -4.0000 1.0000 6.6000 8 -1.0000 1.0000 1.0980 2.0000 -6.0000 -14.0000 -2.0000 -10.0000 6.0000 0.2500 0.2500 0.2500 0.2500 0.2500 1.2500 1.9351 3.4259 
22.0000 20.0000 6.0000 -2.0000 1.0000 6.6000 8 -1.0000 1.0000 0.6420 8.0000 -4.0000 -12.0000 0.0000 -8.0000 4.0000 0.2500 0.2500 0.2500 0.2500 0.2500 1.2500 1.8126 3.3092 
22.0000 26.0000 6.0000 -2.0000 0.0000 3.3000 8 -1.0000 1.0000 1.5650 -12.0000 0.0000 4.0000 -4.0000 8.0000 -8.0000 0.2902 0.2062 0.3466 0.2317 0.1827 1.2573 1.9193 3.4331 
22.0000 70.0000 6.0000 4.0000 0.0000 9.9000 8 -1.0000 1.0000 1.1700 -6.0000 2.0000 10.0000 -2.0000 14.0000 6.0000 0.3039 0.1757 0.2189 0.2523 0.2913 1.2421 1.9499 3.4514 
22.0000 43.0000 6.0000 2.0000 1.0000 -9.9000 2 1.0000 1.0000 2.0630 -8.0000 4.0000 12.0000 0.0000 8.0000 -4.0000 0.2500 0.2500 0.2500 0.2500 0.2500 1.2500 1.9050 3.4093 
22.0000 8.0000 6.0000 -4.0000 0.0000 -9.9000 2 1.0000 1.0000 0.6530 -2.0000 -10.0000 -14.0000 6.0000 -6.0000 2.0000 0.3364 0.2796 0.2087 0.2439 0.1879 1.2565 1.8469 3.3490 
22.0000 68.0000 6.0000 4.0000 0.0000 3.3000 8 -1.0000 1.0000 1.4560 10.0000 2.0000 -6.0000 6.0000 -2.0000 14.0000 0.2029 0.3671 0.1544 0.2094 0.3194 1.2532 1.9193 3.4291 
22.0000 65.0000 6.0000 4.0000 0.0000 -6.6000 2 1.0000 1.0000 1.1200 -6.0000 6.0000 10.0000 2.0000 14.0000 -2.0000 0.1629 0.2617 0.3964 0.1859 0.2349 1.2417 1.9833 3.4675 
22.0000 63.0000 6.0000 4.0000 1.0000 9.9000 8 -1.0000 1.0000 1.0640 -6.0000 2.0000 10.0000 -2.0000 14.0000 6.0000 0.2500 0.2500 0.2500 0.2500 0.2500 1.2500 1.9249 3.4259 
22.0000 31.0000 6.0000 0.0000 1.0000 -3.3000 2 1.0000 1.0000 2.6270 10.0000 -2.0000 -6.0000 2.0000 -10.0000 6.0000 0.2500 0.2500 0.2500 0.2500 0.2500 1.2500 1.7620 3.2592 
22.0000 12.0000 6.0000 -4.0000 0.0000 3.3000 8 -1.0000 1.0000 1.3300 -10.0000 -2.0000 6.0000 -6.0000 2.0000 -14.0000 0.2359 0.1582 0.2275 0.3551 0.2748 1.2515 1.9906 3.4943 
22.0000 53.0000 6.0000 2.0000 0.0000 0.0000 2 1.0000 0.0000 0.6980 12.0000 4.0000 -8.0000 8.0000 -4.0000 0.0000 0.1763 0.3162 0.2132 0.3541 0.1835 1.2435 1.9987 3.4861 
22.0000 34.0000 6.0000 0.0000 1.0000 6.6000 8 -1.0000 1.0000 0.7330 -10.0000 -2.0000 6.0000 -6.0000 10.0000 2.0000 0.2500 0.2500 0.2500 0.2500 0.2500 1.2500 1.8980 3.3925 
22.0000 19.0000 6.0000 -2.0000 1.0000 3.3000 8 -1.0000 1.0000 0.7400 -8.0000 4.0000 8.0000 -12.0000 0.0000 -4.0000 0.2500 0.2500 0.2500 0.2500 0.2500 1.2500 1.9054 3.4092 
22.0000 18.0000 6.0000 -2.0000 1.0000 0.0000 8 -1.0000 0.0000 1.8570 -8.0000 0.0000 8.0000 -4.0000 4.0000 -12.0000 0.2500 0.2500 0.2500 0.2500 0.2500 1.2500 1.9649 3.4759 
22.0000 42.0000 6.0000 0.0000 0.0000 9.9000 8 -1.0000 1.0000 0.6950 -10.0000 -2.0000 10.0000 -6.0000 6.0000 2.0000 0.1892 0.3911 0.1673 0.2940 0.2132 1.2548 1.9830 3.4975 
22.0000 51.0000 6.0000 2.0000 0.0000 -6.6000 2 1.0000 1.0000 0.8480 0.0000 8.0000 12.0000 -8.0000 4.0000 -4.0000 0.1653 0.3120 0.2710 0.1737 0.3331 1.2551 1.7707 3.2809 
22.0000 16.0000 6.0000 -2.0000 1.0000 -6.6000 2 1.0000 1.0000 0.5750 -4.0000 4.0000 8.0000 -12.0000 0.0000 -8.0000 0.2500 0.2500 0.2500 0.2500 0.2500 1.2500 1.9832 3.4927 
22.0000 10.0000 6.0000 -4.0000 0.0000 -3.3000 2 1.0000 1.0000 1.5850 2.0000 -6.0000 -14.0000 -2.0000 -10.0000 6.0000 0.1603 0.3208 0.2402 0.2889 0.2395 1.2497 1.8346 3.3422 
22.0000 50.0000 6.0000 2.0000 0.0000 -9.9000 2 1.0000 1.0000 0.7310 8.0000 0.0000 -8.0000 4.0000 -4.0000 12.0000 0.1622 0.3574 0.1581 0.2429 0.3374 1.2580 1.7669 3.2671 
22.0000 44.0000 6.0000 2.0000 1.0000 -6.6000 2 1.0000 1.0000 1.9210 -8.0000 0.0000 12.0000 -4.0000 8.0000 4.0000 0.2500 0.2500 0.2500 0.2500 0.2500 1.2500 1.8106 3.3093 
22.0000 4.0000 6.0000 -4.0000 1.0000 0.0000 8 -1.0000 0.0000 2.5430 -10.0000 2.0000 6.0000 -14.0000 -2.0000 -6.0000 0.2500 0.2500 0.2500 0.2500 0.2500 1.2500 1.9501 3.4425 
22.0000 40.0000 6.0000 0.0000 0.0000 3.3000 8 -1.0000 1.0000 1.5110 -6.0000 6.0000 10.0000 -10.0000 2.0000 -2.0000 0.1833 0.2689 0.3526 0.1768 0.2676 1.2492 1.9411 3.4419 
