subNo index block mean periodicity testLevel pressedKey answer isCorrect rt s1 s2 s3 s4 s5 s6 t1 t2 t3 t4 t5 seqDuration startInterval trialDuration 
10.0000 28.0000 1.0000 -2.0000 0.0000 7.5000 8 -1.0000 1.0000 0.4560 -8.0000 0.0000 8.0000 -4.0000 4.0000 -12.0000 0.3131 0.2730 0.1564 0.3399 0.1605 1.2428 1.9083 3.4021 
10.0000 56.0000 1.0000 2.0000 0.0000 7.5000 8 -1.0000 1.0000 0.5140 -8.0000 4.0000 12.0000 0.0000 8.0000 -4.0000 0.3633 0.1661 0.2387 0.2854 0.2023 1.2557 1.9986 3.4982 
10.0000 50.0000 1.0000 2.0000 0.0000 -7.5000 2 1.0000 1.0000 1.6460 12.0000 4.0000 -4.0000 8.0000 -8.0000 0.0000 0.2220 0.2910 0.2112 0.3543 0.1675 1.2460 1.9762 3.4718 
10.0000 63.0000 1.0000 4.0000 1.0000 7.5000 8 -1.0000 1.0000 0.5590 6.0000 -2.0000 -6.0000 14.0000 2.0000 10.0000 0.2500 0.2500 0.2500 0.2500 0.2500 1.2500 1.9745 3.4759 
10.0000 52.0000 1.0000 2.0000 0.0000 -2.5000 2 1.0000 1.0000 2.0130 -8.0000 4.0000 8.0000 0.0000 12.0000 -4.0000 0.2667 0.1666 0.2335 0.3420 0.2461 1.2550 1.9116 3.4143 
10.0000 58.0000 1.0000 4.0000 1.0000 -5.0000 8 -1.0000 0.0000 1.7540 10.0000 -2.0000 -6.0000 14.0000 2.0000 6.0000 0.2500 0.2500 0.2500 0.2500 0.2500 1.2500 1.9034 3.4093 
10.0000 4.0000 1.0000 -4.0000 1.0000 0.0000 2 1.0000 0.0000 1.0490 -2.0000 -10.0000 -14.0000 6.0000 -6.0000 2.0000 0.2500 0.2500 0.2500 0.2500 0.2500 1.2500 1.9368 3.4426 
10.0000 44.0000 1.0000 2.0000 1.0000 -5.0000 2 1.0000 1.0000 0.6930 -4.0000 8.0000 12.0000 -8.0000 4.0000 0.0000 0.2500 0.2500 0.2500 0.2500 0.2500 1.2500 1.8867 3.3927 
10.0000 27.0000 1.0000 -2.0000 0.0000 5.0000 8 -1.0000 1.0000 0.8840 -12.0000 0.0000 4.0000 -4.0000 8.0000 -8.0000 0.1676 0.3061 0.1803 0.2614 0.3272 1.2426 1.7915 3.2851 
10.0000 16.0000 1.0000 -2.0000 1.0000 -5.0000 2 1.0000 1.0000 1.2430 4.0000 -4.0000 -8.0000 0.0000 -12.0000 8.0000 0.2500 0.2500 0.2500 0.2500 0.2500 1.2500 1.8267 3.3258 
10.0000 40.0000 1.0000 0.0000 0.0000 2.5000 8 -1.0000 1.0000 1.4370 -10.0000 -2.0000 6.0000 -6.0000 10.0000 2.0000 0.1696 0.2051 0.2910 0.3708 0.2195 1.2561 1.7752 3.2820 
10.0000 69.0000 1.0000 4.0000 0.0000 5.0000 8 -1.0000 1.0000 1.2730 14.0000 2.0000 -2.0000 6.0000 -6.0000 10.0000 0.1912 0.3577 0.1525 0.2429 0.3073 1.2515 1.8737 3.3773 
10.0000 65.0000 1.0000 4.0000 0.0000 -5.0000 8 -1.0000 0.0000 2.8090 -6.0000 2.0000 10.0000 -2.0000 14.0000 6.0000 0.2888 0.1734 0.2528 0.3168 0.2095 1.2413 1.8013 3.2839 
10.0000 5.0000 1.0000 -4.0000 1.0000 2.5000 2 1.0000 0.0000 1.8800 -14.0000 -2.0000 6.0000 -6.0000 2.0000 -10.0000 0.2500 0.2500 0.2500 0.2500 0.2500 1.2500 1.8484 3.3592 
10.0000 32.0000 1.0000 0.0000 1.0000 0.0000 8 -1.0000 0.0000 1.3900 -10.0000 2.0000 6.0000 -2.0000 10.0000 -6.0000 0.2500 0.2500 0.2500 0.2500 0.2500 1.2500 1.9667 3.4761 
10.0000 62.0000 1.0000 4.0000 1.0000 5.0000 8 -1.0000 1.0000 0.6340 10.0000 -2.0000 -6.0000 14.0000 2.0000 6.0000 0.2500 0.2500 0.2500 0.2500 0.2500 1.2500 1.7744 3.2757 
10.0000 68.0000 1.0000 4.0000 0.0000 2.5000 8 -1.0000 1.0000 2.6910 -2.0000 6.0000 10.0000 2.0000 14.0000 -6.0000 0.3433 0.1647 0.2293 0.1598 0.3508 1.2480 1.7800 3.2738 
10.0000 35.0000 1.0000 0.0000 1.0000 7.5000 8 -1.0000 1.0000 1.7780 -10.0000 -2.0000 6.0000 -6.0000 10.0000 2.0000 0.2500 0.2500 0.2500 0.2500 0.2500 1.2500 1.8143 3.3091 
10.0000 37.0000 1.0000 0.0000 0.0000 -5.0000 2 1.0000 1.0000 0.6770 10.0000 2.0000 -10.0000 6.0000 -6.0000 -2.0000 0.1543 0.3552 0.1630 0.3439 0.2291 1.2455 1.9194 3.4216 
10.0000 70.0000 1.0000 4.0000 0.0000 7.5000 8 -1.0000 1.0000 0.6540 14.0000 2.0000 -2.0000 6.0000 -6.0000 10.0000 0.2257 0.3118 0.1734 0.3607 0.1848 1.2563 1.9864 3.4990 
10.0000 1.0000 1.0000 -4.0000 1.0000 -7.5000 2 1.0000 1.0000 0.5820 -10.0000 -2.0000 6.0000 -6.0000 2.0000 -14.0000 0.2500 0.2500 0.2500 0.2500 0.2500 1.2500 1.7729 3.2760 
10.0000 47.0000 1.0000 2.0000 1.0000 2.5000 8 -1.0000 1.0000 0.4910 -4.0000 8.0000 12.0000 -8.0000 4.0000 0.0000 0.2500 0.2500 0.2500 0.2500 0.2500 1.2500 1.7568 3.2593 
10.0000 33.0000 1.0000 0.0000 1.0000 2.5000 2 1.0000 0.0000 1.0470 -6.0000 2.0000 10.0000 -2.0000 6.0000 -10.0000 0.2500 0.2500 0.2500 0.2500 0.2500 1.2500 1.8994 3.3926 
10.0000 36.0000 1.0000 0.0000 0.0000 -7.5000 2 1.0000 1.0000 0.9480 6.0000 -2.0000 -10.0000 2.0000 -6.0000 10.0000 0.2375 0.2755 0.2440 0.3018 0.1854 1.2441 1.9000 3.3866 
10.0000 64.0000 1.0000 4.0000 0.0000 -7.5000 2 1.0000 1.0000 0.7990 10.0000 -2.0000 -6.0000 14.0000 2.0000 6.0000 0.1691 0.2226 0.3040 0.1809 0.3653 1.2419 1.8623 3.3510 
10.0000 29.0000 1.0000 0.0000 1.0000 -7.5000 2 1.0000 1.0000 0.5900 -6.0000 2.0000 10.0000 -2.0000 6.0000 -10.0000 0.2500 0.2500 0.2500 0.2500 0.2500 1.2500 1.8228 3.3258 
10.0000 45.0000 1.0000 2.0000 1.0000 -2.5000 8 -1.0000 0.0000 0.5230 8.0000 0.0000 -4.0000 4.0000 -8.0000 12.0000 0.2500 0.2500 0.2500 0.2500 0.2500 1.2500 1.7651 3.2758 
10.0000 41.0000 1.0000 0.0000 0.0000 5.0000 8 -1.0000 1.0000 0.5510 -2.0000 6.0000 10.0000 -10.0000 2.0000 -6.0000 0.2984 0.1956 0.3551 0.2208 0.1767 1.2466 1.8126 3.3224 
10.0000 57.0000 1.0000 4.0000 1.0000 -7.5000 2 1.0000 1.0000 3.4190 6.0000 -2.0000 -6.0000 14.0000 2.0000 10.0000 0.2500 0.2500 0.2500 0.2500 0.2500 1.2500 1.9579 3.4592 
10.0000 46.0000 1.0000 2.0000 1.0000 0.0000 8 -1.0000 0.0000 0.9890 -4.0000 4.0000 12.0000 0.0000 8.0000 -8.0000 0.2500 0.2500 0.2500 0.2500 0.2500 1.2500 1.9885 3.4926 
10.0000 49.0000 1.0000 2.0000 1.0000 7.5000 8 -1.0000 1.0000 0.4780 -4.0000 4.0000 12.0000 0.0000 8.0000 -8.0000 0.2500 0.2500 0.2500 0.2500 0.2500 1.2500 1.8521 3.3592 
10.0000 54.0000 1.0000 2.0000 0.0000 2.5000 8 -1.0000 1.0000 0.6240 -4.0000 4.0000 12.0000 0.0000 8.0000 -8.0000 0.2980 0.2505 0.2761 0.2242 0.1925 1.2413 1.8595 3.3507 
10.0000 53.0000 1.0000 2.0000 0.0000 0.0000 2 1.0000 0.0000 2.9480 8.0000 0.0000 -4.0000 4.0000 -8.0000 12.0000 0.2890 0.2483 0.2800 0.1541 0.2737 1.2452 1.9846 3.4712 
10.0000 21.0000 1.0000 -2.0000 1.0000 7.5000 8 -1.0000 1.0000 0.4870 -12.0000 0.0000 8.0000 -4.0000 4.0000 -8.0000 0.2500 0.2500 0.2500 0.2500 0.2500 1.2500 1.8191 3.3091 
10.0000 51.0000 1.0000 2.0000 0.0000 -5.0000 2 1.0000 1.0000 1.0140 -8.0000 4.0000 8.0000 0.0000 12.0000 -4.0000 0.3216 0.2424 0.3073 0.1749 0.2048 1.2511 1.7905 3.2936 
10.0000 9.0000 1.0000 -4.0000 0.0000 -5.0000 2 1.0000 1.0000 1.1600 -10.0000 2.0000 6.0000 -14.0000 -2.0000 -6.0000 0.3624 0.2395 0.1853 0.2594 0.1982 1.2448 1.8679 3.3539 
10.0000 48.0000 1.0000 2.0000 1.0000 5.0000 8 -1.0000 1.0000 0.7120 8.0000 0.0000 -4.0000 4.0000 -8.0000 12.0000 0.2500 0.2500 0.2500 0.2500 0.2500 1.2500 1.8111 3.3259 
10.0000 24.0000 1.0000 -2.0000 0.0000 -2.5000 8 -1.0000 0.0000 1.2800 -8.0000 0.0000 4.0000 -4.0000 8.0000 -12.0000 0.2733 0.1534 0.2322 0.3144 0.2763 1.2496 1.9583 3.4587 
10.0000 30.0000 1.0000 0.0000 1.0000 -5.0000 2 1.0000 1.0000 0.8380 6.0000 -2.0000 -6.0000 2.0000 -10.0000 10.0000 0.2500 0.2500 0.2500 0.2500 0.2500 1.2500 1.7850 3.2925 
10.0000 11.0000 1.0000 -4.0000 0.0000 0.0000 2 1.0000 0.0000 3.2100 -14.0000 -2.0000 2.0000 -6.0000 6.0000 -10.0000 0.1882 0.1523 0.3527 0.3836 0.1714 1.2481 1.9121 3.4073 
10.0000 20.0000 1.0000 -2.0000 1.0000 5.0000 8 -1.0000 1.0000 0.7380 -12.0000 -4.0000 4.0000 -8.0000 8.0000 0.0000 0.2500 0.2500 0.2500 0.2500 0.2500 1.2500 1.9997 3.5094 
10.0000 67.0000 1.0000 4.0000 0.0000 0.0000 8 -1.0000 0.0000 0.7210 -2.0000 10.0000 14.0000 -6.0000 6.0000 2.0000 0.2149 0.3624 0.1815 0.3439 0.1564 1.2592 1.9046 3.4184 
10.0000 13.0000 1.0000 -4.0000 0.0000 5.0000 8 -1.0000 1.0000 3.6810 -14.0000 -2.0000 2.0000 -6.0000 6.0000 -10.0000 0.1781 0.3645 0.3102 0.1756 0.2247 1.2531 1.9414 3.4457 
10.0000 61.0000 1.0000 4.0000 1.0000 2.5000 8 -1.0000 1.0000 0.7460 -6.0000 2.0000 10.0000 -2.0000 14.0000 6.0000 0.2500 0.2500 0.2500 0.2500 0.2500 1.2500 1.8605 3.3593 
10.0000 18.0000 1.0000 -2.0000 1.0000 0.0000 2 1.0000 0.0000 0.6540 8.0000 0.0000 -12.0000 4.0000 -8.0000 -4.0000 0.2500 0.2500 0.2500 0.2500 0.2500 1.2500 1.7928 3.2925 
10.0000 23.0000 1.0000 -2.0000 0.0000 -5.0000 2 1.0000 1.0000 1.3200 8.0000 0.0000 -8.0000 4.0000 -12.0000 -4.0000 0.2416 0.1998 0.3234 0.2253 0.2524 1.2425 1.8027 3.2851 
10.0000 19.0000 1.0000 -2.0000 1.0000 2.5000 8 -1.0000 1.0000 1.1470 -8.0000 0.0000 4.0000 -4.0000 8.0000 -12.0000 0.2500 0.2500 0.2500 0.2500 0.2500 1.2500 1.8906 3.3758 
10.0000 7.0000 1.0000 -4.0000 1.0000 7.5000 8 -1.0000 1.0000 3.1170 6.0000 -2.0000 -14.0000 2.0000 -10.0000 -6.0000 0.2500 0.2500 0.2500 0.2500 0.2500 1.2500 1.7986 3.3092 
10.0000 42.0000 1.0000 0.0000 0.0000 7.5000 8 -1.0000 1.0000 0.8870 -6.0000 6.0000 10.0000 -10.0000 2.0000 -2.0000 0.1514 0.2314 0.3123 0.3810 0.1766 1.2527 1.8390 3.3453 
10.0000 10.0000 1.0000 -4.0000 0.0000 -2.5000 2 1.0000 1.0000 1.8270 -2.0000 -10.0000 -14.0000 6.0000 -6.0000 2.0000 0.2336 0.3046 0.2287 0.2970 0.1940 1.2578 1.8766 3.3836 
10.0000 8.0000 1.0000 -4.0000 0.0000 -7.5000 2 1.0000 1.0000 0.8120 -6.0000 2.0000 6.0000 -14.0000 -2.0000 -10.0000 0.2180 0.3125 0.3653 0.1542 0.1955 1.2455 1.9604 3.4547 
10.0000 2.0000 1.0000 -4.0000 1.0000 -5.0000 2 1.0000 1.0000 1.0020 2.0000 -6.0000 -10.0000 -2.0000 -14.0000 6.0000 0.2500 0.2500 0.2500 0.2500 0.2500 1.2500 1.9182 3.4258 
10.0000 43.0000 1.0000 2.0000 1.0000 -7.5000 2 1.0000 1.0000 1.0860 8.0000 0.0000 -8.0000 4.0000 -4.0000 12.0000 0.2500 0.2500 0.2500 0.2500 0.2500 1.2500 1.9194 3.4259 
10.0000 34.0000 1.0000 0.0000 1.0000 5.0000 8 -1.0000 1.0000 0.5110 -10.0000 -2.0000 6.0000 -6.0000 10.0000 2.0000 0.2500 0.2500 0.2500 0.2500 0.2500 1.2500 1.9329 3.4258 
10.0000 3.0000 1.0000 -4.0000 1.0000 -2.5000 2 1.0000 1.0000 0.8890 2.0000 -10.0000 -14.0000 6.0000 -6.0000 -2.0000 0.2500 0.2500 0.2500 0.2500 0.2500 1.2500 1.8947 3.3925 
10.0000 25.0000 1.0000 -2.0000 0.0000 0.0000 8 -1.0000 0.0000 0.5920 -12.0000 -4.0000 4.0000 -8.0000 8.0000 0.0000 0.1761 0.3603 0.1968 0.3474 0.1629 1.2434 1.8387 3.3360 
10.0000 60.0000 1.0000 4.0000 1.0000 0.0000 8 -1.0000 0.0000 0.6780 14.0000 6.0000 -2.0000 10.0000 -6.0000 2.0000 0.2500 0.2500 0.2500 0.2500 0.2500 1.2500 1.8720 3.3757 
10.0000 14.0000 1.0000 -4.0000 0.0000 7.5000 8 -1.0000 1.0000 0.7470 -10.0000 -2.0000 2.0000 -6.0000 6.0000 -14.0000 0.1956 0.2535 0.3257 0.2623 0.2118 1.2489 1.8923 3.3914 
10.0000 22.0000 1.0000 -2.0000 0.0000 -7.5000 2 1.0000 1.0000 0.4870 -4.0000 4.0000 8.0000 -12.0000 0.0000 -8.0000 0.3306 0.1747 0.3261 0.1731 0.2542 1.2587 1.9819 3.4847 
10.0000 55.0000 1.0000 2.0000 0.0000 5.0000 8 -1.0000 1.0000 0.7410 -4.0000 4.0000 12.0000 0.0000 8.0000 -8.0000 0.2471 0.3944 0.1863 0.2699 0.1579 1.2558 1.8206 3.3316 
10.0000 38.0000 1.0000 0.0000 0.0000 -2.5000 2 1.0000 1.0000 0.6490 -10.0000 2.0000 10.0000 -2.0000 6.0000 -6.0000 0.2529 0.3250 0.1833 0.2299 0.2617 1.2528 1.9744 3.4786 
10.0000 39.0000 1.0000 0.0000 0.0000 0.0000 8 -1.0000 0.0000 0.7230 6.0000 -6.0000 -10.0000 10.0000 -2.0000 2.0000 0.2719 0.1902 0.3696 0.2502 0.1611 1.2431 1.9504 3.4523 
10.0000 17.0000 1.0000 -2.0000 1.0000 -2.5000 2 1.0000 1.0000 0.6340 8.0000 0.0000 -12.0000 4.0000 -8.0000 -4.0000 0.2500 0.2500 0.2500 0.2500 0.2500 1.2500 1.7589 3.2592 
10.0000 12.0000 1.0000 -4.0000 0.0000 2.5000 2 1.0000 0.0000 2.8890 6.0000 -2.0000 -14.0000 2.0000 -10.0000 -6.0000 0.2238 0.1611 0.2805 0.3773 0.1992 1.2419 1.8585 3.3511 
10.0000 15.0000 1.0000 -2.0000 1.0000 -7.5000 2 1.0000 1.0000 1.1210 -8.0000 0.0000 4.0000 -4.0000 8.0000 -12.0000 0.2500 0.2500 0.2500 0.2500 0.2500 1.2500 1.9337 3.4427 
10.0000 26.0000 1.0000 -2.0000 0.0000 2.5000 8 -1.0000 1.0000 0.7850 4.0000 -4.0000 -12.0000 0.0000 -8.0000 8.0000 0.2657 0.2220 0.3656 0.2329 0.1677 1.2540 1.9323 3.4300 
10.0000 66.0000 1.0000 4.0000 0.0000 -2.5000 8 -1.0000 0.0000 0.6060 -6.0000 6.0000 14.0000 2.0000 10.0000 -2.0000 0.2522 0.2882 0.1802 0.3653 0.1652 1.2512 1.7901 3.2938 
10.0000 59.0000 1.0000 4.0000 1.0000 -2.5000 8 -1.0000 0.0000 0.8410 2.0000 10.0000 14.0000 -6.0000 6.0000 -2.0000 0.2500 0.2500 0.2500 0.2500 0.2500 1.2500 1.9451 3.4427 
10.0000 6.0000 1.0000 -4.0000 1.0000 5.0000 8 -1.0000 1.0000 2.4300 2.0000 -10.0000 -14.0000 6.0000 -6.0000 -2.0000 0.2500 0.2500 0.2500 0.2500 0.2500 1.2500 1.8958 3.3925 
10.0000 31.0000 1.0000 0.0000 1.0000 -2.5000 2 1.0000 1.0000 0.6690 -10.0000 2.0000 6.0000 -2.0000 10.0000 -6.0000 0.2500 0.2500 0.2500 0.2500 0.2500 1.2500 1.8946 3.3925 
10.0000 48.0000 2.0000 2.0000 1.0000 5.0000 2 1.0000 0.0000 1.0090 -4.0000 4.0000 8.0000 0.0000 12.0000 -8.0000 0.2500 0.2500 0.2500 0.2500 0.2500 1.2500 1.8736 3.3592 
10.0000 1.0000 2.0000 -4.0000 1.0000 -7.5000 2 1.0000 1.0000 0.5190 6.0000 -6.0000 -14.0000 -2.0000 -10.0000 2.0000 0.2500 0.2500 0.2500 0.2500 0.2500 1.2500 1.9088 3.4092 
10.0000 44.0000 2.0000 2.0000 1.0000 -5.0000 2 1.0000 1.0000 2.9000 -8.0000 0.0000 12.0000 -4.0000 8.0000 4.0000 0.2500 0.2500 0.2500 0.2500 0.2500 1.2500 1.7617 3.2759 
10.0000 36.0000 2.0000 0.0000 0.0000 -7.5000 2 1.0000 1.0000 0.8410 -10.0000 2.0000 10.0000 -2.0000 6.0000 -6.0000 0.1641 0.3767 0.2060 0.3481 0.1571 1.2520 1.7941 3.2945 
10.0000 53.0000 2.0000 2.0000 0.0000 0.0000 2 1.0000 0.0000 4.8260 -8.0000 0.0000 8.0000 -4.0000 12.0000 4.0000 0.3476 0.1685 0.2297 0.1758 0.3197 1.2413 1.7902 3.2838 
10.0000 52.0000 2.0000 2.0000 0.0000 -2.5000 2 1.0000 1.0000 3.0420 12.0000 0.0000 -8.0000 4.0000 -4.0000 8.0000 0.1934 0.3356 0.1689 0.3680 0.1926 1.2586 1.9354 3.4511 
10.0000 8.0000 2.0000 -4.0000 0.0000 -7.5000 2 1.0000 1.0000 0.6800 -10.0000 -2.0000 6.0000 -6.0000 2.0000 -14.0000 0.1504 0.3426 0.3020 0.1760 0.2702 1.2413 1.8566 3.3504 
10.0000 51.0000 2.0000 2.0000 0.0000 -5.0000 2 1.0000 1.0000 1.6380 12.0000 0.0000 -4.0000 4.0000 -8.0000 8.0000 0.2596 0.3568 0.1928 0.2556 0.1888 1.2536 1.8522 3.3461 
10.0000 41.0000 2.0000 0.0000 0.0000 5.0000 8 -1.0000 1.0000 0.5080 -10.0000 -2.0000 10.0000 -6.0000 6.0000 2.0000 0.3447 0.2600 0.1608 0.2872 0.1946 1.2473 1.8222 3.3230 
10.0000 4.0000 2.0000 -4.0000 1.0000 0.0000 2 1.0000 0.0000 3.1560 -10.0000 2.0000 6.0000 -14.0000 -2.0000 -6.0000 0.2500 0.2500 0.2500 0.2500 0.2500 1.2500 1.9795 3.4759 
10.0000 67.0000 2.0000 4.0000 0.0000 0.0000 8 -1.0000 0.0000 0.7920 -2.0000 6.0000 14.0000 2.0000 10.0000 -6.0000 0.2458 0.2203 0.1562 0.2815 0.3512 1.2551 1.8174 3.3144 
10.0000 33.0000 2.0000 0.0000 1.0000 2.5000 8 -1.0000 1.0000 0.6960 -6.0000 6.0000 10.0000 -10.0000 2.0000 -2.0000 0.2500 0.2500 0.2500 0.2500 0.2500 1.2500 1.9973 3.5093 
10.0000 32.0000 2.0000 0.0000 1.0000 0.0000 8 -1.0000 0.0000 3.4270 10.0000 2.0000 -6.0000 6.0000 -10.0000 -2.0000 0.2500 0.2500 0.2500 0.2500 0.2500 1.2500 1.8858 3.3925 
10.0000 10.0000 2.0000 -4.0000 0.0000 -2.5000 2 1.0000 1.0000 2.1100 2.0000 -10.0000 -14.0000 6.0000 -6.0000 -2.0000 0.2659 0.2974 0.2723 0.1530 0.2651 1.2537 1.8948 3.3962 
10.0000 19.0000 2.0000 -2.0000 1.0000 2.5000 2 1.0000 0.0000 0.8810 8.0000 -4.0000 -12.0000 0.0000 -8.0000 4.0000 0.2500 0.2500 0.2500 0.2500 0.2500 1.2500 1.8542 3.3592 
10.0000 68.0000 2.0000 4.0000 0.0000 2.5000 8 -1.0000 1.0000 0.7080 -6.0000 2.0000 10.0000 -2.0000 14.0000 6.0000 0.2751 0.1823 0.3863 0.1598 0.2410 1.2444 1.8858 3.3870 
10.0000 34.0000 2.0000 0.0000 1.0000 5.0000 8 -1.0000 1.0000 0.5800 -6.0000 2.0000 10.0000 -2.0000 6.0000 -10.0000 0.2500 0.2500 0.2500 0.2500 0.2500 1.2500 1.9414 3.4427 
10.0000 65.0000 2.0000 4.0000 0.0000 -5.0000 8 -1.0000 0.0000 0.7430 -6.0000 6.0000 14.0000 2.0000 10.0000 -2.0000 0.3488 0.1883 0.2166 0.2932 0.2112 1.2581 1.9799 3.4842 
10.0000 59.0000 2.0000 4.0000 1.0000 -2.5000 2 1.0000 1.0000 2.6580 14.0000 6.0000 -2.0000 10.0000 -6.0000 2.0000 0.2500 0.2500 0.2500 0.2500 0.2500 1.2500 1.8266 3.3259 
10.0000 13.0000 2.0000 -4.0000 0.0000 5.0000 2 1.0000 0.0000 2.1850 2.0000 -6.0000 -14.0000 -2.0000 -10.0000 6.0000 0.3271 0.1955 0.2254 0.1529 0.3447 1.2456 1.8517 3.3382 
10.0000 17.0000 2.0000 -2.0000 1.0000 -2.5000 2 1.0000 1.0000 1.1730 -12.0000 0.0000 4.0000 -4.0000 8.0000 -8.0000 0.2500 0.2500 0.2500 0.2500 0.2500 1.2500 1.9547 3.4427 
10.0000 42.0000 2.0000 0.0000 0.0000 7.5000 8 -1.0000 1.0000 0.7350 -2.0000 6.0000 10.0000 -10.0000 2.0000 -6.0000 0.2118 0.1823 0.3112 0.1667 0.3700 1.2419 1.8846 3.3680 
10.0000 27.0000 2.0000 -2.0000 0.0000 5.0000 2 1.0000 0.0000 1.7510 -12.0000 -4.0000 8.0000 -8.0000 4.0000 0.0000 0.1651 0.2614 0.3452 0.2798 0.1923 1.2437 1.8466 3.3530 
10.0000 7.0000 2.0000 -4.0000 1.0000 7.5000 8 -1.0000 1.0000 0.8360 -10.0000 2.0000 6.0000 -14.0000 -2.0000 -6.0000 0.2500 0.2500 0.2500 0.2500 0.2500 1.2500 1.7741 3.2758 
10.0000 26.0000 2.0000 -2.0000 0.0000 2.5000 2 1.0000 0.0000 1.0320 -12.0000 0.0000 8.0000 -4.0000 4.0000 -8.0000 0.1590 0.2281 0.2793 0.3148 0.2609 1.2421 1.9136 3.4180 
10.0000 9.0000 2.0000 -4.0000 0.0000 -5.0000 2 1.0000 1.0000 0.8670 -10.0000 -2.0000 2.0000 -6.0000 6.0000 -14.0000 0.2803 0.2235 0.2579 0.3268 0.1606 1.2491 1.7532 3.2583 
10.0000 39.0000 2.0000 0.0000 0.0000 0.0000 2 1.0000 0.0000 1.6250 -6.0000 2.0000 6.0000 -2.0000 10.0000 -10.0000 0.3532 0.2035 0.2663 0.1884 0.2289 1.2403 1.9888 3.4830 
10.0000 25.0000 2.0000 -2.0000 0.0000 0.0000 2 1.0000 0.0000 1.3590 -8.0000 4.0000 8.0000 -12.0000 0.0000 -4.0000 0.2004 0.3197 0.3584 0.2176 0.1608 1.2568 1.8720 3.3829 
10.0000 70.0000 2.0000 4.0000 0.0000 7.5000 8 -1.0000 1.0000 0.6750 -6.0000 2.0000 14.0000 -2.0000 10.0000 6.0000 0.2118 0.2809 0.2052 0.3111 0.2422 1.2513 1.7781 3.2771 
10.0000 5.0000 2.0000 -4.0000 1.0000 2.5000 2 1.0000 0.0000 0.7130 2.0000 -6.0000 -14.0000 -2.0000 -10.0000 6.0000 0.2500 0.2500 0.2500 0.2500 0.2500 1.2500 1.8224 3.3259 
10.0000 18.0000 2.0000 -2.0000 1.0000 0.0000 2 1.0000 0.0000 1.1210 -8.0000 0.0000 8.0000 -4.0000 4.0000 -12.0000 0.2500 0.2500 0.2500 0.2500 0.2500 1.2500 1.7742 3.2758 
10.0000 69.0000 2.0000 4.0000 0.0000 5.0000 2 1.0000 0.0000 0.7210 14.0000 6.0000 -6.0000 10.0000 -2.0000 2.0000 0.3686 0.1798 0.2792 0.2247 0.1898 1.2420 1.9411 3.4345 
10.0000 56.0000 2.0000 2.0000 0.0000 7.5000 8 -1.0000 1.0000 0.7150 12.0000 0.0000 -8.0000 4.0000 -4.0000 8.0000 0.2087 0.3750 0.1505 0.2951 0.2254 1.2547 1.8890 3.3807 
10.0000 45.0000 2.0000 2.0000 1.0000 -2.5000 2 1.0000 1.0000 0.6390 8.0000 -4.0000 -8.0000 12.0000 0.0000 4.0000 0.2500 0.2500 0.2500 0.2500 0.2500 1.2500 1.8602 3.3592 
10.0000 16.0000 2.0000 -2.0000 1.0000 -5.0000 2 1.0000 1.0000 1.2240 -4.0000 4.0000 8.0000 -12.0000 0.0000 -8.0000 0.2500 0.2500 0.2500 0.2500 0.2500 1.2500 1.8049 3.3093 
10.0000 40.0000 2.0000 0.0000 0.0000 2.5000 2 1.0000 0.0000 4.4240 -6.0000 2.0000 10.0000 -2.0000 6.0000 -10.0000 0.2454 0.2925 0.2500 0.2905 0.1625 1.2410 1.8221 3.3168 
10.0000 50.0000 2.0000 2.0000 0.0000 -7.5000 2 1.0000 1.0000 0.7430 4.0000 -4.0000 -8.0000 12.0000 0.0000 8.0000 0.2395 0.2126 0.3599 0.2430 0.1866 1.2416 1.9623 3.4508 
10.0000 60.0000 2.0000 4.0000 1.0000 0.0000 8 -1.0000 0.0000 0.4860 14.0000 2.0000 -6.0000 6.0000 -2.0000 10.0000 0.2500 0.2500 0.2500 0.2500 0.2500 1.2500 1.9468 3.4427 
10.0000 54.0000 2.0000 2.0000 0.0000 2.5000 8 -1.0000 1.0000 0.6610 -8.0000 4.0000 12.0000 0.0000 8.0000 -4.0000 0.3758 0.1536 0.1977 0.3276 0.2007 1.2554 1.9830 3.4980 
10.0000 61.0000 2.0000 4.0000 1.0000 2.5000 8 -1.0000 1.0000 0.7490 -2.0000 10.0000 14.0000 -6.0000 6.0000 2.0000 0.2500 0.2500 0.2500 0.2500 0.2500 1.2500 1.9730 3.4760 
10.0000 63.0000 2.0000 4.0000 1.0000 7.5000 8 -1.0000 1.0000 0.7280 -6.0000 6.0000 10.0000 2.0000 14.0000 -2.0000 0.2500 0.2500 0.2500 0.2500 0.2500 1.2500 1.8291 3.3258 
10.0000 29.0000 2.0000 0.0000 1.0000 -7.5000 2 1.0000 1.0000 0.4700 -10.0000 -2.0000 6.0000 -6.0000 10.0000 2.0000 0.2500 0.2500 0.2500 0.2500 0.2500 1.2500 1.8105 3.3093 
10.0000 15.0000 2.0000 -2.0000 1.0000 -7.5000 2 1.0000 1.0000 0.6530 8.0000 0.0000 -8.0000 4.0000 -12.0000 -4.0000 0.2500 0.2500 0.2500 0.2500 0.2500 1.2500 1.7888 3.2926 
10.0000 24.0000 2.0000 -2.0000 0.0000 -2.5000 2 1.0000 1.0000 0.5500 -12.0000 0.0000 4.0000 -4.0000 8.0000 -8.0000 0.2147 0.1660 0.2995 0.1899 0.3712 1.2414 1.8251 3.3172 
10.0000 14.0000 2.0000 -4.0000 0.0000 7.5000 8 -1.0000 1.0000 0.5940 6.0000 -6.0000 -14.0000 -2.0000 -10.0000 2.0000 0.2161 0.2467 0.1668 0.3207 0.2920 1.2423 1.8343 3.3181 
10.0000 57.0000 2.0000 4.0000 1.0000 -7.5000 2 1.0000 1.0000 0.6150 -2.0000 6.0000 14.0000 2.0000 10.0000 -6.0000 0.2500 0.2500 0.2500 0.2500 0.2500 1.2500 1.7504 3.2426 
10.0000 12.0000 2.0000 -4.0000 0.0000 2.5000 8 -1.0000 1.0000 0.8480 6.0000 -6.0000 -14.0000 -2.0000 -10.0000 2.0000 0.2622 0.1544 0.2491 0.3197 0.2674 1.2527 1.7828 3.2784 
10.0000 46.0000 2.0000 2.0000 1.0000 0.0000 2 1.0000 0.0000 2.1140 12.0000 0.0000 -8.0000 4.0000 -4.0000 8.0000 0.2500 0.2500 0.2500 0.2500 0.2500 1.2500 1.9677 3.4760 
10.0000 3.0000 2.0000 -4.0000 1.0000 -2.5000 2 1.0000 1.0000 0.6250 2.0000 -6.0000 -14.0000 -2.0000 -10.0000 6.0000 0.2500 0.2500 0.2500 0.2500 0.2500 1.2500 1.9179 3.4259 
10.0000 23.0000 2.0000 -2.0000 0.0000 -5.0000 2 1.0000 1.0000 0.6090 -8.0000 4.0000 8.0000 -12.0000 0.0000 -4.0000 0.2430 0.2161 0.1505 0.3950 0.2528 1.2575 1.8090 3.3166 
10.0000 62.0000 2.0000 4.0000 1.0000 5.0000 8 -1.0000 1.0000 0.7020 -6.0000 2.0000 14.0000 -2.0000 10.0000 6.0000 0.2500 0.2500 0.2500 0.2500 0.2500 1.2500 1.8845 3.3926 
10.0000 64.0000 2.0000 4.0000 0.0000 -7.5000 2 1.0000 1.0000 1.1080 -6.0000 6.0000 14.0000 2.0000 10.0000 -2.0000 0.1686 0.3672 0.2826 0.1740 0.2643 1.2568 1.7958 3.2994 
10.0000 21.0000 2.0000 -2.0000 1.0000 7.5000 8 -1.0000 1.0000 0.6330 -12.0000 0.0000 8.0000 -4.0000 4.0000 -8.0000 0.2500 0.2500 0.2500 0.2500 0.2500 1.2500 1.8634 3.3592 
10.0000 47.0000 2.0000 2.0000 1.0000 2.5000 8 -1.0000 1.0000 0.7510 12.0000 4.0000 -8.0000 8.0000 -4.0000 0.0000 0.2500 0.2500 0.2500 0.2500 0.2500 1.2500 1.8350 3.3424 
10.0000 28.0000 2.0000 -2.0000 0.0000 7.5000 8 -1.0000 1.0000 0.7150 4.0000 -8.0000 -12.0000 8.0000 -4.0000 0.0000 0.2377 0.2847 0.1627 0.3241 0.2448 1.2540 1.8442 3.3465 
10.0000 2.0000 2.0000 -4.0000 1.0000 -5.0000 2 1.0000 1.0000 0.5050 6.0000 -6.0000 -10.0000 -2.0000 -14.0000 2.0000 0.2500 0.2500 0.2500 0.2500 0.2500 1.2500 1.7880 3.2925 
10.0000 35.0000 2.0000 0.0000 1.0000 7.5000 8 -1.0000 1.0000 0.6440 6.0000 -2.0000 -6.0000 2.0000 -10.0000 10.0000 0.2500 0.2500 0.2500 0.2500 0.2500 1.2500 1.8530 3.3425 
10.0000 30.0000 2.0000 0.0000 1.0000 -5.0000 2 1.0000 1.0000 0.8040 -10.0000 -2.0000 10.0000 -6.0000 6.0000 2.0000 0.2500 0.2500 0.2500 0.2500 0.2500 1.2500 1.8165 3.3091 
10.0000 55.0000 2.0000 2.0000 0.0000 5.0000 8 -1.0000 1.0000 0.8640 12.0000 0.0000 -4.0000 4.0000 -8.0000 8.0000 0.3291 0.3693 0.1570 0.2233 0.1710 1.2497 1.7807 3.2755 
10.0000 20.0000 2.0000 -2.0000 1.0000 5.0000 8 -1.0000 1.0000 0.5960 0.0000 -8.0000 -12.0000 8.0000 -4.0000 4.0000 0.2500 0.2500 0.2500 0.2500 0.2500 1.2500 1.9071 3.4094 
10.0000 6.0000 2.0000 -4.0000 1.0000 5.0000 2 1.0000 0.0000 1.3760 6.0000 -6.0000 -10.0000 -2.0000 -14.0000 2.0000 0.2500 0.2500 0.2500 0.2500 0.2500 1.2500 1.7533 3.2592 
10.0000 22.0000 2.0000 -2.0000 0.0000 -7.5000 2 1.0000 1.0000 0.5080 8.0000 0.0000 -12.0000 4.0000 -8.0000 -4.0000 0.1804 0.2391 0.2884 0.3135 0.2294 1.2508 1.8893 3.3933 
10.0000 11.0000 2.0000 -4.0000 0.0000 0.0000 2 1.0000 0.0000 2.3040 -14.0000 -6.0000 6.0000 -10.0000 2.0000 -2.0000 0.2047 0.2322 0.3334 0.1814 0.2986 1.2502 1.8545 3.3594 
10.0000 58.0000 2.0000 4.0000 1.0000 -5.0000 2 1.0000 1.0000 1.0240 10.0000 -2.0000 -6.0000 14.0000 2.0000 6.0000 0.2500 0.2500 0.2500 0.2500 0.2500 1.2500 1.7620 3.2592 
10.0000 37.0000 2.0000 0.0000 0.0000 -5.0000 8 -1.0000 0.0000 2.1610 -6.0000 2.0000 6.0000 -2.0000 10.0000 -10.0000 0.2368 0.1947 0.3676 0.1794 0.2636 1.2420 1.8139 3.3011 
10.0000 31.0000 2.0000 0.0000 1.0000 -2.5000 2 1.0000 1.0000 0.9010 10.0000 2.0000 -6.0000 6.0000 -10.0000 -2.0000 0.2500 0.2500 0.2500 0.2500 0.2500 1.2500 1.9968 3.4925 
10.0000 38.0000 2.0000 0.0000 0.0000 -2.5000 2 1.0000 1.0000 2.3920 -6.0000 2.0000 10.0000 -2.0000 6.0000 -10.0000 0.2644 0.2953 0.1592 0.3545 0.1767 1.2501 1.8321 3.3260 
10.0000 49.0000 2.0000 2.0000 1.0000 7.5000 8 -1.0000 1.0000 0.5200 -8.0000 0.0000 8.0000 -4.0000 12.0000 4.0000 0.2500 0.2500 0.2500 0.2500 0.2500 1.2500 1.8491 3.3425 
10.0000 43.0000 2.0000 2.0000 1.0000 -7.5000 2 1.0000 1.0000 0.4910 -8.0000 0.0000 12.0000 -4.0000 8.0000 4.0000 0.2500 0.2500 0.2500 0.2500 0.2500 1.2500 1.9020 3.3925 
10.0000 66.0000 2.0000 4.0000 0.0000 -2.5000 8 -1.0000 0.0000 0.5180 10.0000 2.0000 -6.0000 6.0000 -2.0000 14.0000 0.2334 0.2636 0.3198 0.1555 0.2687 1.2410 1.9461 3.4337 
10.0000 17.0000 3.0000 -2.0000 1.0000 -2.5000 2 1.0000 1.0000 1.0710 -12.0000 -4.0000 4.0000 -8.0000 8.0000 0.0000 0.2500 0.2500 0.2500 0.2500 0.2500 1.2500 1.9175 3.4260 
10.0000 1.0000 3.0000 -4.0000 1.0000 -7.5000 2 1.0000 1.0000 0.4620 -10.0000 -2.0000 2.0000 -6.0000 6.0000 -14.0000 0.2500 0.2500 0.2500 0.2500 0.2500 1.2500 1.9947 3.4926 
10.0000 19.0000 3.0000 -2.0000 1.0000 2.5000 8 -1.0000 1.0000 0.4700 8.0000 -4.0000 -12.0000 0.0000 -8.0000 4.0000 0.2500 0.2500 0.2500 0.2500 0.2500 1.2500 1.9781 3.4761 
10.0000 26.0000 3.0000 -2.0000 0.0000 2.5000 8 -1.0000 1.0000 1.9550 0.0000 -8.0000 -12.0000 8.0000 -4.0000 4.0000 0.1583 0.3202 0.2231 0.3216 0.2286 1.2517 1.8919 3.3944 
10.0000 55.0000 3.0000 2.0000 0.0000 5.0000 8 -1.0000 1.0000 0.5220 4.0000 -4.0000 -8.0000 12.0000 0.0000 8.0000 0.2159 0.2420 0.3439 0.2710 0.1827 1.2555 1.9065 3.4147 
10.0000 69.0000 3.0000 4.0000 0.0000 5.0000 8 -1.0000 1.0000 0.4590 -2.0000 6.0000 10.0000 2.0000 14.0000 -6.0000 0.2186 0.1573 0.3620 0.3000 0.2067 1.2446 1.8913 3.3870 
10.0000 30.0000 3.0000 0.0000 1.0000 -5.0000 2 1.0000 1.0000 0.5740 -6.0000 2.0000 6.0000 -2.0000 10.0000 -10.0000 0.2500 0.2500 0.2500 0.2500 0.2500 1.2500 1.7574 3.2592 
10.0000 13.0000 3.0000 -4.0000 0.0000 5.0000 8 -1.0000 1.0000 0.5790 -10.0000 2.0000 6.0000 -14.0000 -2.0000 -6.0000 0.1881 0.2694 0.2241 0.1687 0.3917 1.2420 1.7960 3.2845 
10.0000 33.0000 3.0000 0.0000 1.0000 2.5000 8 -1.0000 1.0000 0.7830 -10.0000 2.0000 6.0000 -2.0000 10.0000 -6.0000 0.2500 0.2500 0.2500 0.2500 0.2500 1.2500 1.8078 3.3091 
10.0000 49.0000 3.0000 2.0000 1.0000 7.5000 8 -1.0000 1.0000 0.5670 0.0000 8.0000 12.0000 -8.0000 4.0000 -4.0000 0.2500 0.2500 0.2500 0.2500 0.2500 1.2500 1.8488 3.3426 
10.0000 37.0000 3.0000 0.0000 0.0000 -5.0000 2 1.0000 1.0000 0.6460 10.0000 -2.0000 -6.0000 2.0000 -10.0000 6.0000 0.2292 0.3659 0.1570 0.1976 0.3100 1.2598 1.9009 3.4023 
10.0000 2.0000 3.0000 -4.0000 1.0000 -5.0000 2 1.0000 1.0000 0.5550 -14.0000 -2.0000 2.0000 -6.0000 6.0000 -10.0000 0.2500 0.2500 0.2500 0.2500 0.2500 1.2500 1.8806 3.3926 
10.0000 64.0000 3.0000 4.0000 0.0000 -7.5000 2 1.0000 1.0000 0.6940 10.0000 2.0000 -2.0000 6.0000 -6.0000 14.0000 0.2095 0.1518 0.2294 0.3914 0.2626 1.2447 1.7981 3.3038 
10.0000 47.0000 3.0000 2.0000 1.0000 2.5000 8 -1.0000 1.0000 0.5360 12.0000 4.0000 -4.0000 8.0000 -8.0000 0.0000 0.2500 0.2500 0.2500 0.2500 0.2500 1.2500 1.9035 3.4094 
10.0000 45.0000 3.0000 2.0000 1.0000 -2.5000 2 1.0000 1.0000 0.7170 -8.0000 4.0000 12.0000 0.0000 8.0000 -4.0000 0.2500 0.2500 0.2500 0.2500 0.2500 1.2500 1.9999 3.5092 
10.0000 44.0000 3.0000 2.0000 1.0000 -5.0000 2 1.0000 1.0000 0.8200 12.0000 0.0000 -4.0000 4.0000 -8.0000 8.0000 0.2500 0.2500 0.2500 0.2500 0.2500 1.2500 1.9763 3.4760 
10.0000 62.0000 3.0000 4.0000 1.0000 5.0000 8 -1.0000 1.0000 0.5290 14.0000 2.0000 -6.0000 6.0000 -2.0000 10.0000 0.2500 0.2500 0.2500 0.2500 0.2500 1.2500 1.8744 3.3758 
10.0000 28.0000 3.0000 -2.0000 0.0000 7.5000 8 -1.0000 1.0000 0.5270 0.0000 -8.0000 -12.0000 8.0000 -4.0000 4.0000 0.2702 0.2442 0.1743 0.2133 0.3427 1.2448 1.8070 3.3040 
10.0000 25.0000 3.0000 -2.0000 0.0000 0.0000 2 1.0000 0.0000 2.1440 -12.0000 0.0000 8.0000 -4.0000 4.0000 -8.0000 0.2952 0.2408 0.2801 0.1792 0.2575 1.2528 1.9161 3.4121 
10.0000 29.0000 3.0000 0.0000 1.0000 -7.5000 2 1.0000 1.0000 0.4300 10.0000 2.0000 -6.0000 6.0000 -10.0000 -2.0000 0.2500 0.2500 0.2500 0.2500 0.2500 1.2500 1.7501 3.2425 
10.0000 56.0000 3.0000 2.0000 0.0000 7.5000 8 -1.0000 1.0000 0.3700 -8.0000 0.0000 8.0000 -4.0000 12.0000 4.0000 0.3367 0.2011 0.3357 0.2116 0.1621 1.2471 1.9125 3.4064 
10.0000 40.0000 3.0000 0.0000 0.0000 2.5000 8 -1.0000 1.0000 0.4610 10.0000 -2.0000 -6.0000 2.0000 -10.0000 6.0000 0.1930 0.2664 0.3762 0.1732 0.2325 1.2412 1.8885 3.3670 
10.0000 10.0000 3.0000 -4.0000 0.0000 -2.5000 2 1.0000 1.0000 0.5190 2.0000 -10.0000 -14.0000 6.0000 -6.0000 -2.0000 0.2446 0.2074 0.2617 0.3856 0.1586 1.2579 1.9117 3.4171 
10.0000 15.0000 3.0000 -2.0000 1.0000 -7.5000 2 1.0000 1.0000 0.5070 4.0000 -4.0000 -12.0000 0.0000 -8.0000 8.0000 0.2500 0.2500 0.2500 0.2500 0.2500 1.2500 1.8776 3.3759 
10.0000 18.0000 3.0000 -2.0000 1.0000 0.0000 2 1.0000 0.0000 0.7500 -8.0000 4.0000 8.0000 -12.0000 0.0000 -4.0000 0.2500 0.2500 0.2500 0.2500 0.2500 1.2500 1.8707 3.3758 
10.0000 32.0000 3.0000 0.0000 1.0000 0.0000 2 1.0000 0.0000 2.8520 -10.0000 -2.0000 6.0000 -6.0000 10.0000 2.0000 0.2500 0.2500 0.2500 0.2500 0.2500 1.2500 1.8767 3.3759 
10.0000 48.0000 3.0000 2.0000 1.0000 5.0000 8 -1.0000 1.0000 0.5310 -4.0000 4.0000 12.0000 0.0000 8.0000 -8.0000 0.2500 0.2500 0.2500 0.2500 0.2500 1.2500 1.8078 3.3091 
10.0000 27.0000 3.0000 -2.0000 0.0000 5.0000 2 1.0000 0.0000 1.2600 8.0000 -4.0000 -8.0000 0.0000 -12.0000 4.0000 0.2966 0.1928 0.2574 0.3278 0.1747 1.2494 1.9001 3.4085 
10.0000 43.0000 3.0000 2.0000 1.0000 -7.5000 2 1.0000 1.0000 0.4650 -4.0000 4.0000 12.0000 0.0000 8.0000 -8.0000 0.2500 0.2500 0.2500 0.2500 0.2500 1.2500 1.8538 3.3593 
10.0000 8.0000 3.0000 -4.0000 0.0000 -7.5000 2 1.0000 1.0000 0.4820 6.0000 -2.0000 -14.0000 2.0000 -10.0000 -6.0000 0.3483 0.2868 0.1839 0.2735 0.1671 1.2597 1.9306 3.4355 
10.0000 36.0000 3.0000 0.0000 0.0000 -7.5000 2 1.0000 1.0000 0.8430 -6.0000 2.0000 6.0000 -2.0000 10.0000 -10.0000 0.3703 0.2088 0.2828 0.2175 0.1633 1.2428 1.8050 3.3019 
10.0000 9.0000 3.0000 -4.0000 0.0000 -5.0000 2 1.0000 1.0000 0.5090 6.0000 -2.0000 -14.0000 2.0000 -10.0000 -6.0000 0.2938 0.1528 0.3279 0.2605 0.2196 1.2546 1.9308 3.4305 
10.0000 50.0000 3.0000 2.0000 0.0000 -7.5000 2 1.0000 1.0000 0.8560 12.0000 4.0000 -8.0000 8.0000 -4.0000 0.0000 0.2056 0.3433 0.1939 0.3274 0.1799 1.2501 1.8836 3.3759 
10.0000 58.0000 3.0000 4.0000 1.0000 -5.0000 NR 0.0000 0.0000 2.0720 10.0000 2.0000 -2.0000 6.0000 -6.0000 14.0000 0.2500 0.2500 0.2500 0.2500 0.2500 1.2500 1.8032 3.2925 
10.0000 60.0000 3.0000 4.0000 1.0000 0.0000 8 -1.0000 0.0000 0.6910 -6.0000 6.0000 10.0000 2.0000 14.0000 -2.0000 0.2500 0.2500 0.2500 0.2500 0.2500 1.2500 1.9238 3.4259 
10.0000 52.0000 3.0000 2.0000 0.0000 -2.5000 8 -1.0000 0.0000 1.1460 -4.0000 4.0000 12.0000 0.0000 8.0000 -8.0000 0.2275 0.3430 0.1896 0.2841 0.2039 1.2481 1.8188 3.3073 
10.0000 23.0000 3.0000 -2.0000 0.0000 -5.0000 2 1.0000 1.0000 0.5450 4.0000 -4.0000 -8.0000 0.0000 -12.0000 8.0000 0.2596 0.3731 0.2216 0.1747 0.2151 1.2442 1.9097 3.4201 
10.0000 38.0000 3.0000 0.0000 0.0000 -2.5000 2 1.0000 1.0000 0.6280 -10.0000 -2.0000 10.0000 -6.0000 6.0000 2.0000 0.1528 0.3137 0.2317 0.3498 0.1978 1.2457 1.8428 3.3382 
10.0000 20.0000 3.0000 -2.0000 1.0000 5.0000 8 -1.0000 1.0000 0.5900 -12.0000 0.0000 8.0000 -4.0000 4.0000 -8.0000 0.2500 0.2500 0.2500 0.2500 0.2500 1.2500 1.7717 3.2758 
10.0000 67.0000 3.0000 4.0000 0.0000 0.0000 8 -1.0000 0.0000 0.7870 2.0000 10.0000 14.0000 -6.0000 6.0000 -2.0000 0.1574 0.1867 0.3434 0.2341 0.3211 1.2426 1.9311 3.4352 
10.0000 53.0000 3.0000 2.0000 0.0000 0.0000 8 -1.0000 0.0000 1.1450 -4.0000 4.0000 8.0000 0.0000 12.0000 -8.0000 0.1601 0.3817 0.2210 0.1813 0.3087 1.2528 1.9066 3.4120 
10.0000 39.0000 3.0000 0.0000 0.0000 0.0000 8 -1.0000 0.0000 0.9720 -6.0000 2.0000 10.0000 -2.0000 6.0000 -10.0000 0.3191 0.2165 0.1744 0.3609 0.1776 1.2484 1.8493 3.3576 
10.0000 61.0000 3.0000 4.0000 1.0000 2.5000 8 -1.0000 1.0000 0.4980 -2.0000 6.0000 10.0000 2.0000 14.0000 -6.0000 0.2500 0.2500 0.2500 0.2500 0.2500 1.2500 1.9230 3.4260 
10.0000 5.0000 3.0000 -4.0000 1.0000 2.5000 2 1.0000 0.0000 0.8520 -10.0000 -2.0000 6.0000 -6.0000 2.0000 -14.0000 0.2500 0.2500 0.2500 0.2500 0.2500 1.2500 1.9290 3.4258 
10.0000 70.0000 3.0000 4.0000 0.0000 7.5000 8 -1.0000 1.0000 0.5850 14.0000 6.0000 -2.0000 10.0000 -6.0000 2.0000 0.2119 0.2816 0.1605 0.3115 0.2773 1.2427 1.8849 3.3687 
10.0000 59.0000 3.0000 4.0000 1.0000 -2.5000 8 -1.0000 0.0000 0.6100 10.0000 -2.0000 -6.0000 14.0000 2.0000 6.0000 0.2500 0.2500 0.2500 0.2500 0.2500 1.2500 1.8365 3.3258 
10.0000 11.0000 3.0000 -4.0000 0.0000 0.0000 2 1.0000 0.0000 0.7190 -10.0000 -2.0000 2.0000 -6.0000 6.0000 -14.0000 0.2487 0.1599 0.1874 0.3812 0.2686 1.2458 1.9677 3.4550 
10.0000 22.0000 3.0000 -2.0000 0.0000 -7.5000 2 1.0000 1.0000 0.6040 -8.0000 0.0000 8.0000 -4.0000 4.0000 -12.0000 0.3166 0.2193 0.1785 0.3523 0.1842 1.2509 1.9865 3.4767 
10.0000 65.0000 3.0000 4.0000 0.0000 -5.0000 8 -1.0000 0.0000 0.4890 -6.0000 2.0000 10.0000 -2.0000 14.0000 6.0000 0.1830 0.2094 0.3977 0.1877 0.2680 1.2459 1.7697 3.2550 
10.0000 6.0000 3.0000 -4.0000 1.0000 5.0000 8 -1.0000 1.0000 0.5530 -14.0000 -6.0000 6.0000 -10.0000 2.0000 -2.0000 0.2500 0.2500 0.2500 0.2500 0.2500 1.2500 1.9870 3.4927 
10.0000 12.0000 3.0000 -4.0000 0.0000 2.5000 2 1.0000 0.0000 3.2010 2.0000 -10.0000 -14.0000 6.0000 -6.0000 -2.0000 0.2656 0.2322 0.3531 0.2175 0.1893 1.2577 1.7948 3.3169 
10.0000 4.0000 3.0000 -4.0000 1.0000 0.0000 NR 0.0000 0.0000 1.5500 6.0000 -2.0000 -14.0000 2.0000 -10.0000 -6.0000 0.2500 0.2500 0.2500 0.2500 0.2500 1.2500 1.9501 3.4594 
10.0000 51.0000 3.0000 2.0000 0.0000 -5.0000 2 1.0000 1.0000 1.1130 -4.0000 4.0000 12.0000 0.0000 8.0000 -8.0000 0.2066 0.1793 0.3392 0.2452 0.2881 1.2584 1.9600 3.4676 
10.0000 35.0000 3.0000 0.0000 1.0000 7.5000 8 -1.0000 1.0000 0.4810 -10.0000 2.0000 10.0000 -2.0000 6.0000 -6.0000 0.2500 0.2500 0.2500 0.2500 0.2500 1.2500 1.9447 3.4427 
10.0000 31.0000 3.0000 0.0000 1.0000 -2.5000 8 -1.0000 0.0000 2.3180 2.0000 -6.0000 -10.0000 10.0000 -2.0000 6.0000 0.2500 0.2500 0.2500 0.2500 0.2500 1.2500 1.8246 3.3258 
10.0000 63.0000 3.0000 4.0000 1.0000 7.5000 8 -1.0000 1.0000 0.6120 -6.0000 6.0000 10.0000 2.0000 14.0000 -2.0000 0.2500 0.2500 0.2500 0.2500 0.2500 1.2500 1.9879 3.4925 
10.0000 3.0000 3.0000 -4.0000 1.0000 -2.5000 2 1.0000 1.0000 0.8420 -10.0000 -2.0000 2.0000 -6.0000 6.0000 -14.0000 0.2500 0.2500 0.2500 0.2500 0.2500 1.2500 1.9363 3.4259 
10.0000 16.0000 3.0000 -2.0000 1.0000 -5.0000 2 1.0000 1.0000 0.7390 -12.0000 -4.0000 4.0000 -8.0000 8.0000 0.0000 0.2500 0.2500 0.2500 0.2500 0.2500 1.2500 1.7964 3.2925 
10.0000 34.0000 3.0000 0.0000 1.0000 5.0000 8 -1.0000 1.0000 0.5060 6.0000 -2.0000 -6.0000 2.0000 -10.0000 10.0000 0.2500 0.2500 0.2500 0.2500 0.2500 1.2500 1.9168 3.4092 
10.0000 57.0000 3.0000 4.0000 1.0000 -7.5000 2 1.0000 1.0000 2.3220 -2.0000 6.0000 14.0000 2.0000 10.0000 -6.0000 0.2500 0.2500 0.2500 0.2500 0.2500 1.2500 1.8043 3.2925 
10.0000 24.0000 3.0000 -2.0000 0.0000 -2.5000 2 1.0000 1.0000 0.6800 -4.0000 4.0000 8.0000 -12.0000 0.0000 -8.0000 0.2705 0.1891 0.2407 0.3127 0.2458 1.2588 1.7737 3.2680 
10.0000 42.0000 3.0000 0.0000 0.0000 7.5000 8 -1.0000 1.0000 2.8690 -10.0000 -2.0000 6.0000 -6.0000 10.0000 2.0000 0.2126 0.3644 0.1838 0.2756 0.2135 1.2498 1.8180 3.3256 
10.0000 14.0000 3.0000 -4.0000 0.0000 7.5000 8 -1.0000 1.0000 0.5540 -6.0000 2.0000 6.0000 -14.0000 -2.0000 -10.0000 0.2500 0.3079 0.2043 0.3049 0.1919 1.2591 1.8213 3.3350 
10.0000 66.0000 3.0000 4.0000 0.0000 -2.5000 8 -1.0000 0.0000 0.5490 -2.0000 6.0000 10.0000 2.0000 14.0000 -6.0000 0.1749 0.2259 0.3102 0.2123 0.3253 1.2487 1.7967 3.3079 
10.0000 21.0000 3.0000 -2.0000 1.0000 7.5000 8 -1.0000 1.0000 0.4480 -12.0000 -4.0000 4.0000 -8.0000 8.0000 0.0000 0.2500 0.2500 0.2500 0.2500 0.2500 1.2500 1.7937 3.2926 
10.0000 68.0000 3.0000 4.0000 0.0000 2.5000 2 1.0000 0.0000 0.8710 10.0000 -2.0000 -6.0000 14.0000 2.0000 6.0000 0.1859 0.3111 0.1616 0.2522 0.3473 1.2581 1.8609 3.3673 
10.0000 7.0000 3.0000 -4.0000 1.0000 7.5000 8 -1.0000 1.0000 0.9100 2.0000 -6.0000 -14.0000 -2.0000 -10.0000 6.0000 0.2500 0.2500 0.2500 0.2500 0.2500 1.2500 1.9935 3.4927 
10.0000 41.0000 3.0000 0.0000 0.0000 5.0000 8 -1.0000 1.0000 3.2690 10.0000 -2.0000 -6.0000 2.0000 -10.0000 6.0000 0.3901 0.1845 0.2343 0.1772 0.2546 1.2407 1.9386 3.4333 
10.0000 46.0000 3.0000 2.0000 1.0000 0.0000 8 -1.0000 0.0000 0.6700 -8.0000 0.0000 12.0000 -4.0000 8.0000 4.0000 0.2500 0.2500 0.2500 0.2500 0.2500 1.2500 1.7665 3.2592 
10.0000 54.0000 3.0000 2.0000 0.0000 2.5000 2 1.0000 0.0000 1.4280 -8.0000 4.0000 12.0000 0.0000 8.0000 -4.0000 0.2574 0.1755 0.2832 0.1736 0.3617 1.2514 1.8268 3.3272 
10.0000 25.0000 4.0000 -2.0000 0.0000 0.0000 2 1.0000 0.0000 1.6250 8.0000 0.0000 -8.0000 4.0000 -12.0000 -4.0000 0.2491 0.2954 0.1738 0.3542 0.1874 1.2599 1.8903 3.4026 
10.0000 60.0000 4.0000 4.0000 1.0000 0.0000 8 -1.0000 0.0000 0.9830 10.0000 2.0000 -2.0000 6.0000 -6.0000 14.0000 0.2500 0.2500 0.2500 0.2500 0.2500 1.2500 1.9243 3.4092 
10.0000 18.0000 4.0000 -2.0000 1.0000 0.0000 2 1.0000 0.0000 1.3620 4.0000 -4.0000 -8.0000 0.0000 -12.0000 8.0000 0.2500 0.2500 0.2500 0.2500 0.2500 1.2500 1.8052 3.3093 
10.0000 35.0000 4.0000 0.0000 1.0000 7.5000 2 1.0000 0.0000 1.7870 10.0000 -2.0000 -6.0000 2.0000 -10.0000 6.0000 0.2500 0.2500 0.2500 0.2500 0.2500 1.2500 1.8325 3.3426 
10.0000 1.0000 4.0000 -4.0000 1.0000 -7.5000 2 1.0000 1.0000 2.5780 -14.0000 -6.0000 2.0000 -10.0000 6.0000 -2.0000 0.2500 0.2500 0.2500 0.2500 0.2500 1.2500 1.8307 3.3425 
10.0000 47.0000 4.0000 2.0000 1.0000 2.5000 8 -1.0000 1.0000 0.5290 12.0000 0.0000 -4.0000 4.0000 -8.0000 8.0000 0.2500 0.2500 0.2500 0.2500 0.2500 1.2500 1.8976 3.3927 
10.0000 68.0000 4.0000 4.0000 0.0000 2.5000 8 -1.0000 1.0000 0.5830 14.0000 6.0000 -6.0000 10.0000 -2.0000 2.0000 0.3093 0.1909 0.2808 0.1888 0.2820 1.2519 1.9823 3.4946 
10.0000 10.0000 4.0000 -4.0000 0.0000 -2.5000 2 1.0000 1.0000 1.0360 2.0000 -10.0000 -14.0000 6.0000 -6.0000 -2.0000 0.2667 0.3603 0.2390 0.1727 0.2141 1.2529 1.9284 3.4289 
10.0000 14.0000 4.0000 -4.0000 0.0000 7.5000 8 -1.0000 1.0000 0.5090 -10.0000 -2.0000 6.0000 -6.0000 2.0000 -14.0000 0.2791 0.1972 0.2978 0.1581 0.3126 1.2448 1.9844 3.4708 
10.0000 57.0000 4.0000 4.0000 1.0000 -7.5000 2 1.0000 1.0000 0.8300 -2.0000 6.0000 14.0000 2.0000 10.0000 -6.0000 0.2500 0.2500 0.2500 0.2500 0.2500 1.2500 1.9629 3.4594 
10.0000 56.0000 4.0000 2.0000 0.0000 7.5000 8 -1.0000 1.0000 0.6640 12.0000 0.0000 -8.0000 4.0000 -4.0000 8.0000 0.2985 0.1657 0.2604 0.2051 0.3269 1.2566 1.9696 3.4659 
10.0000 11.0000 4.0000 -4.0000 0.0000 0.0000 8 -1.0000 0.0000 2.4130 2.0000 -10.0000 -14.0000 6.0000 -6.0000 -2.0000 0.3402 0.2585 0.2013 0.2658 0.1857 1.2515 1.8519 3.3440 
10.0000 54.0000 4.0000 2.0000 0.0000 2.5000 8 -1.0000 1.0000 0.7290 4.0000 -4.0000 -8.0000 12.0000 0.0000 8.0000 0.3025 0.1932 0.2260 0.2907 0.2413 1.2536 1.7953 3.2961 
10.0000 22.0000 4.0000 -2.0000 0.0000 -7.5000 2 1.0000 1.0000 0.4880 -12.0000 0.0000 8.0000 -4.0000 4.0000 -8.0000 0.1709 0.3001 0.1711 0.2740 0.3405 1.2566 1.9513 3.4492 
10.0000 4.0000 4.0000 -4.0000 1.0000 0.0000 2 1.0000 0.0000 0.7880 -6.0000 2.0000 6.0000 -14.0000 -2.0000 -10.0000 0.2500 0.2500 0.2500 0.2500 0.2500 1.2500 1.8164 3.3258 
10.0000 7.0000 4.0000 -4.0000 1.0000 7.5000 8 -1.0000 1.0000 0.5570 -10.0000 -2.0000 2.0000 -6.0000 6.0000 -14.0000 0.2500 0.2500 0.2500 0.2500 0.2500 1.2500 1.8292 3.3425 
10.0000 67.0000 4.0000 4.0000 0.0000 0.0000 8 -1.0000 0.0000 0.5580 -6.0000 2.0000 14.0000 -2.0000 10.0000 6.0000 0.2827 0.1809 0.2095 0.2492 0.3222 1.2446 1.8564 3.3539 
10.0000 2.0000 4.0000 -4.0000 1.0000 -5.0000 2 1.0000 1.0000 0.5340 6.0000 -2.0000 -14.0000 2.0000 -10.0000 -6.0000 0.2500 0.2500 0.2500 0.2500 0.2500 1.2500 1.9158 3.4260 
10.0000 70.0000 4.0000 4.0000 0.0000 7.5000 8 -1.0000 1.0000 0.3550 10.0000 2.0000 -2.0000 6.0000 -6.0000 14.0000 0.2540 0.1794 0.2705 0.3611 0.1802 1.2452 1.7833 3.2877 
10.0000 21.0000 4.0000 -2.0000 1.0000 7.5000 8 -1.0000 1.0000 0.4650 4.0000 -4.0000 -8.0000 0.0000 -12.0000 8.0000 0.2500 0.2500 0.2500 0.2500 0.2500 1.2500 1.9261 3.4259 
10.0000 39.0000 4.0000 0.0000 0.0000 0.0000 2 1.0000 0.0000 4.3180 10.0000 -2.0000 -6.0000 2.0000 -10.0000 6.0000 0.1606 0.2500 0.3682 0.2104 0.2676 1.2568 1.8436 3.3494 
10.0000 62.0000 4.0000 4.0000 1.0000 5.0000 8 -1.0000 1.0000 0.4760 10.0000 -2.0000 -6.0000 14.0000 2.0000 6.0000 0.2500 0.2500 0.2500 0.2500 0.2500 1.2500 1.7722 3.2758 
10.0000 64.0000 4.0000 4.0000 0.0000 -7.5000 2 1.0000 1.0000 0.5510 10.0000 -2.0000 -6.0000 14.0000 2.0000 6.0000 0.2725 0.2366 0.1871 0.3056 0.2445 1.2463 1.9001 3.3888 
10.0000 42.0000 4.0000 0.0000 0.0000 7.5000 8 -1.0000 1.0000 0.6050 -6.0000 2.0000 10.0000 -2.0000 6.0000 -10.0000 0.2079 0.2709 0.3340 0.1975 0.2314 1.2418 1.7739 3.2677 
10.0000 8.0000 4.0000 -4.0000 0.0000 -7.5000 2 1.0000 1.0000 0.3730 -14.0000 -6.0000 2.0000 -10.0000 6.0000 -2.0000 0.1655 0.2806 0.3153 0.2038 0.2750 1.2402 1.9003 3.3829 
10.0000 12.0000 4.0000 -4.0000 0.0000 2.5000 8 -1.0000 1.0000 0.3760 6.0000 -6.0000 -14.0000 -2.0000 -10.0000 2.0000 0.2267 0.3492 0.1514 0.3107 0.2133 1.2512 1.9812 3.4771 
10.0000 38.0000 4.0000 0.0000 0.0000 -2.5000 2 1.0000 1.0000 1.4940 10.0000 2.0000 -10.0000 6.0000 -6.0000 -2.0000 0.2245 0.1660 0.2598 0.2904 0.3181 1.2588 1.9843 3.5014 
10.0000 40.0000 4.0000 0.0000 0.0000 2.5000 8 -1.0000 1.0000 2.0910 -6.0000 2.0000 6.0000 -2.0000 10.0000 -10.0000 0.1763 0.3440 0.2510 0.3187 0.1517 1.2417 1.8000 3.3010 
10.0000 20.0000 4.0000 -2.0000 1.0000 5.0000 8 -1.0000 1.0000 0.8230 -8.0000 0.0000 8.0000 -4.0000 4.0000 -12.0000 0.2500 0.2500 0.2500 0.2500 0.2500 1.2500 1.9632 3.4760 
10.0000 45.0000 4.0000 2.0000 1.0000 -2.5000 NR 0.0000 0.0000 0.0000 8.0000 -4.0000 -8.0000 12.0000 0.0000 4.0000 0.2500 0.2500 0.2500 0.2500 0.2500 1.2500 1.8687 3.3759 
10.0000 23.0000 4.0000 -2.0000 0.0000 -5.0000 2 1.0000 1.0000 0.8070 8.0000 -4.0000 -8.0000 0.0000 -12.0000 4.0000 0.2099 0.2914 0.1679 0.1934 0.3823 1.2449 1.7823 3.2707 
10.0000 46.0000 4.0000 2.0000 1.0000 0.0000 8 -1.0000 0.0000 1.0320 -4.0000 4.0000 8.0000 0.0000 12.0000 -8.0000 0.2500 0.2500 0.2500 0.2500 0.2500 1.2500 1.8298 3.3259 
10.0000 37.0000 4.0000 0.0000 0.0000 -5.0000 2 1.0000 1.0000 0.4980 10.0000 2.0000 -10.0000 6.0000 -6.0000 -2.0000 0.2654 0.1610 0.2990 0.1745 0.3447 1.2447 1.7707 3.2706 
10.0000 30.0000 4.0000 0.0000 1.0000 -5.0000 2 1.0000 1.0000 0.6510 6.0000 -2.0000 -10.0000 2.0000 -6.0000 10.0000 0.2500 0.2500 0.2500 0.2500 0.2500 1.2500 1.7789 3.2758 
10.0000 49.0000 4.0000 2.0000 1.0000 7.5000 8 -1.0000 1.0000 0.7330 12.0000 0.0000 -4.0000 4.0000 -8.0000 8.0000 0.2500 0.2500 0.2500 0.2500 0.2500 1.2500 1.9097 3.4092 
10.0000 33.0000 4.0000 0.0000 1.0000 2.5000 8 -1.0000 1.0000 0.6930 10.0000 -2.0000 -10.0000 2.0000 -6.0000 6.0000 0.2500 0.2500 0.2500 0.2500 0.2500 1.2500 1.9181 3.4092 
10.0000 17.0000 4.0000 -2.0000 1.0000 -2.5000 2 1.0000 1.0000 2.2200 -12.0000 -4.0000 8.0000 -8.0000 4.0000 0.0000 0.2500 0.2500 0.2500 0.2500 0.2500 1.2500 1.8647 3.3591 
10.0000 29.0000 4.0000 0.0000 1.0000 -7.5000 2 1.0000 1.0000 3.2310 -2.0000 6.0000 10.0000 -10.0000 2.0000 -6.0000 0.2500 0.2500 0.2500 0.2500 0.2500 1.2500 1.8903 3.3926 
10.0000 55.0000 4.0000 2.0000 0.0000 5.0000 8 -1.0000 1.0000 0.4290 -8.0000 0.0000 12.0000 -4.0000 8.0000 4.0000 0.3536 0.1930 0.3054 0.1731 0.2333 1.2585 1.7966 3.3177 
10.0000 24.0000 4.0000 -2.0000 0.0000 -2.5000 2 1.0000 1.0000 0.8600 -8.0000 0.0000 8.0000 -4.0000 4.0000 -12.0000 0.2931 0.1883 0.3313 0.2828 0.1599 1.2554 1.8482 3.3646 
10.0000 52.0000 4.0000 2.0000 0.0000 -2.5000 2 1.0000 1.0000 1.6120 -8.0000 4.0000 12.0000 0.0000 8.0000 -4.0000 0.1883 0.3777 0.1631 0.3082 0.2048 1.2420 1.9765 3.4680 
10.0000 32.0000 4.0000 0.0000 1.0000 0.0000 2 1.0000 0.0000 2.1360 -10.0000 2.0000 6.0000 -2.0000 10.0000 -6.0000 0.2500 0.2500 0.2500 0.2500 0.2500 1.2500 1.9125 3.4092 
10.0000 50.0000 4.0000 2.0000 0.0000 -7.5000 2 1.0000 1.0000 0.6820 8.0000 0.0000 -8.0000 4.0000 -4.0000 12.0000 0.1740 0.3758 0.1967 0.2882 0.2145 1.2492 1.8531 3.3584 
10.0000 53.0000 4.0000 2.0000 0.0000 0.0000 8 -1.0000 0.0000 0.7300 12.0000 0.0000 -4.0000 4.0000 -8.0000 8.0000 0.1668 0.2132 0.3080 0.2079 0.3602 1.2560 1.9723 3.4819 
10.0000 26.0000 4.0000 -2.0000 0.0000 2.5000 2 1.0000 0.0000 2.2110 -12.0000 -4.0000 4.0000 -8.0000 8.0000 0.0000 0.3524 0.1543 0.2267 0.3136 0.1993 1.2463 1.7583 3.2555 
10.0000 59.0000 4.0000 4.0000 1.0000 -2.5000 8 -1.0000 0.0000 0.6550 6.0000 -2.0000 -6.0000 14.0000 2.0000 10.0000 0.2500 0.2500 0.2500 0.2500 0.2500 1.2500 1.8760 3.3760 
10.0000 3.0000 4.0000 -4.0000 1.0000 -2.5000 2 1.0000 1.0000 0.6420 2.0000 -6.0000 -10.0000 -2.0000 -14.0000 6.0000 0.2500 0.2500 0.2500 0.2500 0.2500 1.2500 1.9878 3.4761 
10.0000 61.0000 4.0000 4.0000 1.0000 2.5000 8 -1.0000 1.0000 0.4460 -6.0000 6.0000 10.0000 2.0000 14.0000 -2.0000 0.2500 0.2500 0.2500 0.2500 0.2500 1.2500 1.9131 3.4092 
10.0000 31.0000 4.0000 0.0000 1.0000 -2.5000 2 1.0000 1.0000 0.7420 -10.0000 2.0000 10.0000 -2.0000 6.0000 -6.0000 0.2500 0.2500 0.2500 0.2500 0.2500 1.2500 1.8407 3.3257 
10.0000 48.0000 4.0000 2.0000 1.0000 5.0000 8 -1.0000 1.0000 0.7540 -4.0000 4.0000 8.0000 0.0000 12.0000 -8.0000 0.2500 0.2500 0.2500 0.2500 0.2500 1.2500 1.8090 3.3091 
10.0000 63.0000 4.0000 4.0000 1.0000 7.5000 8 -1.0000 1.0000 0.9230 10.0000 2.0000 -2.0000 6.0000 -6.0000 14.0000 0.2500 0.2500 0.2500 0.2500 0.2500 1.2500 1.9960 3.5092 
10.0000 13.0000 4.0000 -4.0000 0.0000 5.0000 2 1.0000 0.0000 2.9680 -10.0000 2.0000 6.0000 -14.0000 -2.0000 -6.0000 0.2938 0.2302 0.1966 0.2493 0.2829 1.2528 1.9475 3.4620 
10.0000 51.0000 4.0000 2.0000 0.0000 -5.0000 8 -1.0000 0.0000 1.0880 -8.0000 4.0000 8.0000 0.0000 12.0000 -4.0000 0.1788 0.3055 0.3724 0.1669 0.2262 1.2498 1.9036 3.4090 
10.0000 16.0000 4.0000 -2.0000 1.0000 -5.0000 2 1.0000 1.0000 0.4980 8.0000 -4.0000 -8.0000 0.0000 -12.0000 4.0000 0.2500 0.2500 0.2500 0.2500 0.2500 1.2500 1.9060 3.4091 
10.0000 9.0000 4.0000 -4.0000 0.0000 -5.0000 2 1.0000 1.0000 0.5920 2.0000 -6.0000 -10.0000 -2.0000 -14.0000 6.0000 0.1852 0.3778 0.2033 0.2933 0.1982 1.2578 1.7947 3.3003 
10.0000 28.0000 4.0000 -2.0000 0.0000 7.5000 8 -1.0000 1.0000 0.6960 8.0000 -4.0000 -12.0000 0.0000 -8.0000 4.0000 0.2110 0.3691 0.2066 0.2789 0.1785 1.2442 1.8636 3.3534 
10.0000 58.0000 4.0000 4.0000 1.0000 -5.0000 8 -1.0000 0.0000 2.4040 -2.0000 6.0000 10.0000 2.0000 14.0000 -6.0000 0.2500 0.2500 0.2500 0.2500 0.2500 1.2500 1.8461 3.3425 
10.0000 44.0000 4.0000 2.0000 1.0000 -5.0000 2 1.0000 1.0000 1.8020 12.0000 4.0000 -4.0000 8.0000 -8.0000 0.0000 0.2500 0.2500 0.2500 0.2500 0.2500 1.2500 1.9146 3.4092 
10.0000 5.0000 4.0000 -4.0000 1.0000 2.5000 2 1.0000 0.0000 2.1620 -14.0000 -6.0000 6.0000 -10.0000 2.0000 -2.0000 0.2500 0.2500 0.2500 0.2500 0.2500 1.2500 1.8516 3.3425 
10.0000 43.0000 4.0000 2.0000 1.0000 -7.5000 8 -1.0000 0.0000 1.5900 -8.0000 0.0000 8.0000 -4.0000 12.0000 4.0000 0.2500 0.2500 0.2500 0.2500 0.2500 1.2500 1.7909 3.2758 
10.0000 34.0000 4.0000 0.0000 1.0000 5.0000 8 -1.0000 1.0000 1.2550 -10.0000 -2.0000 10.0000 -6.0000 6.0000 2.0000 0.2500 0.2500 0.2500 0.2500 0.2500 1.2500 1.8376 3.3426 
10.0000 41.0000 4.0000 0.0000 0.0000 5.0000 8 -1.0000 1.0000 0.5760 -10.0000 2.0000 10.0000 -2.0000 6.0000 -6.0000 0.2106 0.2853 0.3140 0.2363 0.2103 1.2564 1.8917 3.3988 
10.0000 69.0000 4.0000 4.0000 0.0000 5.0000 8 -1.0000 1.0000 0.5320 10.0000 -2.0000 -6.0000 14.0000 2.0000 6.0000 0.1612 0.3469 0.1653 0.3539 0.2159 1.2432 1.7613 3.2525 
10.0000 36.0000 4.0000 0.0000 0.0000 -7.5000 2 1.0000 1.0000 0.4610 -10.0000 -2.0000 6.0000 -6.0000 10.0000 2.0000 0.1503 0.3361 0.1580 0.3244 0.2839 1.2527 1.9429 3.4454 
10.0000 19.0000 4.0000 -2.0000 1.0000 2.5000 2 1.0000 0.0000 0.9650 8.0000 0.0000 -12.0000 4.0000 -8.0000 -4.0000 0.2500 0.2500 0.2500 0.2500 0.2500 1.2500 1.7864 3.2926 
10.0000 27.0000 4.0000 -2.0000 0.0000 5.0000 2 1.0000 0.0000 2.5480 -8.0000 0.0000 4.0000 -4.0000 8.0000 -12.0000 0.1773 0.3426 0.1853 0.2172 0.3306 1.2531 1.8832 3.3957 
10.0000 6.0000 4.0000 -4.0000 1.0000 5.0000 2 1.0000 0.0000 0.8300 6.0000 -6.0000 -14.0000 -2.0000 -10.0000 2.0000 0.2500 0.2500 0.2500 0.2500 0.2500 1.2500 1.8721 3.3758 
10.0000 66.0000 4.0000 4.0000 0.0000 -2.5000 2 1.0000 1.0000 1.1100 -6.0000 6.0000 14.0000 2.0000 10.0000 -2.0000 0.2949 0.2591 0.1783 0.3264 0.1961 1.2548 1.7835 3.2807 
10.0000 15.0000 4.0000 -2.0000 1.0000 -7.5000 2 1.0000 1.0000 0.5160 8.0000 -4.0000 -12.0000 0.0000 -8.0000 4.0000 0.2500 0.2500 0.2500 0.2500 0.2500 1.2500 1.8686 3.3592 
10.0000 65.0000 4.0000 4.0000 0.0000 -5.0000 2 1.0000 1.0000 1.1030 10.0000 2.0000 -6.0000 6.0000 -2.0000 14.0000 0.1968 0.3339 0.2428 0.1727 0.3072 1.2534 1.8208 3.3127 
10.0000 20.0000 5.0000 -2.0000 1.0000 5.0000 8 -1.0000 1.0000 0.4400 8.0000 0.0000 -12.0000 4.0000 -8.0000 -4.0000 0.2500 0.2500 0.2500 0.2500 0.2500 1.2500 1.8710 3.3759 
10.0000 56.0000 5.0000 2.0000 0.0000 7.5000 8 -1.0000 1.0000 0.3970 12.0000 0.0000 -8.0000 4.0000 -4.0000 8.0000 0.3148 0.2157 0.2810 0.1893 0.2522 1.2530 1.8528 3.3622 
10.0000 27.0000 5.0000 -2.0000 0.0000 5.0000 8 -1.0000 1.0000 1.1090 -8.0000 0.0000 4.0000 -4.0000 8.0000 -12.0000 0.1634 0.2459 0.3388 0.2188 0.2915 1.2584 1.8736 3.3842 
10.0000 9.0000 5.0000 -4.0000 0.0000 -5.0000 2 1.0000 1.0000 0.4490 -2.0000 -10.0000 -14.0000 6.0000 -6.0000 2.0000 0.2287 0.1956 0.3984 0.2320 0.1988 1.2534 1.7704 3.2793 
10.0000 13.0000 5.0000 -4.0000 0.0000 5.0000 2 1.0000 0.0000 1.2960 -14.0000 -2.0000 2.0000 -6.0000 6.0000 -10.0000 0.3325 0.1553 0.2522 0.3019 0.2156 1.2576 1.8345 3.3502 
10.0000 49.0000 5.0000 2.0000 1.0000 7.5000 8 -1.0000 1.0000 0.6770 8.0000 -4.0000 -8.0000 12.0000 0.0000 4.0000 0.2500 0.2500 0.2500 0.2500 0.2500 1.2500 1.8318 3.3259 
10.0000 40.0000 5.0000 0.0000 0.0000 2.5000 2 1.0000 0.0000 0.6150 2.0000 -6.0000 -10.0000 10.0000 -2.0000 6.0000 0.3328 0.1970 0.2861 0.1836 0.2560 1.2554 1.8924 3.3980 
10.0000 30.0000 5.0000 0.0000 1.0000 -5.0000 2 1.0000 1.0000 0.4770 -6.0000 2.0000 10.0000 -2.0000 6.0000 -10.0000 0.2500 0.2500 0.2500 0.2500 0.2500 1.2500 1.9019 3.3926 
10.0000 8.0000 5.0000 -4.0000 0.0000 -7.5000 2 1.0000 1.0000 0.4910 6.0000 -2.0000 -14.0000 2.0000 -10.0000 -6.0000 0.1551 0.2870 0.2244 0.3185 0.2630 1.2480 1.8379 3.3404 
10.0000 42.0000 5.0000 0.0000 0.0000 7.5000 8 -1.0000 1.0000 0.4750 10.0000 -2.0000 -6.0000 2.0000 -10.0000 6.0000 0.2975 0.1916 0.2574 0.3326 0.1657 1.2449 1.9840 3.4708 
10.0000 70.0000 5.0000 4.0000 0.0000 7.5000 8 -1.0000 1.0000 0.5090 14.0000 2.0000 -2.0000 6.0000 -6.0000 10.0000 0.1706 0.2411 0.3163 0.1556 0.3591 1.2427 1.9620 3.4521 
10.0000 29.0000 5.0000 0.0000 1.0000 -7.5000 2 1.0000 1.0000 0.4870 6.0000 -2.0000 -6.0000 2.0000 -10.0000 10.0000 0.2500 0.2500 0.2500 0.2500 0.2500 1.2500 1.9095 3.4093 
10.0000 33.0000 5.0000 0.0000 1.0000 2.5000 8 -1.0000 1.0000 0.4550 -2.0000 6.0000 10.0000 -10.0000 2.0000 -6.0000 0.2500 0.2500 0.2500 0.2500 0.2500 1.2500 1.7669 3.2593 
10.0000 17.0000 5.0000 -2.0000 1.0000 -2.5000 2 1.0000 1.0000 0.5100 -12.0000 0.0000 4.0000 -4.0000 8.0000 -8.0000 0.2500 0.2500 0.2500 0.2500 0.2500 1.2500 1.8363 3.3425 
10.0000 3.0000 5.0000 -4.0000 1.0000 -2.5000 2 1.0000 1.0000 0.4480 -14.0000 -6.0000 2.0000 -10.0000 6.0000 -2.0000 0.2500 0.2500 0.2500 0.2500 0.2500 1.2500 1.8458 3.3591 
10.0000 10.0000 5.0000 -4.0000 0.0000 -2.5000 2 1.0000 1.0000 0.5300 2.0000 -10.0000 -14.0000 6.0000 -6.0000 -2.0000 0.3361 0.2476 0.1545 0.3472 0.1547 1.2402 1.9737 3.4660 
10.0000 52.0000 5.0000 2.0000 0.0000 -2.5000 2 1.0000 1.0000 0.7960 12.0000 4.0000 -8.0000 8.0000 -4.0000 0.0000 0.1532 0.3221 0.2080 0.3580 0.2123 1.2536 1.8158 3.3294 
10.0000 23.0000 5.0000 -2.0000 0.0000 -5.0000 2 1.0000 1.0000 0.5990 -8.0000 4.0000 8.0000 -12.0000 0.0000 -4.0000 0.2930 0.2319 0.1575 0.3937 0.1712 1.2473 1.9825 3.4898 
10.0000 38.0000 5.0000 0.0000 0.0000 -2.5000 8 -1.0000 0.0000 0.9420 6.0000 -6.0000 -10.0000 10.0000 -2.0000 2.0000 0.2065 0.3176 0.1684 0.3125 0.2465 1.2515 1.8833 3.3940 
10.0000 54.0000 5.0000 2.0000 0.0000 2.5000 8 -1.0000 1.0000 0.8520 12.0000 4.0000 -4.0000 8.0000 -8.0000 0.0000 0.1790 0.2872 0.2605 0.1842 0.3385 1.2495 1.7830 3.2753 
10.0000 12.0000 5.0000 -4.0000 0.0000 2.5000 8 -1.0000 1.0000 1.0840 2.0000 -6.0000 -10.0000 -2.0000 -14.0000 6.0000 0.2025 0.1587 0.2212 0.2638 0.3968 1.2430 1.7790 3.2689 
10.0000 59.0000 5.0000 4.0000 1.0000 -2.5000 8 -1.0000 0.0000 1.0030 -2.0000 6.0000 14.0000 2.0000 10.0000 -6.0000 0.2500 0.2500 0.2500 0.2500 0.2500 1.2500 1.7975 3.2925 
10.0000 67.0000 5.0000 4.0000 0.0000 0.0000 8 -1.0000 0.0000 0.5520 10.0000 2.0000 -6.0000 6.0000 -2.0000 14.0000 0.1561 0.1961 0.2217 0.3165 0.3611 1.2516 1.9659 3.4609 
10.0000 65.0000 5.0000 4.0000 0.0000 -5.0000 2 1.0000 1.0000 2.2200 -6.0000 2.0000 10.0000 -2.0000 14.0000 6.0000 0.1559 0.3220 0.2166 0.3610 0.1982 1.2537 1.9851 3.4796 
10.0000 36.0000 5.0000 0.0000 0.0000 -7.5000 2 1.0000 1.0000 0.6370 -10.0000 -2.0000 10.0000 -6.0000 6.0000 2.0000 0.2470 0.3171 0.2547 0.1721 0.2630 1.2539 1.9890 3.4799 
10.0000 18.0000 5.0000 -2.0000 1.0000 0.0000 2 1.0000 0.0000 1.0160 -8.0000 0.0000 4.0000 -4.0000 8.0000 -12.0000 0.2500 0.2500 0.2500 0.2500 0.2500 1.2500 1.9302 3.4427 
10.0000 19.0000 5.0000 -2.0000 1.0000 2.5000 8 -1.0000 1.0000 0.5420 -8.0000 4.0000 8.0000 -12.0000 0.0000 -4.0000 0.2500 0.2500 0.2500 0.2500 0.2500 1.2500 1.8526 3.3592 
10.0000 35.0000 5.0000 0.0000 1.0000 7.5000 8 -1.0000 1.0000 0.4320 6.0000 -2.0000 -10.0000 2.0000 -6.0000 10.0000 0.2500 0.2500 0.2500 0.2500 0.2500 1.2500 1.8660 3.3758 
10.0000 45.0000 5.0000 2.0000 1.0000 -2.5000 8 -1.0000 0.0000 0.7710 12.0000 0.0000 -4.0000 4.0000 -8.0000 8.0000 0.2500 0.2500 0.2500 0.2500 0.2500 1.2500 1.9494 3.4592 
10.0000 5.0000 5.0000 -4.0000 1.0000 2.5000 2 1.0000 0.0000 1.6460 -10.0000 2.0000 6.0000 -14.0000 -2.0000 -6.0000 0.2500 0.2500 0.2500 0.2500 0.2500 1.2500 1.9937 3.4925 
10.0000 53.0000 5.0000 2.0000 0.0000 0.0000 8 -1.0000 0.0000 0.6390 -8.0000 4.0000 8.0000 0.0000 12.0000 -4.0000 0.1887 0.2329 0.3249 0.1700 0.3338 1.2504 1.9823 3.4765 
10.0000 14.0000 5.0000 -4.0000 0.0000 7.5000 8 -1.0000 1.0000 0.6190 2.0000 -6.0000 -10.0000 -2.0000 -14.0000 6.0000 0.2181 0.2906 0.2135 0.3083 0.2188 1.2493 1.7715 3.2751 
10.0000 4.0000 5.0000 -4.0000 1.0000 0.0000 2 1.0000 0.0000 4.6370 -14.0000 -6.0000 2.0000 -10.0000 6.0000 -2.0000 0.2500 0.2500 0.2500 0.2500 0.2500 1.2500 1.9614 3.4591 
10.0000 64.0000 5.0000 4.0000 0.0000 -7.5000 2 1.0000 1.0000 0.9960 6.0000 -2.0000 -6.0000 14.0000 2.0000 10.0000 0.1942 0.3747 0.2838 0.1577 0.2423 1.2527 1.9718 3.4788 
10.0000 60.0000 5.0000 4.0000 1.0000 0.0000 8 -1.0000 0.0000 0.4970 -6.0000 6.0000 10.0000 2.0000 14.0000 -2.0000 0.2500 0.2500 0.2500 0.2500 0.2500 1.2500 1.9947 3.4927 
10.0000 6.0000 5.0000 -4.0000 1.0000 5.0000 8 -1.0000 1.0000 0.7910 -10.0000 -2.0000 6.0000 -6.0000 2.0000 -14.0000 0.2500 0.2500 0.2500 0.2500 0.2500 1.2500 1.9831 3.4759 
10.0000 43.0000 5.0000 2.0000 1.0000 -7.5000 2 1.0000 1.0000 0.6790 0.0000 8.0000 12.0000 -8.0000 4.0000 -4.0000 0.2500 0.2500 0.2500 0.2500 0.2500 1.2500 1.8644 3.3592 
10.0000 26.0000 5.0000 -2.0000 0.0000 2.5000 8 -1.0000 1.0000 0.6020 -12.0000 0.0000 8.0000 -4.0000 4.0000 -8.0000 0.3141 0.1883 0.2346 0.2998 0.2198 1.2565 1.8788 3.3992 
10.0000 66.0000 5.0000 4.0000 0.0000 -2.5000 8 -1.0000 0.0000 0.5780 -2.0000 6.0000 10.0000 2.0000 14.0000 -6.0000 0.2704 0.2232 0.1687 0.2207 0.3769 1.2599 1.8215 3.3358 
10.0000 39.0000 5.0000 0.0000 0.0000 0.0000 2 1.0000 0.0000 1.1720 10.0000 -2.0000 -10.0000 2.0000 -6.0000 6.0000 0.1784 0.2056 0.2832 0.2478 0.3406 1.2556 1.8123 3.3315 
10.0000 21.0000 5.0000 -2.0000 1.0000 7.5000 8 -1.0000 1.0000 0.5810 8.0000 -4.0000 -12.0000 0.0000 -8.0000 4.0000 0.2500 0.2500 0.2500 0.2500 0.2500 1.2500 1.8445 3.3425 
10.0000 68.0000 5.0000 4.0000 0.0000 2.5000 8 -1.0000 1.0000 0.8550 -6.0000 6.0000 14.0000 2.0000 10.0000 -2.0000 0.2554 0.3041 0.1721 0.3308 0.1855 1.2479 1.7832 3.2903 
10.0000 55.0000 5.0000 2.0000 0.0000 5.0000 8 -1.0000 1.0000 0.4470 4.0000 -4.0000 -8.0000 12.0000 0.0000 8.0000 0.2509 0.1665 0.3262 0.2049 0.3001 1.2485 1.9907 3.4910 
10.0000 25.0000 5.0000 -2.0000 0.0000 0.0000 2 1.0000 0.0000 0.7080 -12.0000 -4.0000 8.0000 -8.0000 4.0000 0.0000 0.1948 0.2895 0.3461 0.1718 0.2436 1.2458 1.8829 3.3715 
10.0000 63.0000 5.0000 4.0000 1.0000 7.5000 8 -1.0000 1.0000 0.3580 14.0000 6.0000 -2.0000 10.0000 -6.0000 2.0000 0.2500 0.2500 0.2500 0.2500 0.2500 1.2500 1.9120 3.4093 
10.0000 11.0000 5.0000 -4.0000 0.0000 0.0000 2 1.0000 0.0000 0.4600 -10.0000 -2.0000 6.0000 -6.0000 2.0000 -14.0000 0.3847 0.1644 0.2832 0.2420 0.1765 1.2508 1.8156 3.3100 
10.0000 31.0000 5.0000 0.0000 1.0000 -2.5000 2 1.0000 1.0000 0.5310 10.0000 2.0000 -10.0000 6.0000 -6.0000 -2.0000 0.2500 0.2500 0.2500 0.2500 0.2500 1.2500 1.8024 3.2925 
10.0000 58.0000 5.0000 4.0000 1.0000 -5.0000 8 -1.0000 0.0000 0.7830 10.0000 2.0000 -2.0000 6.0000 -6.0000 14.0000 0.2500 0.2500 0.2500 0.2500 0.2500 1.2500 1.8254 3.3260 
10.0000 51.0000 5.0000 2.0000 0.0000 -5.0000 8 -1.0000 0.0000 0.7210 8.0000 0.0000 -4.0000 4.0000 -8.0000 12.0000 0.2279 0.1766 0.2081 0.3558 0.2748 1.2431 1.8579 3.3523 
10.0000 47.0000 5.0000 2.0000 1.0000 2.5000 8 -1.0000 1.0000 0.5240 12.0000 4.0000 -4.0000 8.0000 -8.0000 0.0000 0.2500 0.2500 0.2500 0.2500 0.2500 1.2500 1.8483 3.3425 
10.0000 48.0000 5.0000 2.0000 1.0000 5.0000 8 -1.0000 1.0000 0.4290 12.0000 0.0000 -8.0000 4.0000 -4.0000 8.0000 0.2500 0.2500 0.2500 0.2500 0.2500 1.2500 1.9295 3.4425 
10.0000 28.0000 5.0000 -2.0000 0.0000 7.5000 8 -1.0000 1.0000 0.4640 -4.0000 4.0000 8.0000 -12.0000 0.0000 -8.0000 0.3316 0.1898 0.2494 0.1844 0.2979 1.2531 1.8914 3.3956 
10.0000 22.0000 5.0000 -2.0000 0.0000 -7.5000 2 1.0000 1.0000 0.4500 -12.0000 0.0000 8.0000 -4.0000 4.0000 -8.0000 0.1698 0.3724 0.1819 0.3633 0.1723 1.2597 1.7640 3.2856 
10.0000 2.0000 5.0000 -4.0000 1.0000 -5.0000 2 1.0000 1.0000 0.5610 2.0000 -10.0000 -14.0000 6.0000 -6.0000 -2.0000 0.2500 0.2500 0.2500 0.2500 0.2500 1.2500 1.9857 3.4925 
10.0000 41.0000 5.0000 0.0000 0.0000 5.0000 8 -1.0000 1.0000 0.5310 6.0000 -2.0000 -10.0000 2.0000 -6.0000 10.0000 0.1994 0.2707 0.3581 0.1686 0.2520 1.2489 1.8358 3.3414 
10.0000 69.0000 5.0000 4.0000 0.0000 5.0000 8 -1.0000 1.0000 0.4410 -2.0000 10.0000 14.0000 -6.0000 6.0000 2.0000 0.3009 0.2016 0.1534 0.3295 0.2607 1.2461 1.7592 3.2553 
10.0000 15.0000 5.0000 -2.0000 1.0000 -7.5000 2 1.0000 1.0000 0.5510 4.0000 -8.0000 -12.0000 8.0000 -4.0000 0.0000 0.2500 0.2500 0.2500 0.2500 0.2500 1.2500 1.8582 3.3592 
10.0000 24.0000 5.0000 -2.0000 0.0000 -2.5000 2 1.0000 1.0000 1.8530 -12.0000 0.0000 4.0000 -4.0000 8.0000 -8.0000 0.2847 0.2201 0.1784 0.3522 0.2074 1.2427 1.9762 3.4687 
10.0000 44.0000 5.0000 2.0000 1.0000 -5.0000 8 -1.0000 0.0000 2.7430 4.0000 -4.0000 -8.0000 12.0000 0.0000 8.0000 0.2500 0.2500 0.2500 0.2500 0.2500 1.2500 1.9449 3.4427 
10.0000 50.0000 5.0000 2.0000 0.0000 -7.5000 2 1.0000 1.0000 0.5950 4.0000 -4.0000 -8.0000 12.0000 0.0000 8.0000 0.2014 0.2582 0.3496 0.1963 0.2499 1.2553 1.8078 3.3145 
10.0000 46.0000 5.0000 2.0000 1.0000 0.0000 8 -1.0000 0.0000 0.5950 -8.0000 4.0000 12.0000 0.0000 8.0000 -4.0000 0.2500 0.2500 0.2500 0.2500 0.2500 1.2500 1.8426 3.3425 
10.0000 62.0000 5.0000 4.0000 1.0000 5.0000 8 -1.0000 1.0000 0.5040 -2.0000 10.0000 14.0000 -6.0000 6.0000 2.0000 0.2500 0.2500 0.2500 0.2500 0.2500 1.2500 1.7631 3.2592 
10.0000 16.0000 5.0000 -2.0000 1.0000 -5.0000 2 1.0000 1.0000 0.4410 8.0000 -4.0000 -12.0000 0.0000 -8.0000 4.0000 0.2500 0.2500 0.2500 0.2500 0.2500 1.2500 1.9607 3.4592 
10.0000 32.0000 5.0000 0.0000 1.0000 0.0000 8 -1.0000 0.0000 0.4030 6.0000 -2.0000 -6.0000 2.0000 -10.0000 10.0000 0.2500 0.2500 0.2500 0.2500 0.2500 1.2500 1.9137 3.4260 
10.0000 7.0000 5.0000 -4.0000 1.0000 7.5000 8 -1.0000 1.0000 0.4870 -14.0000 -2.0000 2.0000 -6.0000 6.0000 -10.0000 0.2500 0.2500 0.2500 0.2500 0.2500 1.2500 1.9048 3.4092 
10.0000 34.0000 5.0000 0.0000 1.0000 5.0000 8 -1.0000 1.0000 0.6160 -6.0000 2.0000 6.0000 -2.0000 10.0000 -10.0000 0.2500 0.2500 0.2500 0.2500 0.2500 1.2500 1.9574 3.4591 
10.0000 61.0000 5.0000 4.0000 1.0000 2.5000 8 -1.0000 1.0000 0.4320 -6.0000 2.0000 14.0000 -2.0000 10.0000 6.0000 0.2500 0.2500 0.2500 0.2500 0.2500 1.2500 1.8243 3.3258 
10.0000 37.0000 5.0000 0.0000 0.0000 -5.0000 2 1.0000 1.0000 0.8380 10.0000 -2.0000 -10.0000 2.0000 -6.0000 6.0000 0.3226 0.1686 0.2705 0.1605 0.3347 1.2570 1.8674 3.3828 
10.0000 57.0000 5.0000 4.0000 1.0000 -7.5000 2 1.0000 1.0000 0.5880 -6.0000 2.0000 10.0000 -2.0000 14.0000 6.0000 0.2500 0.2500 0.2500 0.2500 0.2500 1.2500 1.8919 3.3925 
10.0000 1.0000 5.0000 -4.0000 1.0000 -7.5000 2 1.0000 1.0000 0.4710 -14.0000 -2.0000 6.0000 -6.0000 2.0000 -10.0000 0.2500 0.2500 0.2500 0.2500 0.2500 1.2500 1.9871 3.4925 
10.0000 20.0000 6.0000 -2.0000 1.0000 5.0000 8 -1.0000 1.0000 0.3890 -8.0000 0.0000 4.0000 -4.0000 8.0000 -12.0000 0.2500 0.2500 0.2500 0.2500 0.2500 1.2500 1.8377 3.3425 
10.0000 41.0000 6.0000 0.0000 0.0000 5.0000 8 -1.0000 1.0000 0.4320 6.0000 -2.0000 -10.0000 2.0000 -6.0000 10.0000 0.1928 0.3009 0.2706 0.1958 0.2942 1.2543 1.9700 3.4801 
10.0000 7.0000 6.0000 -4.0000 1.0000 7.5000 2 1.0000 0.0000 1.0420 -14.0000 -2.0000 2.0000 -6.0000 6.0000 -10.0000 0.2500 0.2500 0.2500 0.2500 0.2500 1.2500 1.9909 3.4926 
10.0000 70.0000 6.0000 4.0000 0.0000 7.5000 8 -1.0000 1.0000 0.4630 -6.0000 2.0000 10.0000 -2.0000 14.0000 6.0000 0.3147 0.2003 0.1583 0.3155 0.2682 1.2570 1.9192 3.4162 
10.0000 53.0000 6.0000 2.0000 0.0000 0.0000 8 -1.0000 0.0000 1.1330 -8.0000 0.0000 12.0000 -4.0000 8.0000 4.0000 0.2222 0.1963 0.2354 0.3987 0.1912 1.2438 1.8458 3.3363 
10.0000 48.0000 6.0000 2.0000 1.0000 5.0000 8 -1.0000 1.0000 0.4880 -4.0000 4.0000 8.0000 0.0000 12.0000 -8.0000 0.2500 0.2500 0.2500 0.2500 0.2500 1.2500 1.8816 3.3759 
10.0000 65.0000 6.0000 4.0000 0.0000 -5.0000 2 1.0000 1.0000 0.8170 -6.0000 6.0000 14.0000 2.0000 10.0000 -2.0000 0.2863 0.2351 0.1872 0.2336 0.3157 1.2579 1.9236 3.4339 
10.0000 61.0000 6.0000 4.0000 1.0000 2.5000 8 -1.0000 1.0000 0.5000 14.0000 6.0000 -6.0000 10.0000 -2.0000 2.0000 0.2500 0.2500 0.2500 0.2500 0.2500 1.2500 1.8904 3.3925 
10.0000 46.0000 6.0000 2.0000 1.0000 0.0000 8 -1.0000 0.0000 0.5910 8.0000 0.0000 -4.0000 4.0000 -8.0000 12.0000 0.2500 0.2500 0.2500 0.2500 0.2500 1.2500 1.9100 3.4094 
10.0000 52.0000 6.0000 2.0000 0.0000 -2.5000 2 1.0000 1.0000 0.7770 0.0000 8.0000 12.0000 -8.0000 4.0000 -4.0000 0.1808 0.2897 0.3976 0.1593 0.2186 1.2461 1.7697 3.2720 
10.0000 2.0000 6.0000 -4.0000 1.0000 -5.0000 2 1.0000 1.0000 0.7680 -10.0000 -2.0000 6.0000 -6.0000 2.0000 -14.0000 0.2500 0.2500 0.2500 0.2500 0.2500 1.2500 1.8848 3.3926 
10.0000 57.0000 6.0000 4.0000 1.0000 -7.5000 2 1.0000 1.0000 0.8620 14.0000 6.0000 -6.0000 10.0000 -2.0000 2.0000 0.2500 0.2500 0.2500 0.2500 0.2500 1.2500 1.9556 3.4593 
10.0000 26.0000 6.0000 -2.0000 0.0000 2.5000 8 -1.0000 1.0000 0.8240 8.0000 0.0000 -12.0000 4.0000 -8.0000 -4.0000 0.1634 0.2612 0.2175 0.3379 0.2762 1.2561 1.9379 3.4488 
10.0000 67.0000 6.0000 4.0000 0.0000 0.0000 8 -1.0000 0.0000 0.5550 -2.0000 6.0000 10.0000 2.0000 14.0000 -6.0000 0.1998 0.3517 0.1600 0.3709 0.1658 1.2481 1.9670 3.4574 
10.0000 16.0000 6.0000 -2.0000 1.0000 -5.0000 2 1.0000 1.0000 0.5250 8.0000 -4.0000 -8.0000 0.0000 -12.0000 4.0000 0.2500 0.2500 0.2500 0.2500 0.2500 1.2500 1.8940 3.3926 
10.0000 31.0000 6.0000 0.0000 1.0000 -2.5000 2 1.0000 1.0000 1.4870 -10.0000 -2.0000 10.0000 -6.0000 6.0000 2.0000 0.2500 0.2500 0.2500 0.2500 0.2500 1.2500 1.8688 3.3593 
10.0000 64.0000 6.0000 4.0000 0.0000 -7.5000 2 1.0000 1.0000 0.9920 -6.0000 6.0000 14.0000 2.0000 10.0000 -2.0000 0.3366 0.1958 0.3602 0.1989 0.1563 1.2479 1.9647 3.4572 
10.0000 12.0000 6.0000 -4.0000 0.0000 2.5000 2 1.0000 0.0000 1.2260 -6.0000 2.0000 6.0000 -14.0000 -2.0000 -10.0000 0.1964 0.2329 0.3150 0.2178 0.2823 1.2443 1.8296 3.3201 
10.0000 36.0000 6.0000 0.0000 0.0000 -7.5000 2 1.0000 1.0000 0.7520 -10.0000 2.0000 10.0000 -2.0000 6.0000 -6.0000 0.2218 0.3201 0.3463 0.1580 0.1964 1.2426 1.8586 3.3516 
10.0000 58.0000 6.0000 4.0000 1.0000 -5.0000 8 -1.0000 0.0000 0.5570 -6.0000 2.0000 10.0000 -2.0000 14.0000 6.0000 0.2500 0.2500 0.2500 0.2500 0.2500 1.2500 1.7529 3.2592 
10.0000 54.0000 6.0000 2.0000 0.0000 2.5000 8 -1.0000 1.0000 0.7830 8.0000 0.0000 -8.0000 4.0000 -4.0000 12.0000 0.3185 0.2135 0.2644 0.1939 0.2499 1.2402 1.8270 3.3160 
10.0000 23.0000 6.0000 -2.0000 0.0000 -5.0000 2 1.0000 1.0000 0.5990 8.0000 -4.0000 -8.0000 0.0000 -12.0000 4.0000 0.1867 0.3642 0.2227 0.1513 0.3174 1.2423 1.8948 3.3847 
10.0000 19.0000 6.0000 -2.0000 1.0000 2.5000 8 -1.0000 1.0000 0.5640 4.0000 -4.0000 -12.0000 0.0000 -8.0000 8.0000 0.2500 0.2500 0.2500 0.2500 0.2500 1.2500 1.7555 3.2591 
10.0000 1.0000 6.0000 -4.0000 1.0000 -7.5000 2 1.0000 1.0000 0.4790 6.0000 -2.0000 -14.0000 2.0000 -10.0000 -6.0000 0.2500 0.2500 0.2500 0.2500 0.2500 1.2500 1.9789 3.4759 
10.0000 66.0000 6.0000 4.0000 0.0000 -2.5000 2 1.0000 1.0000 1.5440 -2.0000 6.0000 14.0000 2.0000 10.0000 -6.0000 0.2197 0.2832 0.2272 0.2941 0.2245 1.2486 1.9378 3.4413 
10.0000 30.0000 6.0000 0.0000 1.0000 -5.0000 2 1.0000 1.0000 0.4640 -10.0000 2.0000 10.0000 -2.0000 6.0000 -6.0000 0.2500 0.2500 0.2500 0.2500 0.2500 1.2500 1.9135 3.4094 
10.0000 59.0000 6.0000 4.0000 1.0000 -2.5000 8 -1.0000 0.0000 2.1060 6.0000 -2.0000 -6.0000 14.0000 2.0000 10.0000 0.2500 0.2500 0.2500 0.2500 0.2500 1.2500 1.7827 3.2760 
10.0000 15.0000 6.0000 -2.0000 1.0000 -7.5000 2 1.0000 1.0000 0.4420 -8.0000 4.0000 8.0000 -12.0000 0.0000 -4.0000 0.2500 0.2500 0.2500 0.2500 0.2500 1.2500 1.9019 3.3925 
10.0000 45.0000 6.0000 2.0000 1.0000 -2.5000 8 -1.0000 0.0000 0.5570 -4.0000 8.0000 12.0000 -8.0000 4.0000 0.0000 0.2500 0.2500 0.2500 0.2500 0.2500 1.2500 1.9961 3.4926 
10.0000 27.0000 6.0000 -2.0000 0.0000 5.0000 8 -1.0000 1.0000 0.6010 4.0000 -8.0000 -12.0000 8.0000 -4.0000 0.0000 0.1674 0.2672 0.3356 0.1728 0.3028 1.2459 1.7882 3.2717 
10.0000 11.0000 6.0000 -4.0000 0.0000 0.0000 2 1.0000 0.0000 0.4910 -10.0000 2.0000 6.0000 -14.0000 -2.0000 -6.0000 0.1924 0.2244 0.3187 0.2803 0.2344 1.2502 1.8612 3.3593 
10.0000 28.0000 6.0000 -2.0000 0.0000 7.5000 8 -1.0000 1.0000 0.5240 0.0000 -8.0000 -12.0000 8.0000 -4.0000 4.0000 0.2568 0.1926 0.2907 0.3465 0.1588 1.2453 1.8671 3.3713 
10.0000 37.0000 6.0000 0.0000 0.0000 -5.0000 2 1.0000 1.0000 0.6030 -10.0000 -2.0000 6.0000 -6.0000 10.0000 2.0000 0.2633 0.1938 0.1633 0.3502 0.2716 1.2422 1.9485 3.4513 
10.0000 32.0000 6.0000 0.0000 1.0000 0.0000 8 -1.0000 0.0000 0.7970 -2.0000 6.0000 10.0000 -10.0000 2.0000 -6.0000 0.2500 0.2500 0.2500 0.2500 0.2500 1.2500 1.8195 3.3258 
10.0000 21.0000 6.0000 -2.0000 1.0000 7.5000 8 -1.0000 1.0000 0.5660 -4.0000 4.0000 8.0000 -12.0000 0.0000 -8.0000 0.2500 0.2500 0.2500 0.2500 0.2500 1.2500 1.9718 3.4758 
10.0000 9.0000 6.0000 -4.0000 0.0000 -5.0000 2 1.0000 1.0000 0.4890 -14.0000 -2.0000 6.0000 -6.0000 2.0000 -10.0000 0.2809 0.2470 0.2806 0.1744 0.2684 1.2514 1.8462 3.3440 
10.0000 33.0000 6.0000 0.0000 1.0000 2.5000 8 -1.0000 1.0000 0.5260 -10.0000 2.0000 10.0000 -2.0000 6.0000 -6.0000 0.2500 0.2500 0.2500 0.2500 0.2500 1.2500 1.8706 3.3759 
10.0000 63.0000 6.0000 4.0000 1.0000 7.5000 8 -1.0000 1.0000 0.4660 10.0000 2.0000 -2.0000 6.0000 -6.0000 14.0000 0.2500 0.2500 0.2500 0.2500 0.2500 1.2500 1.9972 3.4926 
10.0000 40.0000 6.0000 0.0000 0.0000 2.5000 8 -1.0000 1.0000 0.6780 -2.0000 6.0000 10.0000 -10.0000 2.0000 -6.0000 0.1861 0.2358 0.2810 0.2391 0.3137 1.2556 1.9294 3.4315 
10.0000 25.0000 6.0000 -2.0000 0.0000 0.0000 2 1.0000 0.0000 1.6400 -8.0000 4.0000 8.0000 -12.0000 0.0000 -4.0000 0.2927 0.2236 0.1718 0.3823 0.1695 1.2400 1.9449 3.4327 
10.0000 4.0000 6.0000 -4.0000 1.0000 0.0000 2 1.0000 0.0000 1.0820 -10.0000 2.0000 6.0000 -14.0000 -2.0000 -6.0000 0.2500 0.2500 0.2500 0.2500 0.2500 1.2500 1.9625 3.4592 
10.0000 13.0000 6.0000 -4.0000 0.0000 5.0000 8 -1.0000 1.0000 0.5780 -10.0000 -2.0000 6.0000 -6.0000 2.0000 -14.0000 0.2216 0.3182 0.1501 0.1963 0.3590 1.2452 1.7865 3.2710 
10.0000 51.0000 6.0000 2.0000 0.0000 -5.0000 2 1.0000 1.0000 1.1720 -8.0000 0.0000 8.0000 -4.0000 12.0000 4.0000 0.3067 0.1763 0.2582 0.2914 0.2174 1.2501 1.9988 3.4927 
10.0000 42.0000 6.0000 0.0000 0.0000 7.5000 8 -1.0000 1.0000 0.4550 6.0000 -6.0000 -10.0000 10.0000 -2.0000 2.0000 0.3699 0.2005 0.2267 0.2634 0.1911 1.2516 1.9793 3.4776 
10.0000 49.0000 6.0000 2.0000 1.0000 7.5000 8 -1.0000 1.0000 1.1460 -4.0000 4.0000 12.0000 0.0000 8.0000 -8.0000 0.2500 0.2500 0.2500 0.2500 0.2500 1.2500 1.9466 3.4593 
10.0000 68.0000 6.0000 4.0000 0.0000 2.5000 8 -1.0000 1.0000 0.5240 -6.0000 2.0000 14.0000 -2.0000 10.0000 6.0000 0.3765 0.2060 0.1580 0.2904 0.2169 1.2478 1.7808 3.2903 
10.0000 18.0000 6.0000 -2.0000 1.0000 0.0000 2 1.0000 0.0000 1.4640 -12.0000 -4.0000 8.0000 -8.0000 4.0000 0.0000 0.2500 0.2500 0.2500 0.2500 0.2500 1.2500 1.8753 3.3760 
10.0000 6.0000 6.0000 -4.0000 1.0000 5.0000 8 -1.0000 1.0000 0.5430 6.0000 -6.0000 -10.0000 -2.0000 -14.0000 2.0000 0.2500 0.2500 0.2500 0.2500 0.2500 1.2500 1.8067 3.3093 
10.0000 34.0000 6.0000 0.0000 1.0000 5.0000 8 -1.0000 1.0000 0.5970 6.0000 -2.0000 -10.0000 2.0000 -6.0000 10.0000 0.2500 0.2500 0.2500 0.2500 0.2500 1.2500 1.7556 3.2593 
10.0000 17.0000 6.0000 -2.0000 1.0000 -2.5000 2 1.0000 1.0000 0.5580 8.0000 -4.0000 -12.0000 0.0000 -8.0000 4.0000 0.2500 0.2500 0.2500 0.2500 0.2500 1.2500 1.8303 3.3259 
10.0000 50.0000 6.0000 2.0000 0.0000 -7.5000 2 1.0000 1.0000 0.5140 -8.0000 4.0000 12.0000 0.0000 8.0000 -4.0000 0.2465 0.2059 0.2896 0.2340 0.2793 1.2552 1.9799 3.4813 
10.0000 24.0000 6.0000 -2.0000 0.0000 -2.5000 8 -1.0000 0.0000 0.6400 -12.0000 -4.0000 8.0000 -8.0000 4.0000 0.0000 0.2892 0.2317 0.2915 0.2408 0.1982 1.2514 1.9897 3.4939 
10.0000 22.0000 6.0000 -2.0000 0.0000 -7.5000 2 1.0000 1.0000 0.5510 -8.0000 4.0000 8.0000 -12.0000 0.0000 -4.0000 0.2821 0.1604 0.2624 0.1629 0.3900 1.2577 1.8455 3.3502 
10.0000 60.0000 6.0000 4.0000 1.0000 0.0000 8 -1.0000 0.0000 0.4570 -2.0000 10.0000 14.0000 -6.0000 6.0000 2.0000 0.2500 0.2500 0.2500 0.2500 0.2500 1.2500 1.8944 3.3925 
10.0000 29.0000 6.0000 0.0000 1.0000 -7.5000 2 1.0000 1.0000 0.6400 -10.0000 -2.0000 10.0000 -6.0000 6.0000 2.0000 0.2500 0.2500 0.2500 0.2500 0.2500 1.2500 1.7947 3.2926 
10.0000 69.0000 6.0000 4.0000 0.0000 5.0000 8 -1.0000 1.0000 1.7170 2.0000 10.0000 14.0000 -6.0000 6.0000 -2.0000 0.2847 0.2417 0.1899 0.2427 0.2970 1.2560 1.9574 3.4488 
10.0000 14.0000 6.0000 -4.0000 0.0000 7.5000 8 -1.0000 1.0000 1.2020 6.0000 -2.0000 -10.0000 2.0000 -14.0000 -6.0000 0.1653 0.3120 0.2710 0.1737 0.3331 1.2551 1.7707 3.2809 
10.0000 3.0000 6.0000 -4.0000 1.0000 -2.5000 2 1.0000 1.0000 2.8680 -6.0000 2.0000 6.0000 -14.0000 -2.0000 -10.0000 0.2500 0.2500 0.2500 0.2500 0.2500 1.2500 1.9832 3.4925 
10.0000 43.0000 6.0000 2.0000 1.0000 -7.5000 8 -1.0000 0.0000 2.9830 8.0000 0.0000 -8.0000 4.0000 -4.0000 12.0000 0.2500 0.2500 0.2500 0.2500 0.2500 1.2500 1.8954 3.3926 
10.0000 35.0000 6.0000 0.0000 1.0000 7.5000 8 -1.0000 1.0000 0.4810 6.0000 -6.0000 -10.0000 10.0000 -2.0000 2.0000 0.2500 0.2500 0.2500 0.2500 0.2500 1.2500 1.8001 3.3092 
10.0000 5.0000 6.0000 -4.0000 1.0000 2.5000 8 -1.0000 1.0000 0.4840 6.0000 -6.0000 -10.0000 -2.0000 -14.0000 2.0000 0.2500 0.2500 0.2500 0.2500 0.2500 1.2500 1.8693 3.3760 
10.0000 39.0000 6.0000 0.0000 0.0000 0.0000 8 -1.0000 0.0000 1.4490 10.0000 2.0000 -6.0000 6.0000 -10.0000 -2.0000 0.1652 0.2206 0.2889 0.3710 0.2079 1.2536 1.8385 3.3462 
10.0000 8.0000 6.0000 -4.0000 0.0000 -7.5000 2 1.0000 1.0000 0.5470 -14.0000 -6.0000 2.0000 -10.0000 6.0000 -2.0000 0.2194 0.2576 0.3518 0.1752 0.2437 1.2478 1.9198 3.4236 
10.0000 56.0000 6.0000 2.0000 0.0000 7.5000 8 -1.0000 1.0000 0.6080 8.0000 0.0000 -8.0000 4.0000 -4.0000 12.0000 0.2490 0.3963 0.2064 0.2481 0.1549 1.2547 1.8167 3.3139 
10.0000 47.0000 6.0000 2.0000 1.0000 2.5000 8 -1.0000 1.0000 0.6880 12.0000 0.0000 -8.0000 4.0000 -4.0000 8.0000 0.2500 0.2500 0.2500 0.2500 0.2500 1.2500 1.8796 3.3760 
10.0000 44.0000 6.0000 2.0000 1.0000 -5.0000 2 1.0000 1.0000 0.7070 12.0000 0.0000 -8.0000 4.0000 -4.0000 8.0000 0.2500 0.2500 0.2500 0.2500 0.2500 1.2500 1.8766 3.3760 
10.0000 62.0000 6.0000 4.0000 1.0000 5.0000 8 -1.0000 1.0000 0.3970 -6.0000 2.0000 10.0000 -2.0000 14.0000 6.0000 0.2500 0.2500 0.2500 0.2500 0.2500 1.2500 1.9084 3.4091 
10.0000 10.0000 6.0000 -4.0000 0.0000 -2.5000 2 1.0000 1.0000 0.5030 -14.0000 -2.0000 6.0000 -6.0000 2.0000 -10.0000 0.3709 0.1716 0.2964 0.2578 0.1593 1.2560 1.8391 3.3317 
10.0000 55.0000 6.0000 2.0000 0.0000 5.0000 8 -1.0000 1.0000 0.5020 12.0000 0.0000 -8.0000 4.0000 -4.0000 8.0000 0.3848 0.1632 0.2417 0.2733 0.1916 1.2545 1.9635 3.4803 
10.0000 38.0000 6.0000 0.0000 0.0000 -2.5000 2 1.0000 1.0000 0.4770 2.0000 -6.0000 -10.0000 10.0000 -2.0000 6.0000 0.2331 0.1545 0.3115 0.1859 0.3636 1.2487 1.9616 3.4747 
