subNo index block mean periodicity testLevel pressedKey answer isCorrect rt s1 s2 s3 s4 s5 s6 t1 t2 t3 t4 t5 seqDuration startInterval trialDuration 
1.0000 2.0000 1.0000 -4.0000 1.0000 -4.4000 8 1.0000 1.0000 1.5750 -10.0000 -2.0000 6.0000 -6.0000 2.0000 -14.0000 0.2500 0.2500 0.2500 0.2500 0.2500 1.2500 1.9065 3.4094 
1.0000 62.0000 1.0000 4.0000 1.0000 4.4000 2 -1.0000 1.0000 1.1470 6.0000 -2.0000 -6.0000 14.0000 2.0000 10.0000 0.2500 0.2500 0.2500 0.2500 0.2500 1.2500 1.9607 3.4594 
1.0000 15.0000 1.0000 -2.0000 1.0000 -6.6000 8 1.0000 1.0000 1.6430 -12.0000 -4.0000 4.0000 -8.0000 8.0000 0.0000 0.2500 0.2500 0.2500 0.2500 0.2500 1.2500 1.9019 3.4092 
1.0000 42.0000 1.0000 0.0000 0.0000 6.6000 2 -1.0000 1.0000 1.3180 10.0000 -2.0000 -6.0000 2.0000 -10.0000 6.0000 0.3359 0.2428 0.3230 0.1884 0.1629 1.2529 1.8826 3.3789 
1.0000 49.0000 1.0000 2.0000 1.0000 6.6000 2 -1.0000 1.0000 2.6860 8.0000 0.0000 -8.0000 4.0000 -4.0000 12.0000 0.2500 0.2500 0.2500 0.2500 0.2500 1.2500 1.9483 3.4426 
1.0000 19.0000 1.0000 -2.0000 1.0000 2.2000 2 -1.0000 1.0000 0.9690 -8.0000 4.0000 8.0000 -12.0000 0.0000 -4.0000 0.2500 0.2500 0.2500 0.2500 0.2500 1.2500 1.8540 3.3592 
1.0000 23.0000 1.0000 -2.0000 0.0000 -4.4000 2 -1.0000 0.0000 1.7180 -8.0000 0.0000 4.0000 -4.0000 8.0000 -12.0000 0.3634 0.2553 0.1621 0.2930 0.1756 1.2494 1.7890 3.2919 
1.0000 70.0000 1.0000 4.0000 0.0000 6.6000 2 -1.0000 1.0000 1.9480 14.0000 2.0000 -6.0000 6.0000 -2.0000 10.0000 0.3002 0.2112 0.1731 0.3802 0.1796 1.2442 1.7923 3.2867 
1.0000 32.0000 1.0000 0.0000 1.0000 0.0000 2 -1.0000 0.0000 2.0670 10.0000 2.0000 -6.0000 6.0000 -10.0000 -2.0000 0.2500 0.2500 0.2500 0.2500 0.2500 1.2500 1.7628 3.2592 
1.0000 64.0000 1.0000 4.0000 0.0000 -6.6000 8 1.0000 1.0000 1.6700 14.0000 6.0000 -2.0000 10.0000 -6.0000 2.0000 0.1779 0.3169 0.1822 0.2505 0.3203 1.2479 1.8783 3.3904 
1.0000 38.0000 1.0000 0.0000 0.0000 -2.2000 8 1.0000 1.0000 3.2760 -10.0000 2.0000 10.0000 -2.0000 6.0000 -6.0000 0.2639 0.1999 0.3491 0.2917 0.1534 1.2579 1.9289 3.4505 
1.0000 60.0000 1.0000 4.0000 1.0000 0.0000 2 -1.0000 0.0000 1.0930 14.0000 2.0000 -2.0000 6.0000 -6.0000 10.0000 0.2500 0.2500 0.2500 0.2500 0.2500 1.2500 1.7612 3.2592 
1.0000 30.0000 1.0000 0.0000 1.0000 -4.4000 8 1.0000 1.0000 2.1630 -2.0000 6.0000 10.0000 -10.0000 2.0000 -6.0000 0.2500 0.2500 0.2500 0.2500 0.2500 1.2500 1.9812 3.4759 
1.0000 66.0000 1.0000 4.0000 0.0000 -2.2000 2 -1.0000 0.0000 1.8850 -6.0000 6.0000 10.0000 2.0000 14.0000 -2.0000 0.3021 0.2074 0.2851 0.1922 0.2647 1.2515 1.8156 3.3106 
1.0000 57.0000 1.0000 4.0000 1.0000 -6.6000 8 1.0000 1.0000 2.8660 2.0000 10.0000 14.0000 -6.0000 6.0000 -2.0000 0.2500 0.2500 0.2500 0.2500 0.2500 1.2500 1.8372 3.3424 
1.0000 14.0000 1.0000 -4.0000 0.0000 6.6000 2 -1.0000 1.0000 0.9490 2.0000 -6.0000 -10.0000 -2.0000 -14.0000 6.0000 0.2910 0.2502 0.1899 0.3649 0.1502 1.2462 1.8924 3.3887 
1.0000 58.0000 1.0000 4.0000 1.0000 -4.4000 2 -1.0000 0.0000 0.9790 10.0000 -2.0000 -6.0000 14.0000 2.0000 6.0000 0.2500 0.2500 0.2500 0.2500 0.2500 1.2500 1.9838 3.4760 
1.0000 6.0000 1.0000 -4.0000 1.0000 4.4000 2 -1.0000 1.0000 0.7440 -10.0000 -2.0000 6.0000 -6.0000 2.0000 -14.0000 0.2500 0.2500 0.2500 0.2500 0.2500 1.2500 1.9608 3.4592 
1.0000 41.0000 1.0000 0.0000 0.0000 4.4000 2 -1.0000 1.0000 1.9840 -10.0000 -2.0000 6.0000 -6.0000 10.0000 2.0000 0.3847 0.2022 0.1743 0.2907 0.1919 1.2438 1.9347 3.4196 
1.0000 17.0000 1.0000 -2.0000 1.0000 -2.2000 2 -1.0000 0.0000 2.1720 4.0000 -4.0000 -12.0000 0.0000 -8.0000 8.0000 0.2500 0.2500 0.2500 0.2500 0.2500 1.2500 1.9677 3.4760 
1.0000 8.0000 1.0000 -4.0000 0.0000 -6.6000 8 1.0000 1.0000 1.0130 2.0000 -10.0000 -14.0000 6.0000 -6.0000 -2.0000 0.3578 0.2155 0.2732 0.1633 0.2472 1.2571 1.9718 3.4831 
1.0000 39.0000 1.0000 0.0000 0.0000 0.0000 2 -1.0000 0.0000 0.9910 6.0000 -2.0000 -10.0000 2.0000 -6.0000 10.0000 0.2200 0.3685 0.1766 0.3302 0.1645 1.2599 1.7549 3.2691 
1.0000 69.0000 1.0000 4.0000 0.0000 4.4000 2 -1.0000 1.0000 1.7150 -6.0000 2.0000 14.0000 -2.0000 10.0000 6.0000 0.2480 0.3472 0.2684 0.1663 0.2280 1.2581 1.7547 3.2672 
1.0000 55.0000 1.0000 2.0000 0.0000 4.4000 2 -1.0000 1.0000 1.0320 8.0000 0.0000 -8.0000 4.0000 -4.0000 12.0000 0.2391 0.2979 0.2723 0.1742 0.2703 1.2537 1.9874 3.4963 
1.0000 34.0000 1.0000 0.0000 1.0000 4.4000 2 -1.0000 1.0000 1.0400 10.0000 2.0000 -10.0000 6.0000 -6.0000 -2.0000 0.2500 0.2500 0.2500 0.2500 0.2500 1.2500 1.9838 3.4926 
1.0000 3.0000 1.0000 -4.0000 1.0000 -2.2000 8 1.0000 1.0000 1.1630 2.0000 -6.0000 -14.0000 -2.0000 -10.0000 6.0000 0.2500 0.2500 0.2500 0.2500 0.2500 1.2500 1.7926 3.2925 
1.0000 37.0000 1.0000 0.0000 0.0000 -4.4000 2 -1.0000 0.0000 4.1710 -10.0000 -2.0000 6.0000 -6.0000 10.0000 2.0000 0.1607 0.3091 0.1620 0.3775 0.2488 1.2581 1.8242 3.3339 
1.0000 51.0000 1.0000 2.0000 0.0000 -4.4000 2 -1.0000 0.0000 4.3610 -8.0000 4.0000 12.0000 0.0000 8.0000 -4.0000 0.1884 0.3139 0.2539 0.3012 0.1853 1.2428 1.9495 3.4354 
1.0000 47.0000 1.0000 2.0000 1.0000 2.2000 2 -1.0000 1.0000 1.2120 8.0000 0.0000 -4.0000 4.0000 -8.0000 12.0000 0.2500 0.2500 0.2500 0.2500 0.2500 1.2500 1.7833 3.2758 
1.0000 67.0000 1.0000 4.0000 0.0000 0.0000 2 -1.0000 0.0000 1.4000 14.0000 2.0000 -6.0000 6.0000 -2.0000 10.0000 0.2057 0.2664 0.1654 0.3484 0.2709 1.2569 1.9737 3.4830 
1.0000 1.0000 1.0000 -4.0000 1.0000 -6.6000 8 1.0000 1.0000 1.0140 -10.0000 -2.0000 6.0000 -6.0000 2.0000 -14.0000 0.2500 0.2500 0.2500 0.2500 0.2500 1.2500 1.8490 3.3591 
1.0000 63.0000 1.0000 4.0000 1.0000 6.6000 2 -1.0000 1.0000 1.1780 -2.0000 6.0000 10.0000 2.0000 14.0000 -6.0000 0.2500 0.2500 0.2500 0.2500 0.2500 1.2500 1.9293 3.4427 
1.0000 18.0000 1.0000 -2.0000 1.0000 0.0000 8 1.0000 0.0000 2.1390 -12.0000 0.0000 8.0000 -4.0000 4.0000 -8.0000 0.2500 0.2500 0.2500 0.2500 0.2500 1.2500 1.8373 3.3425 
1.0000 45.0000 1.0000 2.0000 1.0000 -2.2000 2 -1.0000 0.0000 2.1370 -4.0000 8.0000 12.0000 -8.0000 4.0000 0.0000 0.2500 0.2500 0.2500 0.2500 0.2500 1.2500 1.7780 3.2758 
1.0000 9.0000 1.0000 -4.0000 0.0000 -4.4000 8 1.0000 1.0000 1.1490 2.0000 -10.0000 -14.0000 6.0000 -6.0000 -2.0000 0.1739 0.3009 0.2118 0.3358 0.2342 1.2566 1.9401 3.4492 
1.0000 40.0000 1.0000 0.0000 0.0000 2.2000 2 -1.0000 1.0000 1.1460 -10.0000 2.0000 10.0000 -2.0000 6.0000 -6.0000 0.1751 0.2919 0.2513 0.1658 0.3568 1.2409 1.7682 3.2666 
1.0000 46.0000 1.0000 2.0000 1.0000 0.0000 2 -1.0000 0.0000 1.5900 -8.0000 0.0000 12.0000 -4.0000 8.0000 4.0000 0.2500 0.2500 0.2500 0.2500 0.2500 1.2500 1.8411 3.3426 
1.0000 21.0000 1.0000 -2.0000 1.0000 6.6000 2 -1.0000 1.0000 1.0600 4.0000 -4.0000 -8.0000 0.0000 -12.0000 8.0000 0.2500 0.2500 0.2500 0.2500 0.2500 1.2500 1.9401 3.4426 
1.0000 25.0000 1.0000 -2.0000 0.0000 0.0000 8 1.0000 0.0000 3.1920 4.0000 -4.0000 -12.0000 0.0000 -8.0000 8.0000 0.2670 0.1598 0.2526 0.3524 0.2208 1.2527 1.8628 3.3619 
1.0000 13.0000 1.0000 -4.0000 0.0000 4.4000 2 -1.0000 1.0000 0.7960 6.0000 -2.0000 -10.0000 2.0000 -14.0000 -6.0000 0.3628 0.1591 0.2334 0.3231 0.1735 1.2519 1.9707 3.4612 
1.0000 65.0000 1.0000 4.0000 0.0000 -4.4000 2 -1.0000 0.0000 2.2060 -6.0000 2.0000 14.0000 -2.0000 10.0000 6.0000 0.1720 0.2870 0.3796 0.2541 0.1538 1.2466 1.9807 3.4892 
1.0000 43.0000 1.0000 2.0000 1.0000 -6.6000 8 1.0000 1.0000 1.3840 -4.0000 4.0000 8.0000 0.0000 12.0000 -8.0000 0.2500 0.2500 0.2500 0.2500 0.2500 1.2500 1.9852 3.4928 
1.0000 5.0000 1.0000 -4.0000 1.0000 2.2000 8 1.0000 0.0000 2.0560 -14.0000 -6.0000 6.0000 -10.0000 2.0000 -2.0000 0.2500 0.2500 0.2500 0.2500 0.2500 1.2500 1.8597 3.3593 
1.0000 54.0000 1.0000 2.0000 0.0000 2.2000 2 -1.0000 1.0000 1.2560 -4.0000 8.0000 12.0000 -8.0000 4.0000 0.0000 0.3141 0.3430 0.2589 0.1814 0.1550 1.2523 1.7997 3.3115 
1.0000 28.0000 1.0000 -2.0000 0.0000 6.6000 2 -1.0000 1.0000 1.1930 -4.0000 4.0000 8.0000 -12.0000 0.0000 -8.0000 0.2342 0.1672 0.3203 0.1767 0.3601 1.2585 1.8930 3.4011 
1.0000 22.0000 1.0000 -2.0000 0.0000 -6.6000 8 1.0000 1.0000 1.6990 4.0000 -8.0000 -12.0000 8.0000 -4.0000 0.0000 0.3341 0.2968 0.2328 0.1604 0.2212 1.2454 1.8255 3.3214 
1.0000 53.0000 1.0000 2.0000 0.0000 0.0000 2 -1.0000 0.0000 1.1030 8.0000 0.0000 -8.0000 4.0000 -4.0000 12.0000 0.1936 0.2757 0.3146 0.1516 0.3078 1.2433 1.8212 3.3191 
1.0000 27.0000 1.0000 -2.0000 0.0000 4.4000 2 -1.0000 1.0000 2.5100 8.0000 0.0000 -8.0000 4.0000 -12.0000 -4.0000 0.1910 0.3437 0.1644 0.3725 0.1698 1.2414 1.8379 3.3339 
1.0000 4.0000 1.0000 -4.0000 1.0000 0.0000 2 -1.0000 0.0000 0.9420 2.0000 -10.0000 -14.0000 6.0000 -6.0000 -2.0000 0.2500 0.2500 0.2500 0.2500 0.2500 1.2500 1.9098 3.4092 
1.0000 16.0000 1.0000 -2.0000 1.0000 -4.4000 8 1.0000 1.0000 1.1650 8.0000 -4.0000 -12.0000 0.0000 -8.0000 4.0000 0.2500 0.2500 0.2500 0.2500 0.2500 1.2500 1.9824 3.4760 
1.0000 52.0000 1.0000 2.0000 0.0000 -2.2000 2 -1.0000 0.0000 1.7490 4.0000 -4.0000 -8.0000 12.0000 0.0000 8.0000 0.3873 0.1529 0.2054 0.3279 0.1805 1.2540 1.8839 3.3800 
1.0000 29.0000 1.0000 0.0000 1.0000 -6.6000 8 1.0000 1.0000 1.2550 2.0000 -6.0000 -10.0000 10.0000 -2.0000 6.0000 0.2500 0.2500 0.2500 0.2500 0.2500 1.2500 1.8189 3.3260 
1.0000 36.0000 1.0000 0.0000 0.0000 -6.6000 8 1.0000 1.0000 0.7360 2.0000 -6.0000 -10.0000 10.0000 -2.0000 6.0000 0.2915 0.2113 0.2521 0.1601 0.3347 1.2498 1.9190 3.4256 
1.0000 33.0000 1.0000 0.0000 1.0000 2.2000 2 -1.0000 1.0000 2.5960 -2.0000 6.0000 10.0000 -10.0000 2.0000 -6.0000 0.2500 0.2500 0.2500 0.2500 0.2500 1.2500 1.8594 3.3592 
1.0000 26.0000 1.0000 -2.0000 0.0000 2.2000 2 -1.0000 1.0000 0.8570 -4.0000 4.0000 8.0000 -12.0000 0.0000 -8.0000 0.1729 0.3383 0.2685 0.2214 0.2571 1.2582 1.8558 3.3675 
1.0000 10.0000 1.0000 -4.0000 0.0000 -2.2000 8 1.0000 1.0000 0.9630 -10.0000 2.0000 6.0000 -14.0000 -2.0000 -6.0000 0.1511 0.2632 0.3975 0.1820 0.2537 1.2474 1.9562 3.4567 
1.0000 35.0000 1.0000 0.0000 1.0000 6.6000 2 -1.0000 1.0000 0.9400 -10.0000 -2.0000 6.0000 -6.0000 10.0000 2.0000 0.2500 0.2500 0.2500 0.2500 0.2500 1.2500 1.9002 3.3927 
1.0000 59.0000 1.0000 4.0000 1.0000 -2.2000 8 1.0000 1.0000 3.2170 14.0000 2.0000 -2.0000 6.0000 -6.0000 10.0000 0.2500 0.2500 0.2500 0.2500 0.2500 1.2500 1.7843 3.2757 
1.0000 61.0000 1.0000 4.0000 1.0000 2.2000 2 -1.0000 1.0000 1.0340 2.0000 10.0000 14.0000 -6.0000 6.0000 -2.0000 0.2500 0.2500 0.2500 0.2500 0.2500 1.2500 1.7633 3.2592 
1.0000 50.0000 1.0000 2.0000 0.0000 -6.6000 8 1.0000 1.0000 1.2120 0.0000 8.0000 12.0000 -8.0000 4.0000 -4.0000 0.3355 0.1689 0.2793 0.2202 0.2544 1.2581 1.9749 3.4841 
1.0000 31.0000 1.0000 0.0000 1.0000 -2.2000 8 1.0000 1.0000 2.2890 6.0000 -2.0000 -10.0000 2.0000 -6.0000 10.0000 0.2500 0.2500 0.2500 0.2500 0.2500 1.2500 1.7574 3.2592 
1.0000 24.0000 1.0000 -2.0000 0.0000 -2.2000 8 1.0000 1.0000 1.0840 4.0000 -4.0000 -8.0000 0.0000 -12.0000 8.0000 0.3973 0.2569 0.1632 0.2534 0.1815 1.2523 1.8635 3.3617 
1.0000 12.0000 1.0000 -4.0000 0.0000 2.2000 8 1.0000 0.0000 1.1120 6.0000 -2.0000 -14.0000 2.0000 -10.0000 -6.0000 0.1843 0.3363 0.1562 0.3181 0.2496 1.2446 1.8576 3.3538 
1.0000 20.0000 1.0000 -2.0000 1.0000 4.4000 2 -1.0000 1.0000 1.1600 4.0000 -8.0000 -12.0000 8.0000 -4.0000 0.0000 0.2500 0.2500 0.2500 0.2500 0.2500 1.2500 1.8993 3.4094 
1.0000 56.0000 1.0000 2.0000 0.0000 6.6000 2 -1.0000 1.0000 1.5900 -4.0000 4.0000 8.0000 0.0000 12.0000 -8.0000 0.1552 0.3167 0.2706 0.2974 0.2054 1.2454 1.9579 3.4548 
1.0000 44.0000 1.0000 2.0000 1.0000 -4.4000 8 1.0000 1.0000 2.2800 12.0000 0.0000 -4.0000 4.0000 -8.0000 8.0000 0.2500 0.2500 0.2500 0.2500 0.2500 1.2500 1.9606 3.4594 
1.0000 68.0000 1.0000 4.0000 0.0000 2.2000 2 -1.0000 1.0000 2.0030 -6.0000 2.0000 10.0000 -2.0000 14.0000 6.0000 0.3580 0.2079 0.3147 0.1746 0.2015 1.2566 1.8492 3.3658 
1.0000 7.0000 1.0000 -4.0000 1.0000 6.6000 2 -1.0000 1.0000 1.3830 2.0000 -6.0000 -10.0000 -2.0000 -14.0000 6.0000 0.2500 0.2500 0.2500 0.2500 0.2500 1.2500 1.7820 3.2758 
1.0000 48.0000 1.0000 2.0000 1.0000 4.4000 2 -1.0000 1.0000 1.1370 -8.0000 0.0000 12.0000 -4.0000 8.0000 4.0000 0.2500 0.2500 0.2500 0.2500 0.2500 1.2500 1.8037 3.3092 
1.0000 11.0000 1.0000 -4.0000 0.0000 0.0000 8 1.0000 0.0000 1.1580 -6.0000 2.0000 6.0000 -14.0000 -2.0000 -10.0000 0.2278 0.1568 0.3407 0.1635 0.3539 1.2427 1.7961 3.2853 
1.0000 40.0000 2.0000 0.0000 0.0000 2.2000 8 1.0000 0.0000 2.1520 10.0000 -2.0000 -10.0000 2.0000 -6.0000 6.0000 0.1691 0.2226 0.3040 0.1809 0.3653 1.2419 1.8623 3.3511 
1.0000 50.0000 2.0000 2.0000 0.0000 -6.6000 8 1.0000 1.0000 2.1540 -4.0000 4.0000 12.0000 0.0000 8.0000 -8.0000 0.1938 0.3455 0.1623 0.2145 0.3305 1.2467 1.8233 3.3227 
1.0000 48.0000 2.0000 2.0000 1.0000 4.4000 2 -1.0000 1.0000 3.5410 12.0000 4.0000 -4.0000 8.0000 -8.0000 0.0000 0.2500 0.2500 0.2500 0.2500 0.2500 1.2500 1.8385 3.3258 
1.0000 22.0000 2.0000 -2.0000 0.0000 -6.6000 8 1.0000 1.0000 2.2230 -8.0000 4.0000 8.0000 -12.0000 0.0000 -4.0000 0.3217 0.2067 0.3654 0.1997 0.1573 1.2508 1.7788 3.2933 
1.0000 29.0000 2.0000 0.0000 1.0000 -6.6000 8 1.0000 1.0000 1.0020 -6.0000 6.0000 10.0000 -10.0000 2.0000 -2.0000 0.2500 0.2500 0.2500 0.2500 0.2500 1.2500 1.7541 3.2591 
1.0000 39.0000 2.0000 0.0000 0.0000 0.0000 2 -1.0000 0.0000 1.2970 10.0000 -2.0000 -10.0000 2.0000 -6.0000 6.0000 0.2185 0.1785 0.3005 0.3881 0.1618 1.2473 1.8471 3.3565 
1.0000 37.0000 2.0000 0.0000 0.0000 -4.4000 8 1.0000 1.0000 0.9910 -2.0000 6.0000 10.0000 -10.0000 2.0000 -6.0000 0.3216 0.2424 0.3073 0.1749 0.2048 1.2511 1.7905 3.2935 
1.0000 6.0000 2.0000 -4.0000 1.0000 4.4000 2 -1.0000 1.0000 1.5910 -10.0000 2.0000 6.0000 -14.0000 -2.0000 -6.0000 0.2500 0.2500 0.2500 0.2500 0.2500 1.2500 1.8947 3.3927 
1.0000 56.0000 2.0000 2.0000 0.0000 6.6000 8 1.0000 0.0000 4.4160 8.0000 -4.0000 -8.0000 12.0000 0.0000 4.0000 0.1754 0.3276 0.2294 0.3095 0.2030 1.2449 1.8635 3.3542 
1.0000 16.0000 2.0000 -2.0000 1.0000 -4.4000 8 1.0000 1.0000 2.3810 -8.0000 4.0000 8.0000 -12.0000 0.0000 -4.0000 0.2500 0.2500 0.2500 0.2500 0.2500 1.2500 1.8650 3.3593 
1.0000 21.0000 2.0000 -2.0000 1.0000 6.6000 2 -1.0000 1.0000 2.3420 0.0000 -8.0000 -12.0000 8.0000 -4.0000 4.0000 0.2500 0.2500 0.2500 0.2500 0.2500 1.2500 1.9919 3.4928 
1.0000 52.0000 2.0000 2.0000 0.0000 -2.2000 8 1.0000 1.0000 3.9180 0.0000 8.0000 12.0000 -8.0000 4.0000 -4.0000 0.3633 0.1548 0.1954 0.2916 0.2385 1.2437 1.9780 3.4697 
1.0000 66.0000 2.0000 4.0000 0.0000 -2.2000 2 -1.0000 0.0000 4.9450 14.0000 2.0000 -6.0000 6.0000 -2.0000 10.0000 0.1606 0.2188 0.1660 0.3195 0.3822 1.2471 1.8103 3.3231 
1.0000 46.0000 2.0000 2.0000 1.0000 0.0000 2 -1.0000 0.0000 0.8050 -8.0000 0.0000 12.0000 -4.0000 8.0000 4.0000 0.2500 0.2500 0.2500 0.2500 0.2500 1.2500 1.9391 3.4427 
1.0000 41.0000 2.0000 0.0000 0.0000 4.4000 2 -1.0000 1.0000 1.1020 -10.0000 2.0000 10.0000 -2.0000 6.0000 -6.0000 0.2796 0.1525 0.3280 0.2289 0.2639 1.2530 1.9428 3.4456 
1.0000 20.0000 2.0000 -2.0000 1.0000 4.4000 2 -1.0000 1.0000 0.9600 8.0000 -4.0000 -8.0000 0.0000 -12.0000 4.0000 0.2500 0.2500 0.2500 0.2500 0.2500 1.2500 1.9295 3.4259 
1.0000 7.0000 2.0000 -4.0000 1.0000 6.6000 2 -1.0000 1.0000 1.0910 -10.0000 2.0000 6.0000 -14.0000 -2.0000 -6.0000 0.2500 0.2500 0.2500 0.2500 0.2500 1.2500 1.7853 3.2925 
1.0000 38.0000 2.0000 0.0000 0.0000 -2.2000 8 1.0000 1.0000 0.9610 -10.0000 2.0000 10.0000 -2.0000 6.0000 -6.0000 0.1860 0.2211 0.3561 0.2207 0.2611 1.2450 1.8583 3.3543 
1.0000 33.0000 2.0000 0.0000 1.0000 2.2000 2 -1.0000 1.0000 2.8680 6.0000 -6.0000 -10.0000 10.0000 -2.0000 2.0000 0.2500 0.2500 0.2500 0.2500 0.2500 1.2500 1.8243 3.3258 
1.0000 54.0000 2.0000 2.0000 0.0000 2.2000 2 -1.0000 1.0000 1.3770 12.0000 0.0000 -4.0000 4.0000 -8.0000 8.0000 0.1831 0.2998 0.1964 0.3588 0.2132 1.2512 1.8304 3.3270 
1.0000 11.0000 2.0000 -4.0000 0.0000 0.0000 8 1.0000 0.0000 1.8860 -14.0000 -2.0000 6.0000 -6.0000 2.0000 -10.0000 0.1983 0.1553 0.2057 0.3790 0.3152 1.2535 1.9287 3.4295 
1.0000 57.0000 2.0000 4.0000 1.0000 -6.6000 8 1.0000 1.0000 0.8610 14.0000 2.0000 -6.0000 6.0000 -2.0000 10.0000 0.2500 0.2500 0.2500 0.2500 0.2500 1.2500 1.8255 3.3259 
1.0000 43.0000 2.0000 2.0000 1.0000 -6.6000 8 1.0000 1.0000 1.0050 4.0000 -4.0000 -8.0000 12.0000 0.0000 8.0000 0.2500 0.2500 0.2500 0.2500 0.2500 1.2500 1.9641 3.4592 
1.0000 69.0000 2.0000 4.0000 0.0000 4.4000 2 -1.0000 1.0000 3.3370 14.0000 6.0000 -2.0000 10.0000 -6.0000 2.0000 0.2954 0.1558 0.3544 0.1730 0.2645 1.2431 1.9529 3.4525 
1.0000 70.0000 2.0000 4.0000 0.0000 6.6000 2 -1.0000 1.0000 2.1770 6.0000 -2.0000 -6.0000 14.0000 2.0000 10.0000 0.1956 0.2535 0.3257 0.2623 0.2118 1.2489 1.8923 3.3914 
1.0000 65.0000 2.0000 4.0000 0.0000 -4.4000 8 1.0000 1.0000 1.2170 2.0000 10.0000 14.0000 -6.0000 6.0000 -2.0000 0.3306 0.1747 0.3261 0.1731 0.2542 1.2587 1.9819 3.5014 
1.0000 27.0000 2.0000 -2.0000 0.0000 4.4000 2 -1.0000 1.0000 1.8330 -8.0000 0.0000 8.0000 -4.0000 4.0000 -12.0000 0.2471 0.3944 0.1863 0.2699 0.1579 1.2558 1.8206 3.3317 
1.0000 18.0000 2.0000 -2.0000 1.0000 0.0000 2 -1.0000 0.0000 1.3040 -12.0000 0.0000 8.0000 -4.0000 4.0000 -8.0000 0.2500 0.2500 0.2500 0.2500 0.2500 1.2500 1.8537 3.3593 
1.0000 28.0000 2.0000 -2.0000 0.0000 6.6000 2 -1.0000 1.0000 2.1080 4.0000 -4.0000 -12.0000 0.0000 -8.0000 8.0000 0.2328 0.1692 0.2742 0.2450 0.3323 1.2535 1.8761 3.3793 
1.0000 1.0000 2.0000 -4.0000 1.0000 -6.6000 8 1.0000 1.0000 0.8250 6.0000 -6.0000 -14.0000 -2.0000 -10.0000 2.0000 0.2500 0.2500 0.2500 0.2500 0.2500 1.2500 1.7700 3.2760 
1.0000 25.0000 2.0000 -2.0000 0.0000 0.0000 2 -1.0000 0.0000 2.0740 -12.0000 -4.0000 4.0000 -8.0000 8.0000 0.0000 0.3435 0.1941 0.2430 0.2765 0.2008 1.2580 1.8206 3.3170 
1.0000 2.0000 2.0000 -4.0000 1.0000 -4.4000 8 1.0000 1.0000 1.4210 -10.0000 2.0000 6.0000 -14.0000 -2.0000 -6.0000 0.2500 0.2500 0.2500 0.2500 0.2500 1.2500 1.7561 3.2425 
1.0000 44.0000 2.0000 2.0000 1.0000 -4.4000 8 1.0000 1.0000 0.8780 -8.0000 4.0000 8.0000 0.0000 12.0000 -4.0000 0.2500 0.2500 0.2500 0.2500 0.2500 1.2500 1.7858 3.2758 
1.0000 67.0000 2.0000 4.0000 0.0000 0.0000 2 -1.0000 0.0000 2.4850 10.0000 -2.0000 -6.0000 14.0000 2.0000 6.0000 0.1953 0.3135 0.2767 0.2018 0.2645 1.2518 1.7925 3.3109 
1.0000 5.0000 2.0000 -4.0000 1.0000 2.2000 2 -1.0000 1.0000 1.0310 -6.0000 2.0000 6.0000 -14.0000 -2.0000 -10.0000 0.2500 0.2500 0.2500 0.2500 0.2500 1.2500 1.8597 3.3593 
1.0000 9.0000 2.0000 -4.0000 0.0000 -4.4000 8 1.0000 1.0000 1.0980 -14.0000 -2.0000 6.0000 -6.0000 2.0000 -10.0000 0.2238 0.3031 0.2235 0.2879 0.2209 1.2593 1.9542 3.4685 
1.0000 36.0000 2.0000 0.0000 0.0000 -6.6000 8 1.0000 1.0000 3.5720 6.0000 -2.0000 -6.0000 2.0000 -10.0000 10.0000 0.2840 0.1604 0.3289 0.2773 0.2058 1.2564 1.9069 3.4156 
1.0000 3.0000 2.0000 -4.0000 1.0000 -2.2000 8 1.0000 1.0000 1.2090 2.0000 -6.0000 -14.0000 -2.0000 -10.0000 6.0000 0.2500 0.2500 0.2500 0.2500 0.2500 1.2500 1.8668 3.3760 
1.0000 14.0000 2.0000 -4.0000 0.0000 6.6000 2 -1.0000 1.0000 0.9890 6.0000 -2.0000 -10.0000 2.0000 -14.0000 -6.0000 0.3453 0.2113 0.3059 0.1748 0.2190 1.2563 1.9922 3.4989 
1.0000 32.0000 2.0000 0.0000 1.0000 0.0000 2 -1.0000 0.0000 2.3080 10.0000 -2.0000 -10.0000 2.0000 -6.0000 6.0000 0.2500 0.2500 0.2500 0.2500 0.2500 1.2500 1.8501 3.3425 
1.0000 47.0000 2.0000 2.0000 1.0000 2.2000 2 -1.0000 1.0000 0.9850 8.0000 0.0000 -4.0000 4.0000 -8.0000 12.0000 0.2500 0.2500 0.2500 0.2500 0.2500 1.2500 1.8406 3.3424 
1.0000 31.0000 2.0000 0.0000 1.0000 -2.2000 8 1.0000 1.0000 0.8770 -2.0000 6.0000 10.0000 -10.0000 2.0000 -6.0000 0.2500 0.2500 0.2500 0.2500 0.2500 1.2500 1.7552 3.2591 
1.0000 35.0000 2.0000 0.0000 1.0000 6.6000 2 -1.0000 1.0000 0.9670 10.0000 -2.0000 -6.0000 2.0000 -10.0000 6.0000 0.2500 0.2500 0.2500 0.2500 0.2500 1.2500 1.9417 3.4425 
1.0000 49.0000 2.0000 2.0000 1.0000 6.6000 2 -1.0000 1.0000 2.6490 8.0000 -4.0000 -8.0000 12.0000 0.0000 4.0000 0.2500 0.2500 0.2500 0.2500 0.2500 1.2500 1.8187 3.3092 
1.0000 45.0000 2.0000 2.0000 1.0000 -2.2000 2 -1.0000 0.0000 1.4820 -8.0000 0.0000 8.0000 -4.0000 12.0000 4.0000 0.2500 0.2500 0.2500 0.2500 0.2500 1.2500 1.9434 3.4592 
1.0000 15.0000 2.0000 -2.0000 1.0000 -6.6000 8 1.0000 1.0000 1.4030 -8.0000 4.0000 8.0000 -12.0000 0.0000 -4.0000 0.2500 0.2500 0.2500 0.2500 0.2500 1.2500 1.9562 3.4593 
1.0000 61.0000 2.0000 4.0000 1.0000 2.2000 2 -1.0000 1.0000 1.7010 14.0000 2.0000 -6.0000 6.0000 -2.0000 10.0000 0.2500 0.2500 0.2500 0.2500 0.2500 1.2500 1.9553 3.4593 
1.0000 63.0000 2.0000 4.0000 1.0000 6.6000 2 -1.0000 1.0000 1.1720 14.0000 2.0000 -6.0000 6.0000 -2.0000 10.0000 0.2500 0.2500 0.2500 0.2500 0.2500 1.2500 1.7882 3.2926 
1.0000 60.0000 2.0000 4.0000 1.0000 0.0000 8 1.0000 0.0000 2.9660 14.0000 2.0000 -2.0000 6.0000 -6.0000 10.0000 0.2500 0.2500 0.2500 0.2500 0.2500 1.2500 1.8159 3.3260 
1.0000 58.0000 2.0000 4.0000 1.0000 -4.4000 8 1.0000 1.0000 1.0820 10.0000 -2.0000 -6.0000 14.0000 2.0000 6.0000 0.2500 0.2500 0.2500 0.2500 0.2500 1.2500 1.9258 3.4259 
1.0000 4.0000 2.0000 -4.0000 1.0000 0.0000 8 1.0000 0.0000 1.0620 2.0000 -6.0000 -10.0000 -2.0000 -14.0000 6.0000 0.2500 0.2500 0.2500 0.2500 0.2500 1.2500 1.8952 3.3926 
1.0000 19.0000 2.0000 -2.0000 1.0000 2.2000 8 1.0000 0.0000 3.7430 -12.0000 0.0000 4.0000 -4.0000 8.0000 -8.0000 0.2500 0.2500 0.2500 0.2500 0.2500 1.2500 1.7703 3.2591 
1.0000 23.0000 2.0000 -2.0000 0.0000 -4.4000 8 1.0000 1.0000 1.1090 8.0000 -4.0000 -8.0000 0.0000 -12.0000 4.0000 0.1561 0.2452 0.1909 0.2694 0.3859 1.2476 1.7982 3.2902 
1.0000 59.0000 2.0000 4.0000 1.0000 -2.2000 8 1.0000 1.0000 3.2980 14.0000 2.0000 -6.0000 6.0000 -2.0000 10.0000 0.2500 0.2500 0.2500 0.2500 0.2500 1.2500 1.9789 3.4761 
1.0000 34.0000 2.0000 0.0000 1.0000 4.4000 2 -1.0000 1.0000 3.6460 -10.0000 -2.0000 10.0000 -6.0000 6.0000 2.0000 0.2500 0.2500 0.2500 0.2500 0.2500 1.2500 1.8314 3.3425 
1.0000 13.0000 2.0000 -4.0000 0.0000 4.4000 2 -1.0000 1.0000 1.1130 -14.0000 -2.0000 2.0000 -6.0000 6.0000 -10.0000 0.2596 0.3568 0.1928 0.2556 0.1888 1.2536 1.8522 3.3630 
1.0000 64.0000 2.0000 4.0000 0.0000 -6.6000 8 1.0000 1.0000 1.5320 -6.0000 2.0000 14.0000 -2.0000 10.0000 6.0000 0.3447 0.2600 0.1608 0.2872 0.1946 1.2473 1.8222 3.3232 
1.0000 10.0000 2.0000 -4.0000 0.0000 -2.2000 8 1.0000 1.0000 2.1310 -10.0000 2.0000 6.0000 -14.0000 -2.0000 -6.0000 0.2074 0.3586 0.1785 0.3275 0.1738 1.2458 1.7709 3.2715 
1.0000 53.0000 2.0000 2.0000 0.0000 0.0000 2 -1.0000 0.0000 2.1070 -8.0000 4.0000 8.0000 0.0000 12.0000 -4.0000 0.1763 0.3099 0.2192 0.2454 0.3050 1.2558 1.8840 3.3984 
1.0000 68.0000 2.0000 4.0000 0.0000 2.2000 2 -1.0000 1.0000 1.0850 14.0000 6.0000 -2.0000 10.0000 -6.0000 2.0000 0.3030 0.1603 0.2118 0.2991 0.2722 1.2464 1.8786 3.3724 
1.0000 17.0000 2.0000 -2.0000 1.0000 -2.2000 2 -1.0000 0.0000 1.7440 8.0000 -4.0000 -12.0000 0.0000 -8.0000 4.0000 0.2500 0.2500 0.2500 0.2500 0.2500 1.2500 1.9252 3.4260 
1.0000 8.0000 2.0000 -4.0000 0.0000 -6.6000 8 1.0000 1.0000 1.3580 6.0000 -2.0000 -10.0000 2.0000 -14.0000 -6.0000 0.1697 0.2417 0.1994 0.3007 0.3410 1.2525 1.9549 3.4618 
1.0000 55.0000 2.0000 2.0000 0.0000 4.4000 2 -1.0000 1.0000 2.0220 -8.0000 0.0000 12.0000 -4.0000 8.0000 4.0000 0.1534 0.2028 0.3409 0.3037 0.2516 1.2525 1.9200 3.4117 
1.0000 30.0000 2.0000 0.0000 1.0000 -4.4000 8 1.0000 1.0000 1.4710 10.0000 2.0000 -6.0000 6.0000 -10.0000 -2.0000 0.2500 0.2500 0.2500 0.2500 0.2500 1.2500 1.7765 3.2759 
1.0000 62.0000 2.0000 4.0000 1.0000 4.4000 2 -1.0000 1.0000 1.2720 14.0000 6.0000 -2.0000 10.0000 -6.0000 2.0000 0.2500 0.2500 0.2500 0.2500 0.2500 1.2500 1.9199 3.4260 
1.0000 51.0000 2.0000 2.0000 0.0000 -4.4000 2 -1.0000 0.0000 0.9700 -8.0000 4.0000 12.0000 0.0000 8.0000 -4.0000 0.2784 0.1851 0.2654 0.2078 0.3049 1.2416 1.7698 3.2673 
1.0000 12.0000 2.0000 -4.0000 0.0000 2.2000 2 -1.0000 1.0000 2.7770 6.0000 -6.0000 -10.0000 -2.0000 -14.0000 2.0000 0.2824 0.2352 0.3369 0.1779 0.2207 1.2531 1.8696 3.3789 
1.0000 24.0000 2.0000 -2.0000 0.0000 -2.2000 8 1.0000 1.0000 0.6130 4.0000 -4.0000 -8.0000 0.0000 -12.0000 8.0000 0.2802 0.1678 0.3263 0.2249 0.2519 1.2510 1.9290 3.4270 
1.0000 42.0000 2.0000 0.0000 0.0000 6.6000 2 -1.0000 1.0000 0.8320 -6.0000 2.0000 6.0000 -2.0000 10.0000 -10.0000 0.2339 0.2967 0.2035 0.2781 0.2299 1.2419 1.9600 3.4511 
1.0000 26.0000 2.0000 -2.0000 0.0000 2.2000 8 1.0000 0.0000 3.3130 4.0000 -4.0000 -12.0000 0.0000 -8.0000 8.0000 0.2875 0.2087 0.1611 0.3420 0.2492 1.2484 1.7936 3.2910 
1.0000 60.0000 3.0000 4.0000 1.0000 0.0000 2 -1.0000 0.0000 1.9790 14.0000 2.0000 -6.0000 6.0000 -2.0000 10.0000 0.2500 0.2500 0.2500 0.2500 0.2500 1.2500 1.8613 3.3760 
1.0000 12.0000 3.0000 -4.0000 0.0000 2.2000 8 1.0000 0.0000 2.2850 6.0000 -2.0000 -14.0000 2.0000 -10.0000 -6.0000 0.2518 0.3132 0.1985 0.3168 0.1630 1.2433 1.7905 3.2857 
1.0000 63.0000 3.0000 4.0000 1.0000 6.6000 2 -1.0000 1.0000 0.9380 -2.0000 10.0000 14.0000 -6.0000 6.0000 2.0000 0.2500 0.2500 0.2500 0.2500 0.2500 1.2500 1.8180 3.3258 
1.0000 69.0000 3.0000 4.0000 0.0000 4.4000 2 -1.0000 1.0000 0.8010 2.0000 10.0000 14.0000 -6.0000 6.0000 -2.0000 0.3056 0.1637 0.2731 0.2306 0.2745 1.2474 1.9420 3.4401 
1.0000 42.0000 3.0000 0.0000 0.0000 6.6000 2 -1.0000 1.0000 1.7600 -6.0000 2.0000 10.0000 -2.0000 6.0000 -10.0000 0.2965 0.2275 0.1798 0.3280 0.2252 1.2569 1.8373 3.3494 
1.0000 16.0000 3.0000 -2.0000 1.0000 -4.4000 8 1.0000 1.0000 1.1020 -8.0000 0.0000 8.0000 -4.0000 4.0000 -12.0000 0.2500 0.2500 0.2500 0.2500 0.2500 1.2500 1.9410 3.4427 
1.0000 35.0000 3.0000 0.0000 1.0000 6.6000 2 -1.0000 1.0000 0.7000 6.0000 -2.0000 -6.0000 2.0000 -10.0000 10.0000 0.2500 0.2500 0.2500 0.2500 0.2500 1.2500 1.9753 3.4760 
1.0000 54.0000 3.0000 2.0000 0.0000 2.2000 2 -1.0000 1.0000 0.7840 12.0000 4.0000 -4.0000 8.0000 -8.0000 0.0000 0.1660 0.2995 0.1899 0.3712 0.2251 1.2517 1.8764 3.3776 
1.0000 53.0000 3.0000 2.0000 0.0000 0.0000 2 -1.0000 0.0000 1.2210 0.0000 8.0000 12.0000 -8.0000 4.0000 -4.0000 0.2164 0.1616 0.3077 0.1776 0.3877 1.2511 1.7510 3.2435 
1.0000 38.0000 3.0000 0.0000 0.0000 -2.2000 2 -1.0000 0.0000 1.6410 10.0000 2.0000 -6.0000 6.0000 -10.0000 -2.0000 0.2171 0.3894 0.2789 0.2202 0.1509 1.2564 1.9644 3.4656 
1.0000 47.0000 3.0000 2.0000 1.0000 2.2000 2 -1.0000 1.0000 0.8900 12.0000 0.0000 -8.0000 4.0000 -4.0000 8.0000 0.2500 0.2500 0.2500 0.2500 0.2500 1.2500 1.7626 3.2593 
1.0000 8.0000 3.0000 -4.0000 0.0000 -6.6000 2 -1.0000 0.0000 1.1930 -10.0000 -2.0000 2.0000 -6.0000 6.0000 -14.0000 0.1698 0.3069 0.3667 0.2504 0.1518 1.2457 1.9742 3.4715 
1.0000 59.0000 3.0000 4.0000 1.0000 -2.2000 8 1.0000 1.0000 1.2170 -2.0000 6.0000 10.0000 2.0000 14.0000 -6.0000 0.2500 0.2500 0.2500 0.2500 0.2500 1.2500 1.8011 3.3093 
1.0000 68.0000 3.0000 4.0000 0.0000 2.2000 2 -1.0000 1.0000 1.2240 -2.0000 6.0000 14.0000 2.0000 10.0000 -6.0000 0.3693 0.1570 0.2233 0.1710 0.3384 1.2590 1.8694 3.3850 
1.0000 64.0000 3.0000 4.0000 0.0000 -6.6000 8 1.0000 1.0000 0.8810 10.0000 -2.0000 -6.0000 14.0000 2.0000 6.0000 0.2502 0.1865 0.2598 0.3601 0.1984 1.2551 1.8067 3.3143 
1.0000 44.0000 3.0000 2.0000 1.0000 -4.4000 8 1.0000 1.0000 1.0020 -4.0000 8.0000 12.0000 -8.0000 4.0000 0.0000 0.2500 0.2500 0.2500 0.2500 0.2500 1.2500 1.9201 3.4261 
1.0000 3.0000 3.0000 -4.0000 1.0000 -2.2000 8 1.0000 1.0000 0.8710 2.0000 -10.0000 -14.0000 6.0000 -6.0000 -2.0000 0.2500 0.2500 0.2500 0.2500 0.2500 1.2500 1.9163 3.4092 
1.0000 25.0000 3.0000 -2.0000 0.0000 0.0000 8 1.0000 0.0000 0.9650 0.0000 -8.0000 -12.0000 8.0000 -4.0000 4.0000 0.2754 0.2240 0.1617 0.3185 0.2698 1.2495 1.8273 3.3253 
1.0000 15.0000 3.0000 -2.0000 1.0000 -6.6000 8 1.0000 1.0000 2.0650 0.0000 -8.0000 -12.0000 8.0000 -4.0000 4.0000 0.2500 0.2500 0.2500 0.2500 0.2500 1.2500 1.7970 3.2924 
1.0000 31.0000 3.0000 0.0000 1.0000 -2.2000 8 1.0000 1.0000 1.5320 2.0000 -6.0000 -10.0000 10.0000 -2.0000 6.0000 0.2500 0.2500 0.2500 0.2500 0.2500 1.2500 1.8762 3.3760 
1.0000 40.0000 3.0000 0.0000 0.0000 2.2000 2 -1.0000 1.0000 1.2510 6.0000 -6.0000 -10.0000 10.0000 -2.0000 2.0000 0.2776 0.3204 0.2070 0.2943 0.1502 1.2494 1.7594 3.2586 
1.0000 46.0000 3.0000 2.0000 1.0000 0.0000 2 -1.0000 0.0000 1.4790 4.0000 -4.0000 -8.0000 12.0000 0.0000 8.0000 0.2500 0.2500 0.2500 0.2500 0.2500 1.2500 1.9216 3.4091 
1.0000 6.0000 3.0000 -4.0000 1.0000 4.4000 2 -1.0000 1.0000 0.8630 -2.0000 -10.0000 -14.0000 6.0000 -6.0000 2.0000 0.2500 0.2500 0.2500 0.2500 0.2500 1.2500 1.9491 3.4593 
1.0000 4.0000 3.0000 -4.0000 1.0000 0.0000 2 -1.0000 0.0000 0.9210 6.0000 -2.0000 -10.0000 2.0000 -14.0000 -6.0000 0.2500 0.2500 0.2500 0.2500 0.2500 1.2500 1.9363 3.4426 
1.0000 36.0000 3.0000 0.0000 0.0000 -6.6000 8 1.0000 1.0000 1.1590 -10.0000 -2.0000 6.0000 -6.0000 10.0000 2.0000 0.2273 0.2682 0.1871 0.2185 0.3396 1.2407 1.7570 3.2498 
1.0000 19.0000 3.0000 -2.0000 1.0000 2.2000 2 -1.0000 1.0000 1.2890 8.0000 0.0000 -12.0000 4.0000 -8.0000 -4.0000 0.2500 0.2500 0.2500 0.2500 0.2500 1.2500 1.8424 3.3427 
1.0000 62.0000 3.0000 4.0000 1.0000 4.4000 2 -1.0000 1.0000 1.0630 -6.0000 2.0000 10.0000 -2.0000 14.0000 6.0000 0.2500 0.2500 0.2500 0.2500 0.2500 1.2500 1.7760 3.2758 
1.0000 70.0000 3.0000 4.0000 0.0000 6.6000 2 -1.0000 1.0000 0.8330 -2.0000 6.0000 14.0000 2.0000 10.0000 -6.0000 0.2046 0.3660 0.1729 0.3122 0.1964 1.2521 1.9363 3.4448 
1.0000 61.0000 3.0000 4.0000 1.0000 2.2000 2 -1.0000 1.0000 0.6740 10.0000 2.0000 -6.0000 6.0000 -2.0000 14.0000 0.2500 0.2500 0.2500 0.2500 0.2500 1.2500 1.8309 3.3259 
1.0000 52.0000 3.0000 2.0000 0.0000 -2.2000 2 -1.0000 0.0000 0.8410 -8.0000 4.0000 8.0000 0.0000 12.0000 -4.0000 0.2095 0.1518 0.2294 0.3914 0.2626 1.2447 1.7981 3.2872 
1.0000 49.0000 3.0000 2.0000 1.0000 6.6000 2 -1.0000 1.0000 0.8700 12.0000 4.0000 -4.0000 8.0000 -8.0000 0.0000 0.2500 0.2500 0.2500 0.2500 0.2500 1.2500 1.9035 3.4092 
1.0000 43.0000 3.0000 2.0000 1.0000 -6.6000 8 1.0000 1.0000 2.0050 -8.0000 4.0000 12.0000 0.0000 8.0000 -4.0000 0.2500 0.2500 0.2500 0.2500 0.2500 1.2500 1.9999 3.4927 
1.0000 14.0000 3.0000 -4.0000 0.0000 6.6000 2 -1.0000 1.0000 1.4290 6.0000 -6.0000 -10.0000 -2.0000 -14.0000 2.0000 0.3340 0.3648 0.1513 0.2370 0.1678 1.2549 1.8424 3.3475 
1.0000 22.0000 3.0000 -2.0000 0.0000 -6.6000 8 1.0000 1.0000 2.0930 -12.0000 -4.0000 8.0000 -8.0000 4.0000 0.0000 0.3671 0.3243 0.1683 0.2340 0.1504 1.2441 1.8897 3.3700 
1.0000 7.0000 3.0000 -4.0000 1.0000 6.6000 8 1.0000 0.0000 4.2390 -14.0000 -6.0000 2.0000 -10.0000 6.0000 -2.0000 0.2500 0.2500 0.2500 0.2500 0.2500 1.2500 1.8707 3.3759 
1.0000 33.0000 3.0000 0.0000 1.0000 2.2000 2 -1.0000 1.0000 1.2140 6.0000 -2.0000 -10.0000 2.0000 -6.0000 10.0000 0.2500 0.2500 0.2500 0.2500 0.2500 1.2500 1.9847 3.4926 
1.0000 39.0000 3.0000 0.0000 0.0000 0.0000 2 -1.0000 0.0000 0.9800 10.0000 2.0000 -6.0000 6.0000 -10.0000 -2.0000 0.2849 0.2071 0.2652 0.3200 0.1639 1.2412 1.8619 3.3504 
1.0000 34.0000 3.0000 0.0000 1.0000 4.4000 2 -1.0000 1.0000 0.8560 6.0000 -2.0000 -6.0000 2.0000 -10.0000 10.0000 0.2500 0.2500 0.2500 0.2500 0.2500 1.2500 1.7653 3.2759 
1.0000 65.0000 3.0000 4.0000 0.0000 -4.4000 2 -1.0000 0.0000 3.2420 -6.0000 6.0000 10.0000 2.0000 14.0000 -2.0000 0.2228 0.3571 0.2783 0.2069 0.1751 1.2403 1.7845 3.2828 
1.0000 13.0000 3.0000 -4.0000 0.0000 4.4000 2 -1.0000 1.0000 1.5080 -6.0000 2.0000 6.0000 -14.0000 -2.0000 -10.0000 0.2031 0.3133 0.1933 0.2330 0.3135 1.2561 1.9195 3.4321 
1.0000 28.0000 3.0000 -2.0000 0.0000 6.6000 2 -1.0000 1.0000 1.3700 -8.0000 0.0000 8.0000 -4.0000 4.0000 -12.0000 0.2596 0.2227 0.1841 0.3259 0.2610 1.2533 1.8162 3.3125 
1.0000 27.0000 3.0000 -2.0000 0.0000 4.4000 2 -1.0000 1.0000 2.4390 8.0000 0.0000 -12.0000 4.0000 -8.0000 -4.0000 0.2902 0.1610 0.2825 0.2230 0.2932 1.2498 1.8898 3.3924 
1.0000 45.0000 3.0000 2.0000 1.0000 -2.2000 2 -1.0000 0.0000 3.5230 8.0000 0.0000 -8.0000 4.0000 -4.0000 12.0000 0.2500 0.2500 0.2500 0.2500 0.2500 1.2500 1.9364 3.4259 
1.0000 24.0000 3.0000 -2.0000 0.0000 -2.2000 8 1.0000 1.0000 1.9080 -8.0000 4.0000 8.0000 -12.0000 0.0000 -4.0000 0.2320 0.1752 0.2057 0.3996 0.2394 1.2519 1.9289 3.4277 
1.0000 26.0000 3.0000 -2.0000 0.0000 2.2000 2 -1.0000 1.0000 2.0400 4.0000 -4.0000 -8.0000 0.0000 -12.0000 8.0000 0.1700 0.2570 0.1725 0.3465 0.2991 1.2451 1.9567 3.4544 
1.0000 9.0000 3.0000 -4.0000 0.0000 -4.4000 8 1.0000 1.0000 1.1750 2.0000 -6.0000 -10.0000 -2.0000 -14.0000 6.0000 0.3456 0.1669 0.3658 0.2103 0.1695 1.2581 1.8289 3.3506 
1.0000 66.0000 3.0000 4.0000 0.0000 -2.2000 8 1.0000 1.0000 2.6610 10.0000 2.0000 -2.0000 6.0000 -6.0000 14.0000 0.2966 0.1928 0.2574 0.3278 0.1747 1.2494 1.9001 3.4086 
1.0000 18.0000 3.0000 -2.0000 1.0000 0.0000 2 -1.0000 0.0000 1.5850 -8.0000 0.0000 8.0000 -4.0000 4.0000 -12.0000 0.2500 0.2500 0.2500 0.2500 0.2500 1.2500 1.8538 3.3592 
1.0000 50.0000 3.0000 2.0000 0.0000 -6.6000 8 1.0000 1.0000 1.3740 12.0000 4.0000 -8.0000 8.0000 -4.0000 0.0000 0.3483 0.2868 0.1839 0.2735 0.1671 1.2597 1.9306 3.4356 
1.0000 41.0000 3.0000 0.0000 0.0000 4.4000 2 -1.0000 1.0000 2.5780 -6.0000 2.0000 6.0000 -2.0000 10.0000 -10.0000 0.3703 0.2088 0.2828 0.2175 0.1633 1.2428 1.8050 3.3019 
1.0000 51.0000 3.0000 2.0000 0.0000 -4.4000 8 1.0000 1.0000 2.0060 12.0000 4.0000 -8.0000 8.0000 -4.0000 0.0000 0.2938 0.1528 0.3279 0.2605 0.2196 1.2546 1.9308 3.4306 
1.0000 1.0000 3.0000 -4.0000 1.0000 -6.6000 8 1.0000 1.0000 1.6660 6.0000 -2.0000 -14.0000 2.0000 -10.0000 -6.0000 0.2500 0.2500 0.2500 0.2500 0.2500 1.2500 1.7652 3.2591 
1.0000 48.0000 3.0000 2.0000 1.0000 4.4000 2 -1.0000 1.0000 1.1700 4.0000 -4.0000 -8.0000 12.0000 0.0000 8.0000 0.2500 0.2500 0.2500 0.2500 0.2500 1.2500 1.9435 3.4427 
1.0000 67.0000 3.0000 4.0000 0.0000 0.0000 2 -1.0000 0.0000 0.8410 2.0000 10.0000 14.0000 -6.0000 6.0000 -2.0000 0.2432 0.1861 0.2387 0.3144 0.2603 1.2428 1.7512 3.2353 
1.0000 2.0000 3.0000 -4.0000 1.0000 -4.4000 8 1.0000 1.0000 0.9400 -6.0000 2.0000 6.0000 -14.0000 -2.0000 -10.0000 0.2500 0.2500 0.2500 0.2500 0.2500 1.2500 1.9507 3.4592 
1.0000 17.0000 3.0000 -2.0000 1.0000 -2.2000 8 1.0000 1.0000 2.2870 -8.0000 0.0000 4.0000 -4.0000 8.0000 -12.0000 0.2500 0.2500 0.2500 0.2500 0.2500 1.2500 1.7733 3.2759 
1.0000 30.0000 3.0000 0.0000 1.0000 -4.4000 8 1.0000 1.0000 0.9230 10.0000 -2.0000 -6.0000 2.0000 -10.0000 6.0000 0.2500 0.2500 0.2500 0.2500 0.2500 1.2500 1.8414 3.3425 
1.0000 58.0000 3.0000 4.0000 1.0000 -4.4000 2 -1.0000 0.0000 3.2960 14.0000 6.0000 -2.0000 10.0000 -6.0000 2.0000 0.2500 0.2500 0.2500 0.2500 0.2500 1.2500 1.8429 3.3425 
1.0000 56.0000 3.0000 2.0000 0.0000 6.6000 2 -1.0000 1.0000 2.5780 -4.0000 4.0000 8.0000 0.0000 12.0000 -8.0000 0.1528 0.3137 0.2317 0.3498 0.1978 1.2457 1.8428 3.3382 
1.0000 23.0000 3.0000 -2.0000 0.0000 -4.4000 8 1.0000 1.0000 1.2160 -12.0000 0.0000 8.0000 -4.0000 4.0000 -8.0000 0.1601 0.3817 0.2210 0.1813 0.3087 1.2528 1.9066 3.4121 
1.0000 10.0000 3.0000 -4.0000 0.0000 -2.2000 8 1.0000 1.0000 1.1990 -10.0000 -2.0000 6.0000 -6.0000 2.0000 -14.0000 0.3191 0.2165 0.1744 0.3609 0.1776 1.2484 1.8493 3.3410 
1.0000 5.0000 3.0000 -4.0000 1.0000 2.2000 2 -1.0000 1.0000 2.7330 -10.0000 -2.0000 2.0000 -6.0000 6.0000 -14.0000 0.2500 0.2500 0.2500 0.2500 0.2500 1.2500 1.9230 3.4260 
1.0000 29.0000 3.0000 0.0000 1.0000 -6.6000 8 1.0000 1.0000 0.9570 -6.0000 2.0000 10.0000 -2.0000 6.0000 -10.0000 0.2500 0.2500 0.2500 0.2500 0.2500 1.2500 1.9290 3.4260 
1.0000 11.0000 3.0000 -4.0000 0.0000 0.0000 8 1.0000 0.0000 2.2850 6.0000 -2.0000 -10.0000 2.0000 -14.0000 -6.0000 0.2119 0.2816 0.1605 0.3115 0.2773 1.2427 1.8849 3.3686 
1.0000 21.0000 3.0000 -2.0000 1.0000 6.6000 2 -1.0000 1.0000 2.0010 4.0000 -8.0000 -12.0000 8.0000 -4.0000 0.0000 0.2500 0.2500 0.2500 0.2500 0.2500 1.2500 1.8365 3.3258 
1.0000 32.0000 3.0000 0.0000 1.0000 0.0000 2 -1.0000 0.0000 2.1550 -6.0000 2.0000 6.0000 -2.0000 10.0000 -10.0000 0.2500 0.2500 0.2500 0.2500 0.2500 1.2500 1.7842 3.2925 
1.0000 20.0000 3.0000 -2.0000 1.0000 4.4000 2 -1.0000 1.0000 1.2750 0.0000 -8.0000 -12.0000 8.0000 -4.0000 4.0000 0.2500 0.2500 0.2500 0.2500 0.2500 1.2500 1.8798 3.3927 
1.0000 55.0000 3.0000 2.0000 0.0000 4.4000 2 -1.0000 1.0000 1.3370 12.0000 4.0000 -4.0000 8.0000 -8.0000 0.0000 0.2382 0.3680 0.1866 0.3040 0.1622 1.2590 1.9650 3.4848 
1.0000 37.0000 3.0000 0.0000 0.0000 -4.4000 8 1.0000 1.0000 1.2030 -6.0000 6.0000 10.0000 -10.0000 2.0000 -2.0000 0.1888 0.3854 0.1888 0.1548 0.3348 1.2526 1.8876 3.3951 
1.0000 57.0000 3.0000 4.0000 1.0000 -6.6000 8 1.0000 1.0000 0.9750 14.0000 2.0000 -6.0000 6.0000 -2.0000 10.0000 0.2500 0.2500 0.2500 0.2500 0.2500 1.2500 1.9268 3.4259 
1.0000 48.0000 4.0000 2.0000 1.0000 4.4000 2 -1.0000 1.0000 3.0230 -4.0000 4.0000 12.0000 0.0000 8.0000 -8.0000 0.2500 0.2500 0.2500 0.2500 0.2500 1.2500 1.9057 3.4092 
1.0000 35.0000 4.0000 0.0000 1.0000 6.6000 2 -1.0000 1.0000 1.4970 10.0000 -2.0000 -10.0000 2.0000 -6.0000 6.0000 0.2500 0.2500 0.2500 0.2500 0.2500 1.2500 1.9498 3.4425 
1.0000 59.0000 4.0000 4.0000 1.0000 -2.2000 2 -1.0000 0.0000 2.6120 -6.0000 2.0000 10.0000 -2.0000 14.0000 6.0000 0.2500 0.2500 0.2500 0.2500 0.2500 1.2500 1.8477 3.3425 
1.0000 62.0000 4.0000 4.0000 1.0000 4.4000 2 -1.0000 1.0000 1.6190 -2.0000 6.0000 10.0000 2.0000 14.0000 -6.0000 0.2500 0.2500 0.2500 0.2500 0.2500 1.2500 1.8583 3.3593 
1.0000 53.0000 4.0000 2.0000 0.0000 0.0000 2 -1.0000 0.0000 1.4460 4.0000 -4.0000 -8.0000 12.0000 0.0000 8.0000 0.1856 0.3307 0.3031 0.2698 0.1513 1.2405 1.8375 3.3163 
1.0000 65.0000 4.0000 4.0000 0.0000 -4.4000 8 1.0000 1.0000 3.0830 -2.0000 10.0000 14.0000 -6.0000 6.0000 2.0000 0.2234 0.1679 0.2906 0.2142 0.3612 1.2573 1.8275 3.3498 
1.0000 15.0000 4.0000 -2.0000 1.0000 -6.6000 8 1.0000 1.0000 1.0930 -4.0000 4.0000 8.0000 -12.0000 0.0000 -8.0000 0.2500 0.2500 0.2500 0.2500 0.2500 1.2500 1.8418 3.3425 
1.0000 70.0000 4.0000 4.0000 0.0000 6.6000 2 -1.0000 1.0000 2.5510 2.0000 10.0000 14.0000 -6.0000 6.0000 -2.0000 0.2427 0.3753 0.1646 0.3046 0.1687 1.2560 1.9393 3.4485 
1.0000 25.0000 4.0000 -2.0000 0.0000 0.0000 8 1.0000 0.0000 1.8970 -4.0000 4.0000 8.0000 -12.0000 0.0000 -8.0000 0.2356 0.1921 0.3117 0.2449 0.2748 1.2589 1.7938 3.3015 
1.0000 20.0000 4.0000 -2.0000 1.0000 4.4000 2 -1.0000 1.0000 1.3800 0.0000 -8.0000 -12.0000 8.0000 -4.0000 4.0000 0.2500 0.2500 0.2500 0.2500 0.2500 1.2500 1.8975 3.3927 
1.0000 37.0000 4.0000 0.0000 0.0000 -4.4000 8 1.0000 1.0000 1.0150 -10.0000 -2.0000 10.0000 -6.0000 6.0000 2.0000 0.1720 0.2652 0.2916 0.3450 0.1753 1.2492 1.9794 3.4752 
1.0000 5.0000 4.0000 -4.0000 1.0000 2.2000 2 -1.0000 1.0000 3.4400 6.0000 -2.0000 -10.0000 2.0000 -14.0000 -6.0000 0.2500 0.2500 0.2500 0.2500 0.2500 1.2500 1.7879 3.2926 
1.0000 64.0000 4.0000 4.0000 0.0000 -6.6000 8 1.0000 1.0000 3.0950 14.0000 2.0000 -2.0000 6.0000 -6.0000 10.0000 0.2343 0.1772 0.2546 0.3386 0.2496 1.2543 1.8002 3.2968 
1.0000 3.0000 4.0000 -4.0000 1.0000 -2.2000 8 1.0000 1.0000 0.9870 -14.0000 -6.0000 6.0000 -10.0000 2.0000 -2.0000 0.2500 0.2500 0.2500 0.2500 0.2500 1.2500 1.8739 3.3760 
1.0000 24.0000 4.0000 -2.0000 0.0000 -2.2000 8 1.0000 1.0000 1.8330 8.0000 0.0000 -12.0000 4.0000 -8.0000 -4.0000 0.3735 0.2210 0.2648 0.1788 0.2094 1.2476 1.9465 3.4401 
1.0000 47.0000 4.0000 2.0000 1.0000 2.2000 2 -1.0000 1.0000 1.2060 12.0000 4.0000 -4.0000 8.0000 -8.0000 0.0000 0.2500 0.2500 0.2500 0.2500 0.2500 1.2500 1.7958 3.3092 
1.0000 16.0000 4.0000 -2.0000 1.0000 -4.4000 8 1.0000 1.0000 1.1960 0.0000 -8.0000 -12.0000 8.0000 -4.0000 4.0000 0.2500 0.2500 0.2500 0.2500 0.2500 1.2500 1.9186 3.4258 
1.0000 57.0000 4.0000 4.0000 1.0000 -6.6000 8 1.0000 1.0000 1.2150 14.0000 6.0000 -6.0000 10.0000 -2.0000 2.0000 0.2500 0.2500 0.2500 0.2500 0.2500 1.2500 1.7784 3.2758 
1.0000 22.0000 4.0000 -2.0000 0.0000 -6.6000 8 1.0000 1.0000 1.1970 8.0000 -4.0000 -12.0000 0.0000 -8.0000 4.0000 0.1935 0.3010 0.3481 0.2496 0.1536 1.2458 1.8641 3.3717 
1.0000 50.0000 4.0000 2.0000 0.0000 -6.6000 8 1.0000 1.0000 0.8840 12.0000 0.0000 -8.0000 4.0000 -4.0000 8.0000 0.3493 0.1854 0.2247 0.3087 0.1803 1.2485 1.8361 3.3410 
1.0000 10.0000 4.0000 -4.0000 0.0000 -2.2000 8 1.0000 1.0000 0.6220 -10.0000 -2.0000 2.0000 -6.0000 6.0000 -14.0000 0.3645 0.1562 0.3129 0.2435 0.1668 1.2439 1.7828 3.2697 
1.0000 13.0000 4.0000 -4.0000 0.0000 4.4000 2 -1.0000 1.0000 1.7650 -6.0000 2.0000 6.0000 -14.0000 -2.0000 -10.0000 0.1746 0.3352 0.2430 0.3543 0.1526 1.2597 1.8178 3.3189 
1.0000 43.0000 4.0000 2.0000 1.0000 -6.6000 8 1.0000 1.0000 1.4160 8.0000 0.0000 -8.0000 4.0000 -4.0000 12.0000 0.2500 0.2500 0.2500 0.2500 0.2500 1.2500 1.9952 3.4926 
1.0000 14.0000 4.0000 -4.0000 0.0000 6.6000 2 -1.0000 1.0000 1.3370 6.0000 -2.0000 -14.0000 2.0000 -10.0000 -6.0000 0.1542 0.2608 0.3206 0.2255 0.2852 1.2463 1.8054 3.3054 
1.0000 18.0000 4.0000 -2.0000 1.0000 0.0000 8 1.0000 0.0000 3.0970 -8.0000 4.0000 8.0000 -12.0000 0.0000 -4.0000 0.2500 0.2500 0.2500 0.2500 0.2500 1.2500 1.7727 3.2757 
1.0000 32.0000 4.0000 0.0000 1.0000 0.0000 8 1.0000 0.0000 3.0750 6.0000 -2.0000 -10.0000 2.0000 -6.0000 10.0000 0.2500 0.2500 0.2500 0.2500 0.2500 1.2500 1.8251 3.3258 
1.0000 49.0000 4.0000 2.0000 1.0000 6.6000 2 -1.0000 1.0000 1.1000 -8.0000 4.0000 12.0000 0.0000 8.0000 -4.0000 0.2500 0.2500 0.2500 0.2500 0.2500 1.2500 1.8791 3.3927 
1.0000 45.0000 4.0000 2.0000 1.0000 -2.2000 8 1.0000 1.0000 1.5390 -8.0000 0.0000 12.0000 -4.0000 8.0000 4.0000 0.2500 0.2500 0.2500 0.2500 0.2500 1.2500 1.9629 3.4761 
1.0000 69.0000 4.0000 4.0000 0.0000 4.4000 2 -1.0000 1.0000 1.5210 14.0000 2.0000 -6.0000 6.0000 -2.0000 10.0000 0.2985 0.1657 0.2604 0.2051 0.3269 1.2566 1.9696 3.4824 
1.0000 23.0000 4.0000 -2.0000 0.0000 -4.4000 8 1.0000 1.0000 1.6100 4.0000 -8.0000 -12.0000 8.0000 -4.0000 0.0000 0.3402 0.2585 0.2013 0.2658 0.1857 1.2515 1.8519 3.3606 
1.0000 8.0000 4.0000 -4.0000 0.0000 -6.6000 8 1.0000 1.0000 1.1010 -2.0000 -10.0000 -14.0000 6.0000 -6.0000 2.0000 0.3025 0.1932 0.2260 0.2907 0.2413 1.2536 1.7953 3.2961 
1.0000 34.0000 4.0000 0.0000 1.0000 4.4000 2 -1.0000 1.0000 1.5400 -10.0000 2.0000 10.0000 -2.0000 6.0000 -6.0000 0.2500 0.2500 0.2500 0.2500 0.2500 1.2500 1.9430 3.4426 
1.0000 40.0000 4.0000 0.0000 0.0000 2.2000 2 -1.0000 1.0000 2.0820 -6.0000 2.0000 10.0000 -2.0000 6.0000 -10.0000 0.3223 0.2275 0.1585 0.3157 0.2358 1.2597 1.7605 3.2689 
1.0000 6.0000 4.0000 -4.0000 1.0000 4.4000 2 -1.0000 1.0000 2.2420 6.0000 -6.0000 -10.0000 -2.0000 -14.0000 2.0000 0.2500 0.2500 0.2500 0.2500 0.2500 1.2500 1.8177 3.3092 
1.0000 11.0000 4.0000 -4.0000 0.0000 0.0000 8 1.0000 0.0000 1.1820 6.0000 -2.0000 -14.0000 2.0000 -10.0000 -6.0000 0.2435 0.1898 0.3139 0.2749 0.2307 1.2529 1.8648 3.3621 
1.0000 26.0000 4.0000 -2.0000 0.0000 2.2000 2 -1.0000 1.0000 2.6670 -12.0000 0.0000 4.0000 -4.0000 8.0000 -8.0000 0.2172 0.3528 0.2899 0.2164 0.1729 1.2493 1.9461 3.4419 
1.0000 55.0000 4.0000 2.0000 0.0000 4.4000 2 -1.0000 1.0000 1.6000 8.0000 0.0000 -4.0000 4.0000 -8.0000 12.0000 0.2028 0.3271 0.1637 0.2255 0.3218 1.2409 1.8349 3.3335 
1.0000 67.0000 4.0000 4.0000 0.0000 0.0000 2 -1.0000 0.0000 1.3270 14.0000 2.0000 -6.0000 6.0000 -2.0000 10.0000 0.3107 0.1538 0.3052 0.2797 0.1912 1.2406 1.8985 3.3998 
1.0000 44.0000 4.0000 2.0000 1.0000 -4.4000 2 -1.0000 0.0000 0.7840 8.0000 0.0000 -4.0000 4.0000 -8.0000 12.0000 0.2500 0.2500 0.2500 0.2500 0.2500 1.2500 1.8540 3.3592 
1.0000 42.0000 4.0000 0.0000 0.0000 6.6000 2 -1.0000 1.0000 0.6270 6.0000 -2.0000 -10.0000 2.0000 -6.0000 10.0000 0.2783 0.3979 0.1504 0.2501 0.1736 1.2503 1.7900 3.2927 
1.0000 41.0000 4.0000 0.0000 0.0000 4.4000 2 -1.0000 1.0000 0.7820 -10.0000 -2.0000 10.0000 -6.0000 6.0000 2.0000 0.2162 0.3533 0.2611 0.1780 0.2383 1.2470 1.9557 3.4562 
1.0000 63.0000 4.0000 4.0000 1.0000 6.6000 2 -1.0000 1.0000 0.5450 -6.0000 2.0000 10.0000 -2.0000 14.0000 6.0000 0.2500 0.2500 0.2500 0.2500 0.2500 1.2500 1.9829 3.4926 
1.0000 68.0000 4.0000 4.0000 0.0000 2.2000 2 -1.0000 1.0000 0.5290 14.0000 6.0000 -6.0000 10.0000 -2.0000 2.0000 0.2244 0.3018 0.2517 0.1915 0.2844 1.2539 1.8957 3.3964 
1.0000 46.0000 4.0000 2.0000 1.0000 0.0000 2 -1.0000 0.0000 0.5450 12.0000 4.0000 -4.0000 8.0000 -8.0000 0.0000 0.2500 0.2500 0.2500 0.2500 0.2500 1.2500 1.7799 3.2758 
1.0000 33.0000 4.0000 0.0000 1.0000 2.2000 2 -1.0000 1.0000 1.1240 -6.0000 6.0000 10.0000 -10.0000 2.0000 -2.0000 0.2500 0.2500 0.2500 0.2500 0.2500 1.2500 1.8472 3.3426 
1.0000 60.0000 4.0000 4.0000 1.0000 0.0000 2 -1.0000 0.0000 1.2360 6.0000 -2.0000 -6.0000 14.0000 2.0000 10.0000 0.2500 0.2500 0.2500 0.2500 0.2500 1.2500 1.8853 3.3759 
1.0000 17.0000 4.0000 -2.0000 1.0000 -2.2000 8 1.0000 1.0000 1.0910 -12.0000 -4.0000 4.0000 -8.0000 8.0000 0.0000 0.2500 0.2500 0.2500 0.2500 0.2500 1.2500 1.8917 3.3925 
1.0000 36.0000 4.0000 0.0000 0.0000 -6.6000 8 1.0000 1.0000 0.4180 6.0000 -6.0000 -10.0000 10.0000 -2.0000 2.0000 0.2267 0.3492 0.1514 0.3107 0.2133 1.2512 1.9812 3.4772 
1.0000 51.0000 4.0000 2.0000 0.0000 -4.4000 8 1.0000 1.0000 0.4530 12.0000 4.0000 -8.0000 8.0000 -4.0000 0.0000 0.2245 0.1660 0.2598 0.2904 0.3181 1.2588 1.9843 3.4847 
1.0000 29.0000 4.0000 0.0000 1.0000 -6.6000 8 1.0000 1.0000 0.5480 -6.0000 2.0000 6.0000 -2.0000 10.0000 -10.0000 0.2500 0.2500 0.2500 0.2500 0.2500 1.2500 1.9435 3.4592 
1.0000 38.0000 4.0000 0.0000 0.0000 -2.2000 2 -1.0000 0.0000 1.7610 -6.0000 6.0000 10.0000 -10.0000 2.0000 -2.0000 0.3008 0.1940 0.2243 0.2841 0.2461 1.2494 1.7616 3.2752 
1.0000 28.0000 4.0000 -2.0000 0.0000 6.6000 2 -1.0000 1.0000 1.0810 -12.0000 0.0000 4.0000 -4.0000 8.0000 -8.0000 0.2180 0.3308 0.2372 0.1817 0.2895 1.2572 1.8572 3.3663 
1.0000 31.0000 4.0000 0.0000 1.0000 -2.2000 8 1.0000 1.0000 1.0260 -6.0000 2.0000 6.0000 -2.0000 10.0000 -10.0000 0.2500 0.2500 0.2500 0.2500 0.2500 1.2500 1.9275 3.4258 
1.0000 21.0000 4.0000 -2.0000 1.0000 6.6000 2 -1.0000 1.0000 1.7220 4.0000 -4.0000 -8.0000 0.0000 -12.0000 8.0000 0.2500 0.2500 0.2500 0.2500 0.2500 1.2500 1.8537 3.3592 
1.0000 52.0000 4.0000 2.0000 0.0000 -2.2000 8 1.0000 1.0000 1.0640 4.0000 -4.0000 -8.0000 12.0000 0.0000 8.0000 0.2223 0.3119 0.2323 0.2582 0.2278 1.2526 1.9881 3.4953 
1.0000 4.0000 4.0000 -4.0000 1.0000 0.0000 8 1.0000 0.0000 2.6620 2.0000 -6.0000 -14.0000 -2.0000 -10.0000 6.0000 0.2500 0.2500 0.2500 0.2500 0.2500 1.2500 1.7695 3.2759 
1.0000 9.0000 4.0000 -4.0000 0.0000 -4.4000 8 1.0000 1.0000 0.7780 2.0000 -6.0000 -10.0000 -2.0000 -14.0000 6.0000 0.1588 0.3295 0.1933 0.3632 0.1982 1.2430 1.9237 3.4189 
1.0000 61.0000 4.0000 4.0000 1.0000 2.2000 8 1.0000 0.0000 3.0140 14.0000 6.0000 -6.0000 10.0000 -2.0000 2.0000 0.2500 0.2500 0.2500 0.2500 0.2500 1.2500 1.8145 3.3091 
1.0000 27.0000 4.0000 -2.0000 0.0000 4.4000 2 -1.0000 1.0000 1.4060 8.0000 0.0000 -12.0000 4.0000 -8.0000 -4.0000 0.1788 0.2548 0.2077 0.2713 0.3392 1.2519 1.7812 3.2776 
1.0000 56.0000 4.0000 2.0000 0.0000 6.6000 2 -1.0000 1.0000 0.8800 -4.0000 4.0000 8.0000 0.0000 12.0000 -8.0000 0.3673 0.2283 0.1758 0.3201 0.1651 1.2566 1.9816 3.4826 
1.0000 66.0000 4.0000 4.0000 0.0000 -2.2000 2 -1.0000 0.0000 1.6370 -2.0000 10.0000 14.0000 -6.0000 6.0000 2.0000 0.2931 0.1883 0.3313 0.2828 0.1599 1.2554 1.8482 3.3646 
1.0000 58.0000 4.0000 4.0000 1.0000 -4.4000 2 -1.0000 0.0000 3.3340 -6.0000 6.0000 14.0000 2.0000 10.0000 -2.0000 0.2500 0.2500 0.2500 0.2500 0.2500 1.2500 1.7889 3.2926 
1.0000 19.0000 4.0000 -2.0000 1.0000 2.2000 8 1.0000 0.0000 1.3180 8.0000 0.0000 -12.0000 4.0000 -8.0000 -4.0000 0.2500 0.2500 0.2500 0.2500 0.2500 1.2500 1.8484 3.3593 
1.0000 39.0000 4.0000 0.0000 0.0000 0.0000 8 1.0000 0.0000 1.4780 -10.0000 -2.0000 6.0000 -6.0000 10.0000 2.0000 0.1967 0.2882 0.2145 0.2531 0.3042 1.2567 1.9318 3.4493 
1.0000 54.0000 4.0000 2.0000 0.0000 2.2000 2 -1.0000 1.0000 2.7010 -4.0000 4.0000 8.0000 0.0000 12.0000 -8.0000 0.2592 0.1588 0.2222 0.3432 0.2763 1.2597 1.9825 3.4857 
1.0000 30.0000 4.0000 0.0000 1.0000 -4.4000 8 1.0000 1.0000 1.5550 2.0000 -6.0000 -10.0000 10.0000 -2.0000 6.0000 0.2500 0.2500 0.2500 0.2500 0.2500 1.2500 1.7856 3.2926 
1.0000 2.0000 4.0000 -4.0000 1.0000 -4.4000 8 1.0000 1.0000 1.4080 2.0000 -6.0000 -14.0000 -2.0000 -10.0000 6.0000 0.2500 0.2500 0.2500 0.2500 0.2500 1.2500 1.7528 3.2424 
1.0000 7.0000 4.0000 -4.0000 1.0000 6.6000 2 -1.0000 1.0000 1.4990 2.0000 -10.0000 -14.0000 6.0000 -6.0000 -2.0000 0.2500 0.2500 0.2500 0.2500 0.2500 1.2500 1.9606 3.4592 
1.0000 1.0000 4.0000 -4.0000 1.0000 -6.6000 8 1.0000 1.0000 1.3620 -14.0000 -6.0000 6.0000 -10.0000 2.0000 -2.0000 0.2500 0.2500 0.2500 0.2500 0.2500 1.2500 1.8367 3.3258 
1.0000 12.0000 4.0000 -4.0000 0.0000 2.2000 2 -1.0000 1.0000 1.5480 2.0000 -6.0000 -14.0000 -2.0000 -10.0000 6.0000 0.3590 0.2487 0.2017 0.2395 0.2077 1.2565 1.9922 3.4991  
1.0000 32.0000 5.0000 0.0000 1.0000 0.0000 2 -1.0000 0.0000 1.1510 -10.0000 -2.0000 10.0000 -6.0000 6.0000 2.0000 0.2500 0.2500 0.2500 0.2500 0.2500 1.2500 1.7697 3.2591 
1.0000 5.0000 5.0000 -4.0000 1.0000 2.2000 2 -1.0000 1.0000 0.6820 -10.0000 2.0000 6.0000 -14.0000 -2.0000 -6.0000 0.2500 0.2500 0.2500 0.2500 0.2500 1.2500 1.8101 3.3092 
1.0000 20.0000 5.0000 -2.0000 1.0000 4.4000 2 -1.0000 1.0000 0.6210 -4.0000 4.0000 8.0000 -12.0000 0.0000 -8.0000 0.2500 0.2500 0.2500 0.2500 0.2500 1.2500 1.8785 3.3758 
1.0000 45.0000 5.0000 2.0000 1.0000 -2.2000 2 -1.0000 0.0000 0.6600 -8.0000 0.0000 8.0000 -4.0000 12.0000 4.0000 0.2500 0.2500 0.2500 0.2500 0.2500 1.2500 1.8863 3.3927 
1.0000 49.0000 5.0000 2.0000 1.0000 6.6000 2 -1.0000 1.0000 0.8030 12.0000 4.0000 -4.0000 8.0000 -8.0000 0.0000 0.2500 0.2500 0.2500 0.2500 0.2500 1.2500 1.9905 3.4926 
1.0000 43.0000 5.0000 2.0000 1.0000 -6.6000 8 1.0000 1.0000 1.2650 12.0000 4.0000 -4.0000 8.0000 -8.0000 0.0000 0.2500 0.2500 0.2500 0.2500 0.2500 1.2500 1.8572 3.3592 
1.0000 70.0000 5.0000 4.0000 0.0000 6.6000 2 -1.0000 1.0000 0.8930 -2.0000 6.0000 10.0000 2.0000 14.0000 -6.0000 0.2938 0.2225 0.1845 0.3708 0.1736 1.2453 1.8686 3.3711 
1.0000 25.0000 5.0000 -2.0000 0.0000 0.0000 8 1.0000 0.0000 1.4700 8.0000 -4.0000 -8.0000 0.0000 -12.0000 4.0000 0.1997 0.3896 0.1600 0.2064 0.2938 1.2495 1.9334 3.4421 
1.0000 16.0000 5.0000 -2.0000 1.0000 -4.4000 8 1.0000 1.0000 0.8040 4.0000 -4.0000 -8.0000 0.0000 -12.0000 8.0000 0.2500 0.2500 0.2500 0.2500 0.2500 1.2500 1.8020 3.3092 
1.0000 2.0000 5.0000 -4.0000 1.0000 -4.4000 8 1.0000 1.0000 1.1930 -10.0000 -2.0000 6.0000 -6.0000 2.0000 -14.0000 0.2500 0.2500 0.2500 0.2500 0.2500 1.2500 1.7944 3.2926 
1.0000 15.0000 5.0000 -2.0000 1.0000 -6.6000 8 1.0000 1.0000 0.8210 4.0000 -4.0000 -8.0000 0.0000 -12.0000 8.0000 0.2500 0.2500 0.2500 0.2500 0.2500 1.2500 1.9265 3.4259 
1.0000 1.0000 5.0000 -4.0000 1.0000 -6.6000 8 1.0000 1.0000 1.1560 2.0000 -6.0000 -14.0000 -2.0000 -10.0000 6.0000 0.2500 0.2500 0.2500 0.2500 0.2500 1.2500 1.8292 3.3258 
1.0000 11.0000 5.0000 -4.0000 0.0000 0.0000 2 -1.0000 0.0000 1.7640 -14.0000 -6.0000 2.0000 -10.0000 6.0000 -2.0000 0.2530 0.1596 0.2128 0.3340 0.2858 1.2452 1.7596 3.2544 
1.0000 59.0000 5.0000 4.0000 1.0000 -2.2000 2 -1.0000 0.0000 0.6920 10.0000 -2.0000 -6.0000 14.0000 2.0000 6.0000 0.2500 0.2500 0.2500 0.2500 0.2500 1.2500 1.8880 3.3761 
1.0000 34.0000 5.0000 0.0000 1.0000 4.4000 2 -1.0000 1.0000 0.6870 10.0000 2.0000 -6.0000 6.0000 -10.0000 -2.0000 0.2500 0.2500 0.2500 0.2500 0.2500 1.2500 1.8443 3.3425 
1.0000 57.0000 5.0000 4.0000 1.0000 -6.6000 2 -1.0000 0.0000 0.9770 10.0000 2.0000 -2.0000 6.0000 -6.0000 14.0000 0.2500 0.2500 0.2500 0.2500 0.2500 1.2500 1.9019 3.4092 
1.0000 26.0000 5.0000 -2.0000 0.0000 2.2000 2 -1.0000 1.0000 0.7060 -8.0000 0.0000 4.0000 -4.0000 8.0000 -12.0000 0.2059 0.3793 0.1623 0.2999 0.1973 1.2447 1.8583 3.3539 
1.0000 65.0000 5.0000 4.0000 0.0000 -4.4000 2 -1.0000 0.0000 0.8690 -6.0000 2.0000 10.0000 -2.0000 14.0000 6.0000 0.2536 0.3827 0.1798 0.2452 0.1817 1.2430 1.8513 3.3524 
1.0000 35.0000 5.0000 0.0000 1.0000 6.6000 2 -1.0000 1.0000 0.7270 -6.0000 6.0000 10.0000 -10.0000 2.0000 -2.0000 0.2500 0.2500 0.2500 0.2500 0.2500 1.2500 1.9620 3.4592 
1.0000 64.0000 5.0000 4.0000 0.0000 -6.6000 8 1.0000 1.0000 0.7920 14.0000 6.0000 -2.0000 10.0000 -6.0000 2.0000 0.2106 0.2853 0.3140 0.2363 0.2103 1.2564 1.8917 3.3991 
1.0000 14.0000 5.0000 -4.0000 0.0000 6.6000 2 -1.0000 1.0000 1.0280 2.0000 -10.0000 -14.0000 6.0000 -6.0000 -2.0000 0.1612 0.3469 0.1653 0.3539 0.2159 1.2432 1.7613 3.2524 
1.0000 56.0000 5.0000 2.0000 0.0000 6.6000 2 -1.0000 1.0000 1.0470 -8.0000 0.0000 8.0000 -4.0000 12.0000 4.0000 0.1503 0.3361 0.1580 0.3244 0.2839 1.2527 1.9429 3.4454 
1.0000 48.0000 5.0000 2.0000 1.0000 4.4000 2 -1.0000 1.0000 1.0550 12.0000 4.0000 -8.0000 8.0000 -4.0000 0.0000 0.2500 0.2500 0.2500 0.2500 0.2500 1.2500 1.7864 3.2925 
1.0000 42.0000 5.0000 0.0000 0.0000 6.6000 2 -1.0000 1.0000 1.2850 -6.0000 2.0000 6.0000 -2.0000 10.0000 -10.0000 0.1773 0.3426 0.1853 0.2172 0.3306 1.2531 1.8832 3.3790 
1.0000 17.0000 5.0000 -2.0000 1.0000 -2.2000 8 1.0000 1.0000 2.8570 8.0000 -4.0000 -12.0000 0.0000 -8.0000 4.0000 0.2500 0.2500 0.2500 0.2500 0.2500 1.2500 1.8721 3.3760 
1.0000 51.0000 5.0000 2.0000 0.0000 -4.4000 2 -1.0000 0.0000 2.0880 -8.0000 4.0000 12.0000 0.0000 8.0000 -4.0000 0.2949 0.2591 0.1783 0.3264 0.1961 1.2548 1.7835 3.2805 
1.0000 63.0000 5.0000 4.0000 1.0000 6.6000 2 -1.0000 1.0000 0.8120 14.0000 2.0000 -6.0000 6.0000 -2.0000 10.0000 0.2500 0.2500 0.2500 0.2500 0.2500 1.2500 1.8686 3.3592 
1.0000 29.0000 5.0000 0.0000 1.0000 -6.6000 2 -1.0000 0.0000 3.2410 6.0000 -2.0000 -10.0000 2.0000 -6.0000 10.0000 0.2500 0.2500 0.2500 0.2500 0.2500 1.2500 1.8774 3.3925 
1.0000 40.0000 5.0000 0.0000 0.0000 2.2000 2 -1.0000 1.0000 0.6130 -10.0000 -2.0000 6.0000 -6.0000 10.0000 2.0000 0.3883 0.2889 0.1856 0.2125 0.1795 1.2549 1.8388 3.3475 
1.0000 54.0000 5.0000 2.0000 0.0000 2.2000 2 -1.0000 1.0000 0.5660 12.0000 4.0000 -4.0000 8.0000 -8.0000 0.0000 0.2365 0.1646 0.3661 0.2858 0.1903 1.2434 1.8048 3.3025 
1.0000 67.0000 5.0000 4.0000 0.0000 0.0000 2 -1.0000 0.0000 0.6570 -2.0000 6.0000 14.0000 2.0000 10.0000 -6.0000 0.2404 0.3159 0.2820 0.2363 0.1801 1.2547 1.7813 3.2971 
1.0000 66.0000 5.0000 4.0000 0.0000 -2.2000 2 -1.0000 0.0000 1.0990 -2.0000 6.0000 14.0000 2.0000 10.0000 -6.0000 0.1850 0.2940 0.1660 0.2672 0.3301 1.2423 1.9875 3.4848 
1.0000 37.0000 5.0000 0.0000 0.0000 -4.4000 8 1.0000 1.0000 2.2690 -6.0000 6.0000 10.0000 -10.0000 2.0000 -2.0000 0.3328 0.1970 0.2861 0.1836 0.2560 1.2554 1.8924 3.3981 
1.0000 8.0000 5.0000 -4.0000 0.0000 -6.6000 8 1.0000 1.0000 1.6720 -10.0000 -2.0000 6.0000 -6.0000 2.0000 -14.0000 0.1504 0.3217 0.2000 0.3928 0.1794 1.2443 1.8594 3.3536 
1.0000 55.0000 5.0000 2.0000 0.0000 4.4000 2 -1.0000 1.0000 1.3990 -4.0000 4.0000 8.0000 0.0000 12.0000 -8.0000 0.1642 0.3663 0.1794 0.3388 0.2113 1.2599 1.8231 3.3358 
1.0000 23.0000 5.0000 -2.0000 0.0000 -4.4000 8 1.0000 1.0000 1.0800 8.0000 0.0000 -8.0000 4.0000 -12.0000 -4.0000 0.2975 0.1916 0.2574 0.3326 0.1657 1.2449 1.9840 3.4709 
1.0000 47.0000 5.0000 2.0000 1.0000 2.2000 2 -1.0000 1.0000 0.7540 12.0000 0.0000 -4.0000 4.0000 -8.0000 8.0000 0.2500 0.2500 0.2500 0.2500 0.2500 1.2500 1.7731 3.2758 
1.0000 50.0000 5.0000 2.0000 0.0000 -6.6000 8 1.0000 1.0000 2.0470 12.0000 4.0000 -4.0000 8.0000 -8.0000 0.0000 0.1812 0.3653 0.2099 0.1704 0.3199 1.2468 1.8013 3.2893 
1.0000 30.0000 5.0000 0.0000 1.0000 -4.4000 8 1.0000 1.0000 0.7890 6.0000 -2.0000 -10.0000 2.0000 -6.0000 10.0000 0.2500 0.2500 0.2500 0.2500 0.2500 1.2500 1.7987 3.3093 
1.0000 44.0000 5.0000 2.0000 1.0000 -4.4000 2 -1.0000 0.0000 1.0050 12.0000 4.0000 -4.0000 8.0000 -8.0000 0.0000 0.2500 0.2500 0.2500 0.2500 0.2500 1.2500 1.8442 3.3592 
1.0000 31.0000 5.0000 0.0000 1.0000 -2.2000 2 -1.0000 0.0000 0.6890 -6.0000 2.0000 6.0000 -2.0000 10.0000 -10.0000 0.2500 0.2500 0.2500 0.2500 0.2500 1.2500 1.7608 3.2593 
1.0000 38.0000 5.0000 0.0000 0.0000 -2.2000 2 -1.0000 0.0000 2.1390 2.0000 -6.0000 -10.0000 10.0000 -2.0000 6.0000 0.2294 0.2015 0.2638 0.3151 0.2398 1.2496 1.8691 3.3754 
1.0000 28.0000 5.0000 -2.0000 0.0000 6.6000 2 -1.0000 1.0000 0.8870 4.0000 -4.0000 -8.0000 0.0000 -12.0000 8.0000 0.3723 0.3048 0.1639 0.2227 0.1876 1.2512 1.8252 3.3273 
1.0000 41.0000 5.0000 0.0000 0.0000 4.4000 2 -1.0000 1.0000 1.4210 6.0000 -2.0000 -6.0000 2.0000 -10.0000 10.0000 0.2783 0.2413 0.1790 0.2872 0.2605 1.2464 1.7842 3.2889 
1.0000 61.0000 5.0000 4.0000 1.0000 2.2000 2 -1.0000 1.0000 0.9440 -6.0000 2.0000 10.0000 -2.0000 14.0000 6.0000 0.2500 0.2500 0.2500 0.2500 0.2500 1.2500 1.7853 3.2925 
1.0000 22.0000 5.0000 -2.0000 0.0000 -6.6000 8 1.0000 1.0000 1.3090 -12.0000 0.0000 8.0000 -4.0000 4.0000 -8.0000 0.3251 0.2015 0.2387 0.3326 0.1597 1.2576 1.7542 3.2668 
1.0000 68.0000 5.0000 4.0000 0.0000 2.2000 2 -1.0000 1.0000 1.4080 -2.0000 10.0000 14.0000 -6.0000 6.0000 2.0000 0.2620 0.1623 0.3249 0.1532 0.3463 1.2486 1.8609 3.3578 
1.0000 27.0000 5.0000 -2.0000 0.0000 4.4000 2 -1.0000 1.0000 1.3720 -12.0000 0.0000 4.0000 -4.0000 8.0000 -8.0000 0.2655 0.1793 0.2849 0.2452 0.2717 1.2466 1.7608 3.2556 
1.0000 39.0000 5.0000 0.0000 0.0000 0.0000 2 -1.0000 0.0000 0.8240 -6.0000 6.0000 10.0000 -10.0000 2.0000 -2.0000 0.3611 0.2628 0.1775 0.2049 0.2413 1.2476 1.8313 3.3235 
1.0000 62.0000 5.0000 4.0000 1.0000 4.4000 2 -1.0000 1.0000 0.7780 14.0000 2.0000 -6.0000 6.0000 -2.0000 10.0000 0.2500 0.2500 0.2500 0.2500 0.2500 1.2500 1.9536 3.4425 
1.0000 46.0000 5.0000 2.0000 1.0000 0.0000 2 -1.0000 0.0000 0.6770 -4.0000 4.0000 12.0000 0.0000 8.0000 -8.0000 0.2500 0.2500 0.2500 0.2500 0.2500 1.2500 1.9663 3.4759 
1.0000 24.0000 5.0000 -2.0000 0.0000 -2.2000 8 1.0000 1.0000 1.5880 -12.0000 0.0000 4.0000 -4.0000 8.0000 -8.0000 0.2231 0.3603 0.1988 0.3161 0.1540 1.2523 1.7825 3.2949 
1.0000 53.0000 5.0000 2.0000 0.0000 0.0000 2 -1.0000 0.0000 1.6750 12.0000 4.0000 -8.0000 8.0000 -4.0000 0.0000 0.2265 0.1895 0.3297 0.1638 0.3370 1.2465 1.8769 3.3724 
1.0000 12.0000 5.0000 -4.0000 0.0000 2.2000 2 -1.0000 1.0000 1.0890 -14.0000 -2.0000 6.0000 -6.0000 2.0000 -10.0000 0.2319 0.1985 0.3693 0.2800 0.1701 1.2499 1.8283 3.3256 
1.0000 69.0000 5.0000 4.0000 0.0000 4.4000 2 -1.0000 1.0000 1.0220 14.0000 6.0000 -2.0000 10.0000 -6.0000 2.0000 0.2028 0.3415 0.1544 0.3202 0.2379 1.2567 1.8429 3.3492 
1.0000 18.0000 5.0000 -2.0000 1.0000 0.0000 2 -1.0000 0.0000 1.0130 -12.0000 -4.0000 8.0000 -8.0000 4.0000 0.0000 0.2500 0.2500 0.2500 0.2500 0.2500 1.2500 1.8276 3.3258 
1.0000 52.0000 5.0000 2.0000 0.0000 -2.2000 2 -1.0000 0.0000 0.8660 -4.0000 8.0000 12.0000 -8.0000 4.0000 0.0000 0.2875 0.1810 0.2765 0.1886 0.3249 1.2585 1.9045 3.4177 
1.0000 9.0000 5.0000 -4.0000 0.0000 -4.4000 8 1.0000 1.0000 1.3460 6.0000 -6.0000 -10.0000 -2.0000 -14.0000 2.0000 0.2726 0.1585 0.3983 0.1899 0.2372 1.2565 1.9579 3.4658 
1.0000 6.0000 5.0000 -4.0000 1.0000 4.4000 2 -1.0000 1.0000 1.0950 -10.0000 -2.0000 6.0000 -6.0000 2.0000 -14.0000 0.2500 0.2500 0.2500 0.2500 0.2500 1.2500 1.7876 3.2926 
1.0000 33.0000 5.0000 0.0000 1.0000 2.2000 2 -1.0000 1.0000 0.9160 -6.0000 2.0000 10.0000 -2.0000 6.0000 -10.0000 0.2500 0.2500 0.2500 0.2500 0.2500 1.2500 1.9042 3.3926 
1.0000 21.0000 5.0000 -2.0000 1.0000 6.6000 2 -1.0000 1.0000 0.7230 -12.0000 -4.0000 8.0000 -8.0000 4.0000 0.0000 0.2500 0.2500 0.2500 0.2500 0.2500 1.2500 1.9093 3.4092 
1.0000 7.0000 5.0000 -4.0000 1.0000 6.6000 2 -1.0000 1.0000 0.5720 -14.0000 -6.0000 2.0000 -10.0000 6.0000 -2.0000 0.2500 0.2500 0.2500 0.2500 0.2500 1.2500 1.7711 3.2591 
1.0000 3.0000 5.0000 -4.0000 1.0000 -2.2000 8 1.0000 1.0000 1.4010 2.0000 -6.0000 -10.0000 -2.0000 -14.0000 6.0000 0.2500 0.2500 0.2500 0.2500 0.2500 1.2500 1.8917 3.3925 
1.0000 19.0000 5.0000 -2.0000 1.0000 2.2000 2 -1.0000 1.0000 0.9470 4.0000 -4.0000 -8.0000 0.0000 -12.0000 8.0000 0.2500 0.2500 0.2500 0.2500 0.2500 1.2500 1.8328 3.3424 
1.0000 10.0000 5.0000 -4.0000 0.0000 -2.2000 2 -1.0000 0.0000 1.4560 -14.0000 -2.0000 2.0000 -6.0000 6.0000 -10.0000 0.2128 0.3638 0.2321 0.1630 0.2714 1.2430 1.9280 3.4188 
1.0000 36.0000 5.0000 0.0000 0.0000 -6.6000 8 1.0000 1.0000 1.4260 10.0000 -2.0000 -6.0000 2.0000 -10.0000 6.0000 0.1669 0.3836 0.2170 0.3175 0.1582 1.2432 1.9864 3.4858 
1.0000 13.0000 5.0000 -4.0000 0.0000 4.4000 2 -1.0000 1.0000 0.8890 -2.0000 -10.0000 -14.0000 6.0000 -6.0000 2.0000 0.1784 0.2056 0.2832 0.2478 0.3406 1.2556 1.8123 3.3148 
1.0000 60.0000 5.0000 4.0000 1.0000 0.0000 2 -1.0000 0.0000 0.8460 14.0000 2.0000 -6.0000 6.0000 -2.0000 10.0000 0.2500 0.2500 0.2500 0.2500 0.2500 1.2500 1.8445 3.3426 
1.0000 58.0000 5.0000 4.0000 1.0000 -4.4000 2 -1.0000 0.0000 0.8270 -6.0000 6.0000 14.0000 2.0000 10.0000 -2.0000 0.2500 0.2500 0.2500 0.2500 0.2500 1.2500 1.8392 3.3426 
1.0000 4.0000 5.0000 -4.0000 1.0000 0.0000 2 -1.0000 0.0000 1.3370 -14.0000 -6.0000 2.0000 -10.0000 6.0000 -2.0000 0.2500 0.2500 0.2500 0.2500 0.2500 1.2500 1.8980 3.3927 
1.0000 43.0000 6.0000 2.0000 1.0000 -6.6000 8 1.0000 1.0000 0.8580 12.0000 4.0000 -8.0000 8.0000 -4.0000 0.0000 0.2500 0.2500 0.2500 0.2500 0.2500 1.2500 1.9061 3.4093 
1.0000 35.0000 6.0000 0.0000 1.0000 6.6000 2 -1.0000 1.0000 0.8120 2.0000 -6.0000 -10.0000 10.0000 -2.0000 6.0000 0.2500 0.2500 0.2500 0.2500 0.2500 1.2500 1.7950 3.2924 
1.0000 49.0000 6.0000 2.0000 1.0000 6.6000 2 -1.0000 1.0000 1.0480 -8.0000 0.0000 12.0000 -4.0000 8.0000 4.0000 0.2500 0.2500 0.2500 0.2500 0.2500 1.2500 1.9228 3.4092 
1.0000 68.0000 6.0000 4.0000 0.0000 2.2000 2 -1.0000 1.0000 1.5880 14.0000 2.0000 -6.0000 6.0000 -2.0000 10.0000 0.3888 0.2405 0.1562 0.2121 0.2517 1.2494 1.7550 3.2420 
1.0000 31.0000 6.0000 0.0000 1.0000 -2.2000 8 1.0000 1.0000 1.5570 -2.0000 6.0000 10.0000 -10.0000 2.0000 -6.0000 0.2500 0.2500 0.2500 0.2500 0.2500 1.2500 1.7858 3.2926 
1.0000 30.0000 6.0000 0.0000 1.0000 -4.4000 8 1.0000 1.0000 0.9620 -6.0000 2.0000 10.0000 -2.0000 6.0000 -10.0000 0.2500 0.2500 0.2500 0.2500 0.2500 1.2500 1.9310 3.4426 
1.0000 5.0000 6.0000 -4.0000 1.0000 2.2000 8 1.0000 0.0000 2.4060 2.0000 -6.0000 -14.0000 -2.0000 -10.0000 6.0000 0.2500 0.2500 0.2500 0.2500 0.2500 1.2500 1.9823 3.4926 
1.0000 54.0000 6.0000 2.0000 0.0000 2.2000 2 -1.0000 1.0000 0.9740 8.0000 -4.0000 -8.0000 12.0000 0.0000 4.0000 0.2279 0.1766 0.2081 0.3558 0.2748 1.2431 1.8579 3.3522 
1.0000 67.0000 6.0000 4.0000 0.0000 0.0000 2 -1.0000 0.0000 0.7300 14.0000 6.0000 -2.0000 10.0000 -6.0000 2.0000 0.1562 0.2407 0.3351 0.1765 0.3318 1.2402 1.9701 3.4660 
1.0000 12.0000 6.0000 -4.0000 0.0000 2.2000 2 -1.0000 1.0000 0.9990 -10.0000 -2.0000 2.0000 -6.0000 6.0000 -14.0000 0.3250 0.1965 0.2923 0.2017 0.2320 1.2475 1.9879 3.4903 
1.0000 36.0000 6.0000 0.0000 0.0000 -6.6000 2 -1.0000 0.0000 1.9840 10.0000 2.0000 -10.0000 6.0000 -6.0000 -2.0000 0.1633 0.2623 0.3360 0.1861 0.2962 1.2440 1.8255 3.3198 
1.0000 50.0000 6.0000 2.0000 0.0000 -6.6000 2 -1.0000 0.0000 2.8800 12.0000 0.0000 -8.0000 4.0000 -4.0000 8.0000 0.2397 0.3436 0.2304 0.2729 0.1694 1.2561 1.8576 3.3652 
1.0000 69.0000 6.0000 4.0000 0.0000 4.4000 2 -1.0000 1.0000 1.6640 -2.0000 6.0000 14.0000 2.0000 10.0000 -6.0000 0.1533 0.3758 0.1770 0.3035 0.2457 1.2553 1.7520 3.2479 
1.0000 20.0000 6.0000 -2.0000 1.0000 4.4000 2 -1.0000 1.0000 1.0690 -12.0000 0.0000 8.0000 -4.0000 4.0000 -8.0000 0.2500 0.2500 0.2500 0.2500 0.2500 1.2500 1.9216 3.4093 
1.0000 58.0000 6.0000 4.0000 1.0000 -4.4000 2 -1.0000 0.0000 3.4570 14.0000 6.0000 -2.0000 10.0000 -6.0000 2.0000 0.2500 0.2500 0.2500 0.2500 0.2500 1.2500 1.8482 3.3426 
1.0000 32.0000 6.0000 0.0000 1.0000 0.0000 2 -1.0000 0.0000 0.5840 -10.0000 -2.0000 10.0000 -6.0000 6.0000 2.0000 0.2500 0.2500 0.2500 0.2500 0.2500 1.2500 1.8095 3.3092 
1.0000 34.0000 6.0000 0.0000 1.0000 4.4000 2 -1.0000 1.0000 0.8940 2.0000 -6.0000 -10.0000 10.0000 -2.0000 6.0000 0.2500 0.2500 0.2500 0.2500 0.2500 1.2500 1.8778 3.3760 
1.0000 10.0000 6.0000 -4.0000 0.0000 -2.2000 8 1.0000 1.0000 2.7090 -14.0000 -2.0000 6.0000 -6.0000 2.0000 -10.0000 0.2155 0.2740 0.2226 0.3408 0.1941 1.2471 1.7807 3.2897 
1.0000 23.0000 6.0000 -2.0000 0.0000 -4.4000 8 1.0000 1.0000 2.3320 -8.0000 0.0000 4.0000 -4.0000 8.0000 -12.0000 0.2176 0.3300 0.2001 0.3090 0.1964 1.2531 1.9773 3.4790 
1.0000 46.0000 6.0000 2.0000 1.0000 0.0000 2 -1.0000 0.0000 1.3620 4.0000 -4.0000 -8.0000 12.0000 0.0000 8.0000 0.2500 0.2500 0.2500 0.2500 0.2500 1.2500 1.9449 3.4427 
1.0000 56.0000 6.0000 2.0000 0.0000 6.6000 2 -1.0000 1.0000 1.0120 4.0000 -4.0000 -8.0000 12.0000 0.0000 8.0000 0.2014 0.2582 0.3496 0.1963 0.2499 1.2553 1.8078 3.3145 
1.0000 52.0000 6.0000 2.0000 0.0000 -2.2000 2 -1.0000 0.0000 0.7850 -8.0000 4.0000 12.0000 0.0000 8.0000 -4.0000 0.3211 0.1614 0.3455 0.2718 0.1548 1.2547 1.8749 3.3807 
1.0000 9.0000 6.0000 -4.0000 0.0000 -4.4000 8 1.0000 1.0000 1.1650 -14.0000 -6.0000 6.0000 -10.0000 2.0000 -2.0000 0.2788 0.2091 0.1607 0.3357 0.2604 1.2448 1.8446 3.3373 
1.0000 29.0000 6.0000 0.0000 1.0000 -6.6000 8 1.0000 1.0000 3.0270 -6.0000 2.0000 6.0000 -2.0000 10.0000 -10.0000 0.2500 0.2500 0.2500 0.2500 0.2500 1.2500 1.8980 3.3926 
1.0000 6.0000 6.0000 -4.0000 1.0000 4.4000 2 -1.0000 1.0000 0.7420 6.0000 -2.0000 -10.0000 2.0000 -14.0000 -6.0000 0.2500 0.2500 0.2500 0.2500 0.2500 1.2500 1.7863 3.2760 
1.0000 3.0000 6.0000 -4.0000 1.0000 -2.2000 8 1.0000 1.0000 1.6980 -10.0000 -2.0000 2.0000 -6.0000 6.0000 -14.0000 0.2500 0.2500 0.2500 0.2500 0.2500 1.2500 1.9830 3.4926 
1.0000 70.0000 6.0000 4.0000 0.0000 6.6000 2 -1.0000 1.0000 1.2690 10.0000 2.0000 -6.0000 6.0000 -2.0000 14.0000 0.3828 0.1716 0.2337 0.2045 0.2647 1.2573 1.8199 3.3333 
1.0000 57.0000 6.0000 4.0000 1.0000 -6.6000 8 1.0000 1.0000 1.1500 2.0000 10.0000 14.0000 -6.0000 6.0000 -2.0000 0.2500 0.2500 0.2500 0.2500 0.2500 1.2500 1.9284 3.4259 
1.0000 2.0000 6.0000 -4.0000 1.0000 -4.4000 8 1.0000 1.0000 1.6750 2.0000 -6.0000 -14.0000 -2.0000 -10.0000 6.0000 0.2500 0.2500 0.2500 0.2500 0.2500 1.2500 1.7909 3.2925 
1.0000 25.0000 6.0000 -2.0000 0.0000 0.0000 8 1.0000 0.0000 0.9150 0.0000 -8.0000 -12.0000 8.0000 -4.0000 4.0000 0.2563 0.3209 0.2509 0.1749 0.2379 1.2409 1.9471 3.4335 
1.0000 16.0000 6.0000 -2.0000 1.0000 -4.4000 8 1.0000 1.0000 0.5480 -4.0000 4.0000 8.0000 -12.0000 0.0000 -8.0000 0.2500 0.2500 0.2500 0.2500 0.2500 1.2500 1.9362 3.4424 
1.0000 41.0000 6.0000 0.0000 0.0000 4.4000 2 -1.0000 1.0000 1.2080 -6.0000 2.0000 10.0000 -2.0000 6.0000 -10.0000 0.2757 0.1507 0.3782 0.2589 0.1864 1.2499 1.9980 3.4925 
1.0000 17.0000 6.0000 -2.0000 1.0000 -2.2000 8 1.0000 1.0000 1.0280 8.0000 -4.0000 -12.0000 0.0000 -8.0000 4.0000 0.2500 0.2500 0.2500 0.2500 0.2500 1.2500 1.9692 3.4760 
1.0000 60.0000 6.0000 4.0000 1.0000 0.0000 2 -1.0000 0.0000 1.5080 -2.0000 6.0000 10.0000 2.0000 14.0000 -6.0000 0.2500 0.2500 0.2500 0.2500 0.2500 1.2500 1.7943 3.2925 
1.0000 24.0000 6.0000 -2.0000 0.0000 -2.2000 8 1.0000 1.0000 1.0790 -12.0000 0.0000 8.0000 -4.0000 4.0000 -8.0000 0.2944 0.2166 0.2544 0.3217 0.1585 1.2457 1.9136 3.4049 
1.0000 21.0000 6.0000 -2.0000 1.0000 6.6000 2 -1.0000 1.0000 1.0330 8.0000 0.0000 -12.0000 4.0000 -8.0000 -4.0000 0.2500 0.2500 0.2500 0.2500 0.2500 1.2500 1.7731 3.2592 
1.0000 44.0000 6.0000 2.0000 1.0000 -4.4000 8 1.0000 1.0000 0.8980 8.0000 0.0000 -4.0000 4.0000 -8.0000 12.0000 0.2500 0.2500 0.2500 0.2500 0.2500 1.2500 1.9623 3.4592 
1.0000 59.0000 6.0000 4.0000 1.0000 -2.2000 2 -1.0000 0.0000 1.7700 14.0000 6.0000 -2.0000 10.0000 -6.0000 2.0000 0.2500 0.2500 0.2500 0.2500 0.2500 1.2500 1.9118 3.4258 
1.0000 55.0000 6.0000 2.0000 0.0000 4.4000 2 -1.0000 1.0000 0.7180 8.0000 0.0000 -8.0000 4.0000 -4.0000 12.0000 0.2059 0.3251 0.2249 0.3442 0.1597 1.2597 1.8023 3.3190 
1.0000 45.0000 6.0000 2.0000 1.0000 -2.2000 2 -1.0000 0.0000 1.0910 8.0000 0.0000 -8.0000 4.0000 -4.0000 12.0000 0.2500 0.2500 0.2500 0.2500 0.2500 1.2500 1.9680 3.4761 
1.0000 1.0000 6.0000 -4.0000 1.0000 -6.6000 8 1.0000 1.0000 0.8430 6.0000 -2.0000 -10.0000 2.0000 -14.0000 -6.0000 0.2500 0.2500 0.2500 0.2500 0.2500 1.2500 1.7799 3.2759 
1.0000 40.0000 6.0000 0.0000 0.0000 2.2000 2 -1.0000 1.0000 0.6060 10.0000 -2.0000 -10.0000 2.0000 -6.0000 6.0000 0.2863 0.2351 0.1872 0.2336 0.3157 1.2579 1.9236 3.4337 
1.0000 42.0000 6.0000 0.0000 0.0000 6.6000 2 -1.0000 1.0000 1.1110 10.0000 2.0000 -10.0000 6.0000 -6.0000 -2.0000 0.1541 0.2969 0.3861 0.2325 0.1849 1.2545 1.9909 3.4972 
1.0000 33.0000 6.0000 0.0000 1.0000 2.2000 2 -1.0000 1.0000 0.8160 -10.0000 -2.0000 10.0000 -6.0000 6.0000 2.0000 0.2500 0.2500 0.2500 0.2500 0.2500 1.2500 1.9108 3.4092 
1.0000 18.0000 6.0000 -2.0000 1.0000 0.0000 2 -1.0000 0.0000 1.8300 -12.0000 -4.0000 4.0000 -8.0000 8.0000 0.0000 0.2500 0.2500 0.2500 0.2500 0.2500 1.2500 1.9276 3.4259 
1.0000 8.0000 6.0000 -4.0000 0.0000 -6.6000 8 1.0000 1.0000 0.7860 -2.0000 -10.0000 -14.0000 6.0000 -6.0000 2.0000 0.1941 0.1666 0.2837 0.3313 0.2677 1.2434 1.9005 3.3859 
1.0000 65.0000 6.0000 4.0000 0.0000 -4.4000 8 1.0000 1.0000 3.6600 14.0000 6.0000 -6.0000 10.0000 -2.0000 2.0000 0.1664 0.3472 0.2567 0.1837 0.2981 1.2521 1.8328 3.3281 
1.0000 62.0000 6.0000 4.0000 1.0000 4.4000 2 -1.0000 1.0000 0.9350 -6.0000 6.0000 10.0000 2.0000 14.0000 -2.0000 0.2500 0.2500 0.2500 0.2500 0.2500 1.2500 1.9075 3.3925 
1.0000 38.0000 6.0000 0.0000 0.0000 -2.2000 2 -1.0000 0.0000 1.1740 6.0000 -2.0000 -6.0000 2.0000 -10.0000 10.0000 0.1998 0.3517 0.1600 0.3709 0.1658 1.2481 1.9670 3.4741 
1.0000 28.0000 6.0000 -2.0000 0.0000 6.6000 2 -1.0000 1.0000 0.6950 8.0000 -4.0000 -8.0000 0.0000 -12.0000 4.0000 0.1748 0.2524 0.2168 0.2855 0.3291 1.2586 1.9877 3.5011 
1.0000 63.0000 6.0000 4.0000 1.0000 6.6000 2 -1.0000 1.0000 4.1760 14.0000 2.0000 -2.0000 6.0000 -6.0000 10.0000 0.2500 0.2500 0.2500 0.2500 0.2500 1.2500 1.9739 3.4760 
1.0000 39.0000 6.0000 0.0000 0.0000 0.0000 8 1.0000 0.0000 2.8450 -10.0000 -2.0000 10.0000 -6.0000 6.0000 2.0000 0.2534 0.2188 0.1767 0.2023 0.3930 1.2443 1.8688 3.3703 
1.0000 51.0000 6.0000 2.0000 0.0000 -4.4000 8 1.0000 1.0000 1.0950 12.0000 0.0000 -4.0000 4.0000 -8.0000 8.0000 0.2980 0.2701 0.1774 0.2092 0.2876 1.2423 1.9161 3.4015 
1.0000 7.0000 6.0000 -4.0000 1.0000 6.6000 2 -1.0000 1.0000 1.1300 6.0000 -2.0000 -10.0000 2.0000 -14.0000 -6.0000 0.2500 0.2500 0.2500 0.2500 0.2500 1.2500 1.9025 3.4093 
1.0000 53.0000 6.0000 2.0000 0.0000 0.0000 8 1.0000 0.0000 2.4720 -8.0000 4.0000 12.0000 0.0000 8.0000 -4.0000 0.1900 0.3120 0.2448 0.1875 0.3165 1.2507 1.9632 3.4600 
1.0000 19.0000 6.0000 -2.0000 1.0000 2.2000 2 -1.0000 1.0000 1.1210 4.0000 -8.0000 -12.0000 8.0000 -4.0000 0.0000 0.2500 0.2500 0.2500 0.2500 0.2500 1.2500 1.9462 3.4426 
1.0000 13.0000 6.0000 -4.0000 0.0000 4.4000 2 -1.0000 1.0000 1.0470 -14.0000 -6.0000 6.0000 -10.0000 2.0000 -2.0000 0.1732 0.3080 0.2314 0.1908 0.3543 1.2577 1.7839 3.2836 
1.0000 22.0000 6.0000 -2.0000 0.0000 -6.6000 2 -1.0000 0.0000 1.8660 0.0000 -8.0000 -12.0000 8.0000 -4.0000 4.0000 0.2013 0.2454 0.3013 0.1776 0.3320 1.2574 1.7555 3.2499 
1.0000 61.0000 6.0000 4.0000 1.0000 2.2000 2 -1.0000 1.0000 3.7150 2.0000 10.0000 14.0000 -6.0000 6.0000 -2.0000 0.2500 0.2500 0.2500 0.2500 0.2500 1.2500 1.9360 3.4258 
1.0000 47.0000 6.0000 2.0000 1.0000 2.2000 2 -1.0000 1.0000 0.9190 12.0000 0.0000 -4.0000 4.0000 -8.0000 8.0000 0.2500 0.2500 0.2500 0.2500 0.2500 1.2500 1.8087 3.3092 
1.0000 48.0000 6.0000 2.0000 1.0000 4.4000 2 -1.0000 1.0000 0.7610 12.0000 4.0000 -4.0000 8.0000 -8.0000 0.0000 0.2500 0.2500 0.2500 0.2500 0.2500 1.2500 1.9265 3.4259 
1.0000 14.0000 6.0000 -4.0000 0.0000 6.6000 2 -1.0000 1.0000 0.7070 -2.0000 -10.0000 -14.0000 6.0000 -6.0000 2.0000 0.1674 0.2672 0.3356 0.1728 0.3028 1.2459 1.7882 3.2884 
1.0000 27.0000 6.0000 -2.0000 0.0000 4.4000 2 -1.0000 1.0000 0.9760 -8.0000 4.0000 8.0000 -12.0000 0.0000 -4.0000 0.1924 0.2244 0.3187 0.2803 0.2344 1.2502 1.8612 3.3595 
1.0000 64.0000 6.0000 4.0000 0.0000 -6.6000 2 -1.0000 0.0000 1.2390 6.0000 -2.0000 -6.0000 14.0000 2.0000 10.0000 0.2568 0.1926 0.2907 0.3465 0.1588 1.2453 1.8671 3.3711 
1.0000 15.0000 6.0000 -2.0000 1.0000 -6.6000 8 1.0000 1.0000 2.0440 -12.0000 -4.0000 4.0000 -8.0000 8.0000 0.0000 0.2500 0.2500 0.2500 0.2500 0.2500 1.2500 1.8779 3.3760 
1.0000 66.0000 6.0000 4.0000 0.0000 -2.2000 8 1.0000 1.0000 3.1500 14.0000 6.0000 -2.0000 10.0000 -6.0000 2.0000 0.2376 0.2732 0.1774 0.2476 0.3116 1.2473 1.9413 3.4399 
1.0000 26.0000 6.0000 -2.0000 0.0000 2.2000 8 1.0000 0.0000 1.3660 -12.0000 0.0000 8.0000 -4.0000 4.0000 -8.0000 0.2643 0.1527 0.2829 0.1773 0.3640 1.2413 1.9532 3.4339 
1.0000 4.0000 6.0000 -4.0000 1.0000 0.0000 2 -1.0000 0.0000 1.1090 -6.0000 2.0000 6.0000 -14.0000 -2.0000 -10.0000 0.2500 0.2500 0.2500 0.2500 0.2500 1.2500 1.8898 3.3925 
1.0000 37.0000 6.0000 0.0000 0.0000 -4.4000 8 1.0000 1.0000 1.0790 6.0000 -6.0000 -10.0000 10.0000 -2.0000 2.0000 0.3949 0.2302 0.2629 0.1589 0.2028 1.2496 1.9008 3.3921 
1.0000 11.0000 6.0000 -4.0000 0.0000 0.0000 8 1.0000 0.0000 0.7020 -10.0000 -2.0000 6.0000 -6.0000 2.0000 -14.0000 0.2238 0.2628 0.2967 0.1644 0.2939 1.2416 1.9848 3.4842 