subNo index block mean periodicity testLevel pressedKey answer isCorrect rt s1 s2 s3 s4 s5 s6 t1 t2 t3 t4 t5 seqDuration startInterval trialDuration 
7.0000 60.0000 1.0000 4.0000 1.0000 0.0000 2 -1.0000 0.0000 1.9790 14.0000 2.0000 -6.0000 6.0000 -2.0000 10.0000 0.2500 0.2500 0.2500 0.2500 0.2500 1.2500 1.8613 3.3760 
7.0000 12.0000 1.0000 -4.0000 0.0000 2.2000 8 1.0000 0.0000 2.2850 6.0000 -2.0000 -14.0000 2.0000 -10.0000 -6.0000 0.2518 0.3132 0.1985 0.3168 0.1630 1.2433 1.7905 3.2857 
7.0000 63.0000 1.0000 4.0000 1.0000 6.6000 2 -1.0000 1.0000 0.9380 -2.0000 10.0000 14.0000 -6.0000 6.0000 2.0000 0.2500 0.2500 0.2500 0.2500 0.2500 1.2500 1.8180 3.3258 
7.0000 69.0000 1.0000 4.0000 0.0000 4.4000 2 -1.0000 1.0000 0.8010 2.0000 10.0000 14.0000 -6.0000 6.0000 -2.0000 0.3056 0.1637 0.2731 0.2306 0.2745 1.2474 1.9420 3.4401 
7.0000 42.0000 1.0000 0.0000 0.0000 6.6000 2 -1.0000 1.0000 1.7600 -6.0000 2.0000 10.0000 -2.0000 6.0000 -10.0000 0.2965 0.2275 0.1798 0.3280 0.2252 1.2569 1.8373 3.3494 
7.0000 16.0000 1.0000 -2.0000 1.0000 -4.4000 8 1.0000 1.0000 1.1020 -8.0000 0.0000 8.0000 -4.0000 4.0000 -12.0000 0.2500 0.2500 0.2500 0.2500 0.2500 1.2500 1.9410 3.4427 
7.0000 35.0000 1.0000 0.0000 1.0000 6.6000 2 -1.0000 1.0000 0.7000 6.0000 -2.0000 -6.0000 2.0000 -10.0000 10.0000 0.2500 0.2500 0.2500 0.2500 0.2500 1.2500 1.9753 3.4760 
7.0000 54.0000 1.0000 2.0000 0.0000 2.2000 2 -1.0000 1.0000 0.7840 12.0000 4.0000 -4.0000 8.0000 -8.0000 0.0000 0.1660 0.2995 0.1899 0.3712 0.2251 1.2517 1.8764 3.3776 
7.0000 53.0000 1.0000 2.0000 0.0000 0.0000 2 -1.0000 0.0000 1.2210 0.0000 8.0000 12.0000 -8.0000 4.0000 -4.0000 0.2164 0.1616 0.3077 0.1776 0.3877 1.2511 1.7510 3.2435 
7.0000 38.0000 1.0000 0.0000 0.0000 -2.2000 2 -1.0000 0.0000 1.6410 10.0000 2.0000 -6.0000 6.0000 -10.0000 -2.0000 0.2171 0.3894 0.2789 0.2202 0.1509 1.2564 1.9644 3.4656 
7.0000 47.0000 1.0000 2.0000 1.0000 2.2000 2 -1.0000 1.0000 0.8900 12.0000 0.0000 -8.0000 4.0000 -4.0000 8.0000 0.2500 0.2500 0.2500 0.2500 0.2500 1.2500 1.7626 3.2593 
7.0000 8.0000 1.0000 -4.0000 0.0000 -6.6000 2 -1.0000 0.0000 1.1930 -10.0000 -2.0000 2.0000 -6.0000 6.0000 -14.0000 0.1698 0.3069 0.3667 0.2504 0.1518 1.2457 1.9742 3.4715 
7.0000 59.0000 1.0000 4.0000 1.0000 -2.2000 8 1.0000 1.0000 1.2170 -2.0000 6.0000 10.0000 2.0000 14.0000 -6.0000 0.2500 0.2500 0.2500 0.2500 0.2500 1.2500 1.8011 3.3093 
7.0000 68.0000 1.0000 4.0000 0.0000 2.2000 2 -1.0000 1.0000 1.2240 -2.0000 6.0000 14.0000 2.0000 10.0000 -6.0000 0.3693 0.1570 0.2233 0.1710 0.3384 1.2590 1.8694 3.3850 
7.0000 64.0000 1.0000 4.0000 0.0000 -6.6000 8 1.0000 1.0000 0.8810 10.0000 -2.0000 -6.0000 14.0000 2.0000 6.0000 0.2502 0.1865 0.2598 0.3601 0.1984 1.2551 1.8067 3.3143 
7.0000 44.0000 1.0000 2.0000 1.0000 -4.4000 8 1.0000 1.0000 1.0020 -4.0000 8.0000 12.0000 -8.0000 4.0000 0.0000 0.2500 0.2500 0.2500 0.2500 0.2500 1.2500 1.9201 3.4261 
7.0000 3.0000 1.0000 -4.0000 1.0000 -2.2000 8 1.0000 1.0000 0.8710 2.0000 -10.0000 -14.0000 6.0000 -6.0000 -2.0000 0.2500 0.2500 0.2500 0.2500 0.2500 1.2500 1.9163 3.4092 
7.0000 25.0000 1.0000 -2.0000 0.0000 0.0000 8 1.0000 0.0000 0.9650 0.0000 -8.0000 -12.0000 8.0000 -4.0000 4.0000 0.2754 0.2240 0.1617 0.3185 0.2698 1.2495 1.8273 3.3253 
7.0000 15.0000 1.0000 -2.0000 1.0000 -6.6000 8 1.0000 1.0000 2.0650 0.0000 -8.0000 -12.0000 8.0000 -4.0000 4.0000 0.2500 0.2500 0.2500 0.2500 0.2500 1.2500 1.7970 3.2924 
7.0000 31.0000 1.0000 0.0000 1.0000 -2.2000 8 1.0000 1.0000 1.5320 2.0000 -6.0000 -10.0000 10.0000 -2.0000 6.0000 0.2500 0.2500 0.2500 0.2500 0.2500 1.2500 1.8762 3.3760 
7.0000 40.0000 1.0000 0.0000 0.0000 2.2000 2 -1.0000 1.0000 1.2510 6.0000 -6.0000 -10.0000 10.0000 -2.0000 2.0000 0.2776 0.3204 0.2070 0.2943 0.1502 1.2494 1.7594 3.2586 
7.0000 46.0000 1.0000 2.0000 1.0000 0.0000 2 -1.0000 0.0000 1.4790 4.0000 -4.0000 -8.0000 12.0000 0.0000 8.0000 0.2500 0.2500 0.2500 0.2500 0.2500 1.2500 1.9216 3.4091 
7.0000 6.0000 1.0000 -4.0000 1.0000 4.4000 2 -1.0000 1.0000 0.8630 -2.0000 -10.0000 -14.0000 6.0000 -6.0000 2.0000 0.2500 0.2500 0.2500 0.2500 0.2500 1.2500 1.9491 3.4593 
7.0000 4.0000 1.0000 -4.0000 1.0000 0.0000 2 -1.0000 0.0000 0.9210 6.0000 -2.0000 -10.0000 2.0000 -14.0000 -6.0000 0.2500 0.2500 0.2500 0.2500 0.2500 1.2500 1.9363 3.4426 
7.0000 36.0000 1.0000 0.0000 0.0000 -6.6000 8 1.0000 1.0000 1.1590 -10.0000 -2.0000 6.0000 -6.0000 10.0000 2.0000 0.2273 0.2682 0.1871 0.2185 0.3396 1.2407 1.7570 3.2498 
7.0000 19.0000 1.0000 -2.0000 1.0000 2.2000 2 -1.0000 1.0000 1.2890 8.0000 0.0000 -12.0000 4.0000 -8.0000 -4.0000 0.2500 0.2500 0.2500 0.2500 0.2500 1.2500 1.8424 3.3427 
7.0000 62.0000 1.0000 4.0000 1.0000 4.4000 2 -1.0000 1.0000 1.0630 -6.0000 2.0000 10.0000 -2.0000 14.0000 6.0000 0.2500 0.2500 0.2500 0.2500 0.2500 1.2500 1.7760 3.2758 
7.0000 70.0000 1.0000 4.0000 0.0000 6.6000 2 -1.0000 1.0000 0.8330 -2.0000 6.0000 14.0000 2.0000 10.0000 -6.0000 0.2046 0.3660 0.1729 0.3122 0.1964 1.2521 1.9363 3.4448 
7.0000 61.0000 1.0000 4.0000 1.0000 2.2000 2 -1.0000 1.0000 0.6740 10.0000 2.0000 -6.0000 6.0000 -2.0000 14.0000 0.2500 0.2500 0.2500 0.2500 0.2500 1.2500 1.8309 3.3259 
7.0000 52.0000 1.0000 2.0000 0.0000 -2.2000 2 -1.0000 0.0000 0.8410 -8.0000 4.0000 8.0000 0.0000 12.0000 -4.0000 0.2095 0.1518 0.2294 0.3914 0.2626 1.2447 1.7981 3.2872 
7.0000 49.0000 1.0000 2.0000 1.0000 6.6000 2 -1.0000 1.0000 0.8700 12.0000 4.0000 -4.0000 8.0000 -8.0000 0.0000 0.2500 0.2500 0.2500 0.2500 0.2500 1.2500 1.9035 3.4092 
7.0000 43.0000 1.0000 2.0000 1.0000 -6.6000 8 1.0000 1.0000 2.0050 -8.0000 4.0000 12.0000 0.0000 8.0000 -4.0000 0.2500 0.2500 0.2500 0.2500 0.2500 1.2500 1.9999 3.4927 
7.0000 14.0000 1.0000 -4.0000 0.0000 6.6000 2 -1.0000 1.0000 1.4290 6.0000 -6.0000 -10.0000 -2.0000 -14.0000 2.0000 0.3340 0.3648 0.1513 0.2370 0.1678 1.2549 1.8424 3.3475 
7.0000 22.0000 1.0000 -2.0000 0.0000 -6.6000 8 1.0000 1.0000 2.0930 -12.0000 -4.0000 8.0000 -8.0000 4.0000 0.0000 0.3671 0.3243 0.1683 0.2340 0.1504 1.2441 1.8897 3.3700 
7.0000 7.0000 1.0000 -4.0000 1.0000 6.6000 8 1.0000 0.0000 4.2390 -14.0000 -6.0000 2.0000 -10.0000 6.0000 -2.0000 0.2500 0.2500 0.2500 0.2500 0.2500 1.2500 1.8707 3.3759 
7.0000 33.0000 1.0000 0.0000 1.0000 2.2000 2 -1.0000 1.0000 1.2140 6.0000 -2.0000 -10.0000 2.0000 -6.0000 10.0000 0.2500 0.2500 0.2500 0.2500 0.2500 1.2500 1.9847 3.4926 
7.0000 39.0000 1.0000 0.0000 0.0000 0.0000 2 -1.0000 0.0000 0.9800 10.0000 2.0000 -6.0000 6.0000 -10.0000 -2.0000 0.2849 0.2071 0.2652 0.3200 0.1639 1.2412 1.8619 3.3504 
7.0000 34.0000 1.0000 0.0000 1.0000 4.4000 2 -1.0000 1.0000 0.8560 6.0000 -2.0000 -6.0000 2.0000 -10.0000 10.0000 0.2500 0.2500 0.2500 0.2500 0.2500 1.2500 1.7653 3.2759 
7.0000 65.0000 1.0000 4.0000 0.0000 -4.4000 2 -1.0000 0.0000 3.2420 -6.0000 6.0000 10.0000 2.0000 14.0000 -2.0000 0.2228 0.3571 0.2783 0.2069 0.1751 1.2403 1.7845 3.2828 
7.0000 13.0000 1.0000 -4.0000 0.0000 4.4000 2 -1.0000 1.0000 1.5080 -6.0000 2.0000 6.0000 -14.0000 -2.0000 -10.0000 0.2031 0.3133 0.1933 0.2330 0.3135 1.2561 1.9195 3.4321 
7.0000 28.0000 1.0000 -2.0000 0.0000 6.6000 2 -1.0000 1.0000 1.3700 -8.0000 0.0000 8.0000 -4.0000 4.0000 -12.0000 0.2596 0.2227 0.1841 0.3259 0.2610 1.2533 1.8162 3.3125 
7.0000 27.0000 1.0000 -2.0000 0.0000 4.4000 2 -1.0000 1.0000 2.4390 8.0000 0.0000 -12.0000 4.0000 -8.0000 -4.0000 0.2902 0.1610 0.2825 0.2230 0.2932 1.2498 1.8898 3.3924 
7.0000 45.0000 1.0000 2.0000 1.0000 -2.2000 2 -1.0000 0.0000 3.5230 8.0000 0.0000 -8.0000 4.0000 -4.0000 12.0000 0.2500 0.2500 0.2500 0.2500 0.2500 1.2500 1.9364 3.4259 
7.0000 24.0000 1.0000 -2.0000 0.0000 -2.2000 8 1.0000 1.0000 1.9080 -8.0000 4.0000 8.0000 -12.0000 0.0000 -4.0000 0.2320 0.1752 0.2057 0.3996 0.2394 1.2519 1.9289 3.4277 
7.0000 26.0000 1.0000 -2.0000 0.0000 2.2000 2 -1.0000 1.0000 2.0400 4.0000 -4.0000 -8.0000 0.0000 -12.0000 8.0000 0.1700 0.2570 0.1725 0.3465 0.2991 1.2451 1.9567 3.4544 
7.0000 9.0000 1.0000 -4.0000 0.0000 -4.4000 8 1.0000 1.0000 1.1750 2.0000 -6.0000 -10.0000 -2.0000 -14.0000 6.0000 0.3456 0.1669 0.3658 0.2103 0.1695 1.2581 1.8289 3.3506 
7.0000 66.0000 1.0000 4.0000 0.0000 -2.2000 8 1.0000 1.0000 2.6610 10.0000 2.0000 -2.0000 6.0000 -6.0000 14.0000 0.2966 0.1928 0.2574 0.3278 0.1747 1.2494 1.9001 3.4086 
7.0000 18.0000 1.0000 -2.0000 1.0000 0.0000 2 -1.0000 0.0000 1.5850 -8.0000 0.0000 8.0000 -4.0000 4.0000 -12.0000 0.2500 0.2500 0.2500 0.2500 0.2500 1.2500 1.8538 3.3592 
7.0000 50.0000 1.0000 2.0000 0.0000 -6.6000 8 1.0000 1.0000 1.3740 12.0000 4.0000 -8.0000 8.0000 -4.0000 0.0000 0.3483 0.2868 0.1839 0.2735 0.1671 1.2597 1.9306 3.4356 
7.0000 41.0000 1.0000 0.0000 0.0000 4.4000 2 -1.0000 1.0000 2.5780 -6.0000 2.0000 6.0000 -2.0000 10.0000 -10.0000 0.3703 0.2088 0.2828 0.2175 0.1633 1.2428 1.8050 3.3019 
7.0000 51.0000 1.0000 2.0000 0.0000 -4.4000 8 1.0000 1.0000 2.0060 12.0000 4.0000 -8.0000 8.0000 -4.0000 0.0000 0.2938 0.1528 0.3279 0.2605 0.2196 1.2546 1.9308 3.4306 
7.0000 1.0000 1.0000 -4.0000 1.0000 -6.6000 8 1.0000 1.0000 1.6660 6.0000 -2.0000 -14.0000 2.0000 -10.0000 -6.0000 0.2500 0.2500 0.2500 0.2500 0.2500 1.2500 1.7652 3.2591 
7.0000 48.0000 1.0000 2.0000 1.0000 4.4000 2 -1.0000 1.0000 1.1700 4.0000 -4.0000 -8.0000 12.0000 0.0000 8.0000 0.2500 0.2500 0.2500 0.2500 0.2500 1.2500 1.9435 3.4427 
7.0000 67.0000 1.0000 4.0000 0.0000 0.0000 2 -1.0000 0.0000 0.8410 2.0000 10.0000 14.0000 -6.0000 6.0000 -2.0000 0.2432 0.1861 0.2387 0.3144 0.2603 1.2428 1.7512 3.2353 
7.0000 2.0000 1.0000 -4.0000 1.0000 -4.4000 8 1.0000 1.0000 0.9400 -6.0000 2.0000 6.0000 -14.0000 -2.0000 -10.0000 0.2500 0.2500 0.2500 0.2500 0.2500 1.2500 1.9507 3.4592 
7.0000 17.0000 1.0000 -2.0000 1.0000 -2.2000 8 1.0000 1.0000 2.2870 -8.0000 0.0000 4.0000 -4.0000 8.0000 -12.0000 0.2500 0.2500 0.2500 0.2500 0.2500 1.2500 1.7733 3.2759 
7.0000 30.0000 1.0000 0.0000 1.0000 -4.4000 8 1.0000 1.0000 0.9230 10.0000 -2.0000 -6.0000 2.0000 -10.0000 6.0000 0.2500 0.2500 0.2500 0.2500 0.2500 1.2500 1.8414 3.3425 
7.0000 58.0000 1.0000 4.0000 1.0000 -4.4000 2 -1.0000 0.0000 3.2960 14.0000 6.0000 -2.0000 10.0000 -6.0000 2.0000 0.2500 0.2500 0.2500 0.2500 0.2500 1.2500 1.8429 3.3425 
7.0000 56.0000 1.0000 2.0000 0.0000 6.6000 2 -1.0000 1.0000 2.5780 -4.0000 4.0000 8.0000 0.0000 12.0000 -8.0000 0.1528 0.3137 0.2317 0.3498 0.1978 1.2457 1.8428 3.3382 
7.0000 23.0000 1.0000 -2.0000 0.0000 -4.4000 8 1.0000 1.0000 1.2160 -12.0000 0.0000 8.0000 -4.0000 4.0000 -8.0000 0.1601 0.3817 0.2210 0.1813 0.3087 1.2528 1.9066 3.4121 
7.0000 10.0000 1.0000 -4.0000 0.0000 -2.2000 8 1.0000 1.0000 1.1990 -10.0000 -2.0000 6.0000 -6.0000 2.0000 -14.0000 0.3191 0.2165 0.1744 0.3609 0.1776 1.2484 1.8493 3.3410 
7.0000 5.0000 1.0000 -4.0000 1.0000 2.2000 2 -1.0000 1.0000 2.7330 -10.0000 -2.0000 2.0000 -6.0000 6.0000 -14.0000 0.2500 0.2500 0.2500 0.2500 0.2500 1.2500 1.9230 3.4260 
7.0000 29.0000 1.0000 0.0000 1.0000 -6.6000 8 1.0000 1.0000 0.9570 -6.0000 2.0000 10.0000 -2.0000 6.0000 -10.0000 0.2500 0.2500 0.2500 0.2500 0.2500 1.2500 1.9290 3.4260 
7.0000 11.0000 1.0000 -4.0000 0.0000 0.0000 8 1.0000 0.0000 2.2850 6.0000 -2.0000 -10.0000 2.0000 -14.0000 -6.0000 0.2119 0.2816 0.1605 0.3115 0.2773 1.2427 1.8849 3.3686 
7.0000 21.0000 1.0000 -2.0000 1.0000 6.6000 2 -1.0000 1.0000 2.0010 4.0000 -8.0000 -12.0000 8.0000 -4.0000 0.0000 0.2500 0.2500 0.2500 0.2500 0.2500 1.2500 1.8365 3.3258 
7.0000 32.0000 1.0000 0.0000 1.0000 0.0000 2 -1.0000 0.0000 2.1550 -6.0000 2.0000 6.0000 -2.0000 10.0000 -10.0000 0.2500 0.2500 0.2500 0.2500 0.2500 1.2500 1.7842 3.2925 
7.0000 20.0000 1.0000 -2.0000 1.0000 4.4000 2 -1.0000 1.0000 1.2750 0.0000 -8.0000 -12.0000 8.0000 -4.0000 4.0000 0.2500 0.2500 0.2500 0.2500 0.2500 1.2500 1.8798 3.3927 
7.0000 55.0000 1.0000 2.0000 0.0000 4.4000 2 -1.0000 1.0000 1.3370 12.0000 4.0000 -4.0000 8.0000 -8.0000 0.0000 0.2382 0.3680 0.1866 0.3040 0.1622 1.2590 1.9650 3.4848 
7.0000 37.0000 1.0000 0.0000 0.0000 -4.4000 8 1.0000 1.0000 1.2030 -6.0000 6.0000 10.0000 -10.0000 2.0000 -2.0000 0.1888 0.3854 0.1888 0.1548 0.3348 1.2526 1.8876 3.3951 
7.0000 57.0000 1.0000 4.0000 1.0000 -6.6000 8 1.0000 1.0000 0.9750 14.0000 2.0000 -6.0000 6.0000 -2.0000 10.0000 0.2500 0.2500 0.2500 0.2500 0.2500 1.2500 1.9268 3.4259 
7.0000 48.0000 2.0000 2.0000 1.0000 4.4000 2 -1.0000 1.0000 3.0230 -4.0000 4.0000 12.0000 0.0000 8.0000 -8.0000 0.2500 0.2500 0.2500 0.2500 0.2500 1.2500 1.9057 3.4092 
7.0000 35.0000 2.0000 0.0000 1.0000 6.6000 2 -1.0000 1.0000 1.4970 10.0000 -2.0000 -10.0000 2.0000 -6.0000 6.0000 0.2500 0.2500 0.2500 0.2500 0.2500 1.2500 1.9498 3.4425 
7.0000 59.0000 2.0000 4.0000 1.0000 -2.2000 2 -1.0000 0.0000 2.6120 -6.0000 2.0000 10.0000 -2.0000 14.0000 6.0000 0.2500 0.2500 0.2500 0.2500 0.2500 1.2500 1.8477 3.3425 
7.0000 62.0000 2.0000 4.0000 1.0000 4.4000 2 -1.0000 1.0000 1.6190 -2.0000 6.0000 10.0000 2.0000 14.0000 -6.0000 0.2500 0.2500 0.2500 0.2500 0.2500 1.2500 1.8583 3.3593 
7.0000 53.0000 2.0000 2.0000 0.0000 0.0000 2 -1.0000 0.0000 1.4460 4.0000 -4.0000 -8.0000 12.0000 0.0000 8.0000 0.1856 0.3307 0.3031 0.2698 0.1513 1.2405 1.8375 3.3163 
7.0000 65.0000 2.0000 4.0000 0.0000 -4.4000 8 1.0000 1.0000 3.0830 -2.0000 10.0000 14.0000 -6.0000 6.0000 2.0000 0.2234 0.1679 0.2906 0.2142 0.3612 1.2573 1.8275 3.3498 
7.0000 15.0000 2.0000 -2.0000 1.0000 -6.6000 8 1.0000 1.0000 1.0930 -4.0000 4.0000 8.0000 -12.0000 0.0000 -8.0000 0.2500 0.2500 0.2500 0.2500 0.2500 1.2500 1.8418 3.3425 
7.0000 70.0000 2.0000 4.0000 0.0000 6.6000 2 -1.0000 1.0000 2.5510 2.0000 10.0000 14.0000 -6.0000 6.0000 -2.0000 0.2427 0.3753 0.1646 0.3046 0.1687 1.2560 1.9393 3.4485 
7.0000 25.0000 2.0000 -2.0000 0.0000 0.0000 8 1.0000 0.0000 1.8970 -4.0000 4.0000 8.0000 -12.0000 0.0000 -8.0000 0.2356 0.1921 0.3117 0.2449 0.2748 1.2589 1.7938 3.3015 
7.0000 20.0000 2.0000 -2.0000 1.0000 4.4000 2 -1.0000 1.0000 1.3800 0.0000 -8.0000 -12.0000 8.0000 -4.0000 4.0000 0.2500 0.2500 0.2500 0.2500 0.2500 1.2500 1.8975 3.3927 
7.0000 37.0000 2.0000 0.0000 0.0000 -4.4000 8 1.0000 1.0000 1.0150 -10.0000 -2.0000 10.0000 -6.0000 6.0000 2.0000 0.1720 0.2652 0.2916 0.3450 0.1753 1.2492 1.9794 3.4752 
7.0000 5.0000 2.0000 -4.0000 1.0000 2.2000 2 -1.0000 1.0000 3.4400 6.0000 -2.0000 -10.0000 2.0000 -14.0000 -6.0000 0.2500 0.2500 0.2500 0.2500 0.2500 1.2500 1.7879 3.2926 
7.0000 64.0000 2.0000 4.0000 0.0000 -6.6000 8 1.0000 1.0000 3.0950 14.0000 2.0000 -2.0000 6.0000 -6.0000 10.0000 0.2343 0.1772 0.2546 0.3386 0.2496 1.2543 1.8002 3.2968 
7.0000 3.0000 2.0000 -4.0000 1.0000 -2.2000 8 1.0000 1.0000 0.9870 -14.0000 -6.0000 6.0000 -10.0000 2.0000 -2.0000 0.2500 0.2500 0.2500 0.2500 0.2500 1.2500 1.8739 3.3760 
7.0000 24.0000 2.0000 -2.0000 0.0000 -2.2000 8 1.0000 1.0000 1.8330 8.0000 0.0000 -12.0000 4.0000 -8.0000 -4.0000 0.3735 0.2210 0.2648 0.1788 0.2094 1.2476 1.9465 3.4401 
7.0000 47.0000 2.0000 2.0000 1.0000 2.2000 2 -1.0000 1.0000 1.2060 12.0000 4.0000 -4.0000 8.0000 -8.0000 0.0000 0.2500 0.2500 0.2500 0.2500 0.2500 1.2500 1.7958 3.3092 
7.0000 16.0000 2.0000 -2.0000 1.0000 -4.4000 8 1.0000 1.0000 1.1960 0.0000 -8.0000 -12.0000 8.0000 -4.0000 4.0000 0.2500 0.2500 0.2500 0.2500 0.2500 1.2500 1.9186 3.4258 
7.0000 57.0000 2.0000 4.0000 1.0000 -6.6000 8 1.0000 1.0000 1.2150 14.0000 6.0000 -6.0000 10.0000 -2.0000 2.0000 0.2500 0.2500 0.2500 0.2500 0.2500 1.2500 1.7784 3.2758 
7.0000 22.0000 2.0000 -2.0000 0.0000 -6.6000 8 1.0000 1.0000 1.1970 8.0000 -4.0000 -12.0000 0.0000 -8.0000 4.0000 0.1935 0.3010 0.3481 0.2496 0.1536 1.2458 1.8641 3.3717 
7.0000 50.0000 2.0000 2.0000 0.0000 -6.6000 8 1.0000 1.0000 0.8840 12.0000 0.0000 -8.0000 4.0000 -4.0000 8.0000 0.3493 0.1854 0.2247 0.3087 0.1803 1.2485 1.8361 3.3410 
7.0000 10.0000 2.0000 -4.0000 0.0000 -2.2000 8 1.0000 1.0000 0.6220 -10.0000 -2.0000 2.0000 -6.0000 6.0000 -14.0000 0.3645 0.1562 0.3129 0.2435 0.1668 1.2439 1.7828 3.2697 
7.0000 13.0000 2.0000 -4.0000 0.0000 4.4000 2 -1.0000 1.0000 1.7650 -6.0000 2.0000 6.0000 -14.0000 -2.0000 -10.0000 0.1746 0.3352 0.2430 0.3543 0.1526 1.2597 1.8178 3.3189 
7.0000 43.0000 2.0000 2.0000 1.0000 -6.6000 8 1.0000 1.0000 1.4160 8.0000 0.0000 -8.0000 4.0000 -4.0000 12.0000 0.2500 0.2500 0.2500 0.2500 0.2500 1.2500 1.9952 3.4926 
7.0000 14.0000 2.0000 -4.0000 0.0000 6.6000 2 -1.0000 1.0000 1.3370 6.0000 -2.0000 -14.0000 2.0000 -10.0000 -6.0000 0.1542 0.2608 0.3206 0.2255 0.2852 1.2463 1.8054 3.3054 
7.0000 18.0000 2.0000 -2.0000 1.0000 0.0000 8 1.0000 0.0000 3.0970 -8.0000 4.0000 8.0000 -12.0000 0.0000 -4.0000 0.2500 0.2500 0.2500 0.2500 0.2500 1.2500 1.7727 3.2757 
7.0000 32.0000 2.0000 0.0000 1.0000 0.0000 8 1.0000 0.0000 3.0750 6.0000 -2.0000 -10.0000 2.0000 -6.0000 10.0000 0.2500 0.2500 0.2500 0.2500 0.2500 1.2500 1.8251 3.3258 
7.0000 49.0000 2.0000 2.0000 1.0000 6.6000 2 -1.0000 1.0000 1.1000 -8.0000 4.0000 12.0000 0.0000 8.0000 -4.0000 0.2500 0.2500 0.2500 0.2500 0.2500 1.2500 1.8791 3.3927 
7.0000 45.0000 2.0000 2.0000 1.0000 -2.2000 8 1.0000 1.0000 1.5390 -8.0000 0.0000 12.0000 -4.0000 8.0000 4.0000 0.2500 0.2500 0.2500 0.2500 0.2500 1.2500 1.9629 3.4761 
7.0000 69.0000 2.0000 4.0000 0.0000 4.4000 2 -1.0000 1.0000 1.5210 14.0000 2.0000 -6.0000 6.0000 -2.0000 10.0000 0.2985 0.1657 0.2604 0.2051 0.3269 1.2566 1.9696 3.4824 
7.0000 23.0000 2.0000 -2.0000 0.0000 -4.4000 8 1.0000 1.0000 1.6100 4.0000 -8.0000 -12.0000 8.0000 -4.0000 0.0000 0.3402 0.2585 0.2013 0.2658 0.1857 1.2515 1.8519 3.3606 
7.0000 8.0000 2.0000 -4.0000 0.0000 -6.6000 8 1.0000 1.0000 1.1010 -2.0000 -10.0000 -14.0000 6.0000 -6.0000 2.0000 0.3025 0.1932 0.2260 0.2907 0.2413 1.2536 1.7953 3.2961 
7.0000 34.0000 2.0000 0.0000 1.0000 4.4000 2 -1.0000 1.0000 1.5400 -10.0000 2.0000 10.0000 -2.0000 6.0000 -6.0000 0.2500 0.2500 0.2500 0.2500 0.2500 1.2500 1.9430 3.4426 
7.0000 40.0000 2.0000 0.0000 0.0000 2.2000 2 -1.0000 1.0000 2.0820 -6.0000 2.0000 10.0000 -2.0000 6.0000 -10.0000 0.3223 0.2275 0.1585 0.3157 0.2358 1.2597 1.7605 3.2689 
7.0000 6.0000 2.0000 -4.0000 1.0000 4.4000 2 -1.0000 1.0000 2.2420 6.0000 -6.0000 -10.0000 -2.0000 -14.0000 2.0000 0.2500 0.2500 0.2500 0.2500 0.2500 1.2500 1.8177 3.3092 
7.0000 11.0000 2.0000 -4.0000 0.0000 0.0000 8 1.0000 0.0000 1.1820 6.0000 -2.0000 -14.0000 2.0000 -10.0000 -6.0000 0.2435 0.1898 0.3139 0.2749 0.2307 1.2529 1.8648 3.3621 
7.0000 26.0000 2.0000 -2.0000 0.0000 2.2000 2 -1.0000 1.0000 2.6670 -12.0000 0.0000 4.0000 -4.0000 8.0000 -8.0000 0.2172 0.3528 0.2899 0.2164 0.1729 1.2493 1.9461 3.4419 
7.0000 55.0000 2.0000 2.0000 0.0000 4.4000 2 -1.0000 1.0000 1.6000 8.0000 0.0000 -4.0000 4.0000 -8.0000 12.0000 0.2028 0.3271 0.1637 0.2255 0.3218 1.2409 1.8349 3.3335 
7.0000 67.0000 2.0000 4.0000 0.0000 0.0000 2 -1.0000 0.0000 1.3270 14.0000 2.0000 -6.0000 6.0000 -2.0000 10.0000 0.3107 0.1538 0.3052 0.2797 0.1912 1.2406 1.8985 3.3998 
7.0000 44.0000 2.0000 2.0000 1.0000 -4.4000 2 -1.0000 0.0000 0.7840 8.0000 0.0000 -4.0000 4.0000 -8.0000 12.0000 0.2500 0.2500 0.2500 0.2500 0.2500 1.2500 1.8540 3.3592 
7.0000 42.0000 2.0000 0.0000 0.0000 6.6000 2 -1.0000 1.0000 0.6270 6.0000 -2.0000 -10.0000 2.0000 -6.0000 10.0000 0.2783 0.3979 0.1504 0.2501 0.1736 1.2503 1.7900 3.2927 
7.0000 41.0000 2.0000 0.0000 0.0000 4.4000 2 -1.0000 1.0000 0.7820 -10.0000 -2.0000 10.0000 -6.0000 6.0000 2.0000 0.2162 0.3533 0.2611 0.1780 0.2383 1.2470 1.9557 3.4562 
7.0000 63.0000 2.0000 4.0000 1.0000 6.6000 2 -1.0000 1.0000 0.5450 -6.0000 2.0000 10.0000 -2.0000 14.0000 6.0000 0.2500 0.2500 0.2500 0.2500 0.2500 1.2500 1.9829 3.4926 
7.0000 68.0000 2.0000 4.0000 0.0000 2.2000 2 -1.0000 1.0000 0.5290 14.0000 6.0000 -6.0000 10.0000 -2.0000 2.0000 0.2244 0.3018 0.2517 0.1915 0.2844 1.2539 1.8957 3.3964 
7.0000 46.0000 2.0000 2.0000 1.0000 0.0000 2 -1.0000 0.0000 0.5450 12.0000 4.0000 -4.0000 8.0000 -8.0000 0.0000 0.2500 0.2500 0.2500 0.2500 0.2500 1.2500 1.7799 3.2758 
7.0000 33.0000 2.0000 0.0000 1.0000 2.2000 2 -1.0000 1.0000 1.1240 -6.0000 6.0000 10.0000 -10.0000 2.0000 -2.0000 0.2500 0.2500 0.2500 0.2500 0.2500 1.2500 1.8472 3.3426 
7.0000 60.0000 2.0000 4.0000 1.0000 0.0000 2 -1.0000 0.0000 1.2360 6.0000 -2.0000 -6.0000 14.0000 2.0000 10.0000 0.2500 0.2500 0.2500 0.2500 0.2500 1.2500 1.8853 3.3759 
7.0000 17.0000 2.0000 -2.0000 1.0000 -2.2000 8 1.0000 1.0000 1.0910 -12.0000 -4.0000 4.0000 -8.0000 8.0000 0.0000 0.2500 0.2500 0.2500 0.2500 0.2500 1.2500 1.8917 3.3925 
7.0000 36.0000 2.0000 0.0000 0.0000 -6.6000 8 1.0000 1.0000 0.4180 6.0000 -6.0000 -10.0000 10.0000 -2.0000 2.0000 0.2267 0.3492 0.1514 0.3107 0.2133 1.2512 1.9812 3.4772 
7.0000 51.0000 2.0000 2.0000 0.0000 -4.4000 8 1.0000 1.0000 0.4530 12.0000 4.0000 -8.0000 8.0000 -4.0000 0.0000 0.2245 0.1660 0.2598 0.2904 0.3181 1.2588 1.9843 3.4847 
7.0000 29.0000 2.0000 0.0000 1.0000 -6.6000 8 1.0000 1.0000 0.5480 -6.0000 2.0000 6.0000 -2.0000 10.0000 -10.0000 0.2500 0.2500 0.2500 0.2500 0.2500 1.2500 1.9435 3.4592 
7.0000 38.0000 2.0000 0.0000 0.0000 -2.2000 2 -1.0000 0.0000 1.7610 -6.0000 6.0000 10.0000 -10.0000 2.0000 -2.0000 0.3008 0.1940 0.2243 0.2841 0.2461 1.2494 1.7616 3.2752 
7.0000 28.0000 2.0000 -2.0000 0.0000 6.6000 2 -1.0000 1.0000 1.0810 -12.0000 0.0000 4.0000 -4.0000 8.0000 -8.0000 0.2180 0.3308 0.2372 0.1817 0.2895 1.2572 1.8572 3.3663 
7.0000 31.0000 2.0000 0.0000 1.0000 -2.2000 8 1.0000 1.0000 1.0260 -6.0000 2.0000 6.0000 -2.0000 10.0000 -10.0000 0.2500 0.2500 0.2500 0.2500 0.2500 1.2500 1.9275 3.4258 
7.0000 21.0000 2.0000 -2.0000 1.0000 6.6000 2 -1.0000 1.0000 1.7220 4.0000 -4.0000 -8.0000 0.0000 -12.0000 8.0000 0.2500 0.2500 0.2500 0.2500 0.2500 1.2500 1.8537 3.3592 
7.0000 52.0000 2.0000 2.0000 0.0000 -2.2000 8 1.0000 1.0000 1.0640 4.0000 -4.0000 -8.0000 12.0000 0.0000 8.0000 0.2223 0.3119 0.2323 0.2582 0.2278 1.2526 1.9881 3.4953 
7.0000 4.0000 2.0000 -4.0000 1.0000 0.0000 8 1.0000 0.0000 2.6620 2.0000 -6.0000 -14.0000 -2.0000 -10.0000 6.0000 0.2500 0.2500 0.2500 0.2500 0.2500 1.2500 1.7695 3.2759 
7.0000 9.0000 2.0000 -4.0000 0.0000 -4.4000 8 1.0000 1.0000 0.7780 2.0000 -6.0000 -10.0000 -2.0000 -14.0000 6.0000 0.1588 0.3295 0.1933 0.3632 0.1982 1.2430 1.9237 3.4189 
7.0000 61.0000 2.0000 4.0000 1.0000 2.2000 8 1.0000 0.0000 3.0140 14.0000 6.0000 -6.0000 10.0000 -2.0000 2.0000 0.2500 0.2500 0.2500 0.2500 0.2500 1.2500 1.8145 3.3091 
7.0000 27.0000 2.0000 -2.0000 0.0000 4.4000 2 -1.0000 1.0000 1.4060 8.0000 0.0000 -12.0000 4.0000 -8.0000 -4.0000 0.1788 0.2548 0.2077 0.2713 0.3392 1.2519 1.7812 3.2776 
7.0000 56.0000 2.0000 2.0000 0.0000 6.6000 2 -1.0000 1.0000 0.8800 -4.0000 4.0000 8.0000 0.0000 12.0000 -8.0000 0.3673 0.2283 0.1758 0.3201 0.1651 1.2566 1.9816 3.4826 
7.0000 66.0000 2.0000 4.0000 0.0000 -2.2000 2 -1.0000 0.0000 1.6370 -2.0000 10.0000 14.0000 -6.0000 6.0000 2.0000 0.2931 0.1883 0.3313 0.2828 0.1599 1.2554 1.8482 3.3646 
7.0000 58.0000 2.0000 4.0000 1.0000 -4.4000 2 -1.0000 0.0000 3.3340 -6.0000 6.0000 14.0000 2.0000 10.0000 -2.0000 0.2500 0.2500 0.2500 0.2500 0.2500 1.2500 1.7889 3.2926 
7.0000 19.0000 2.0000 -2.0000 1.0000 2.2000 8 1.0000 0.0000 1.3180 8.0000 0.0000 -12.0000 4.0000 -8.0000 -4.0000 0.2500 0.2500 0.2500 0.2500 0.2500 1.2500 1.8484 3.3593 
7.0000 39.0000 2.0000 0.0000 0.0000 0.0000 8 1.0000 0.0000 1.4780 -10.0000 -2.0000 6.0000 -6.0000 10.0000 2.0000 0.1967 0.2882 0.2145 0.2531 0.3042 1.2567 1.9318 3.4493 
7.0000 54.0000 2.0000 2.0000 0.0000 2.2000 2 -1.0000 1.0000 2.7010 -4.0000 4.0000 8.0000 0.0000 12.0000 -8.0000 0.2592 0.1588 0.2222 0.3432 0.2763 1.2597 1.9825 3.4857 
7.0000 30.0000 2.0000 0.0000 1.0000 -4.4000 8 1.0000 1.0000 1.5550 2.0000 -6.0000 -10.0000 10.0000 -2.0000 6.0000 0.2500 0.2500 0.2500 0.2500 0.2500 1.2500 1.7856 3.2926 
7.0000 2.0000 2.0000 -4.0000 1.0000 -4.4000 8 1.0000 1.0000 1.4080 2.0000 -6.0000 -14.0000 -2.0000 -10.0000 6.0000 0.2500 0.2500 0.2500 0.2500 0.2500 1.2500 1.7528 3.2424 
7.0000 7.0000 2.0000 -4.0000 1.0000 6.6000 2 -1.0000 1.0000 1.4990 2.0000 -10.0000 -14.0000 6.0000 -6.0000 -2.0000 0.2500 0.2500 0.2500 0.2500 0.2500 1.2500 1.9606 3.4592 
7.0000 1.0000 2.0000 -4.0000 1.0000 -6.6000 8 1.0000 1.0000 1.3620 -14.0000 -6.0000 6.0000 -10.0000 2.0000 -2.0000 0.2500 0.2500 0.2500 0.2500 0.2500 1.2500 1.8367 3.3258 
7.0000 12.0000 2.0000 -4.0000 0.0000 2.2000 2 -1.0000 1.0000 1.5480 2.0000 -6.0000 -14.0000 -2.0000 -10.0000 6.0000 0.3590 0.2487 0.2017 0.2395 0.2077 1.2565 1.9922 3.4991 
