subNo index block mean periodicity testLevel pressedKey answer isCorrect rt s1 s2 s3 s4 s5 s6 t1 t2 t3 t4 t5 seqDuration startInterval trialDuration 
3.0000 1.0000 1.0000 3.3070 1.0000 5.6232 2 -1.0000 1.0000 2.2540 9.3070 1.3070 -2.6930 5.3070 -6.6930 13.3070 0.2500 0.2500 0.2500 0.2500 0.2500 1.2500 1.8377 3.3425 
3.0000 2.0000 1.0000 -2.0807 1.0000 4.5090 2 -1.0000 1.0000 0.8850 -12.0807 -0.0807 3.9193 -4.0807 7.9193 -8.0807 0.2500 0.2500 0.2500 0.2500 0.2500 1.2500 1.8875 3.3759 
3.0000 3.0000 1.0000 -1.5900 1.0000 4.3482 2 -1.0000 1.0000 0.5990 0.4100 -7.5900 -11.5900 8.4100 -3.5900 4.4100 0.2500 0.2500 0.2500 0.2500 0.2500 1.2500 1.7606 3.2592 
3.0000 4.0000 1.0000 2.5452 0.0000 5.1082 2 -1.0000 1.0000 1.2820 -7.4548 4.5452 8.5452 0.5452 12.5452 -3.4548 0.2898 0.3635 0.2370 0.1636 0.1943 1.2481 1.9157 3.4074 
3.0000 5.0000 1.0000 3.9073 0.0000 6.9924 2 -1.0000 1.0000 1.2930 9.9073 1.9073 -2.0927 5.9073 -6.0927 13.9073 0.1525 0.3608 0.1607 0.2445 0.3261 1.2446 1.9324 3.4370 
3.0000 6.0000 1.0000 -0.1801 0.0000 -1.5381 8 1.0000 1.0000 2.2980 -10.1801 1.8199 9.8199 -2.1801 5.8199 -6.1801 0.2204 0.3278 0.2977 0.1619 0.2372 1.2449 1.8628 3.3708 
3.0000 7.0000 1.0000 -1.7479 0.0000 -4.8602 8 1.0000 1.0000 1.4990 -11.7479 0.2521 4.2521 -3.7479 8.2521 -7.7479 0.2143 0.2562 0.1798 0.2738 0.3266 1.2507 1.8109 3.3100 
3.0000 8.0000 1.0000 -3.9728 1.0000 0.5741 2 -1.0000 1.0000 1.5260 -13.9728 -1.9728 2.0272 -5.9728 6.0272 -9.9728 0.2500 0.2500 0.2500 0.2500 0.2500 1.2500 1.9700 3.4759 
3.0000 9.0000 1.0000 -0.5026 0.0000 -3.5602 2 -1.0000 0.0000 1.3820 -10.5026 -2.5026 5.4974 -6.5026 9.4974 1.4974 0.3806 0.1634 0.2818 0.1797 0.2450 1.2505 1.9532 3.4596 
3.0000 10.0000 1.0000 -0.9748 0.0000 -4.1533 8 1.0000 1.0000 2.0410 9.0252 1.0252 -6.9748 5.0252 -10.9748 -2.9748 0.3044 0.2034 0.3114 0.2452 0.1759 1.2403 1.8444 3.3330 
3.0000 11.0000 1.0000 0.1834 0.0000 -0.7413 2 -1.0000 0.0000 2.9950 -9.8166 2.1834 6.1834 -1.8166 10.1834 -5.8166 0.3006 0.3359 0.2463 0.2129 0.1592 1.2549 1.8680 3.3640 
3.0000 12.0000 1.0000 -1.6199 1.0000 -3.1159 8 1.0000 1.0000 1.7200 -11.6199 -3.6199 8.3801 -7.6199 4.3801 0.3801 0.2500 0.2500 0.2500 0.2500 0.2500 1.2500 1.7639 3.2592 
3.0000 13.0000 1.0000 3.2046 0.0000 3.9326 2 -1.0000 1.0000 1.6240 -2.7954 5.2046 13.2046 1.2046 9.2046 -6.7954 0.2151 0.1712 0.2245 0.3793 0.2676 1.2578 1.8174 3.3171 
3.0000 14.0000 1.0000 3.0399 1.0000 7.6330 2 -1.0000 1.0000 1.3330 -6.9601 5.0399 13.0399 1.0399 9.0399 -2.9601 0.2500 0.2500 0.2500 0.2500 0.2500 1.2500 1.7800 3.2758 
3.0000 15.0000 1.0000 3.6313 1.0000 -2.6439 2 -1.0000 0.0000 1.7090 -2.3687 9.6313 13.6313 -6.3687 5.6313 1.6313 0.2500 0.2500 0.2500 0.2500 0.2500 1.2500 1.7691 3.2757 
3.0000 16.0000 1.0000 3.3647 0.0000 0.6657 8 1.0000 0.0000 2.4660 13.3647 5.3647 -2.6353 9.3647 -6.6353 1.3647 0.3010 0.3816 0.1792 0.2352 0.1592 1.2562 1.8846 3.3988 
3.0000 17.0000 1.0000 -3.2147 1.0000 0.6812 8 1.0000 0.0000 2.1390 -1.2147 -9.2147 -13.2147 6.7853 -5.2147 2.7853 0.2500 0.2500 0.2500 0.2500 0.2500 1.2500 1.7570 3.2592 
3.0000 18.0000 1.0000 -3.0466 1.0000 -5.6206 8 1.0000 1.0000 1.8820 6.9534 -5.0466 -13.0466 -1.0466 -9.0466 2.9534 0.2500 0.2500 0.2500 0.2500 0.2500 1.2500 1.8401 3.3426 
3.0000 19.0000 1.0000 -0.2544 1.0000 7.4766 2 -1.0000 1.0000 1.2580 -10.2544 1.7456 9.7456 -2.2544 5.7456 -6.2544 0.2500 0.2500 0.2500 0.2500 0.2500 1.2500 1.8156 3.3092 
3.0000 20.0000 1.0000 -0.5826 1.0000 -2.4122 8 1.0000 1.0000 1.9420 -6.5826 5.4174 9.4174 -10.5826 1.4174 -2.5826 0.2500 0.2500 0.2500 0.2500 0.2500 1.2500 1.9914 3.4926 
3.0000 21.0000 1.0000 2.0744 1.0000 -1.4934 8 1.0000 1.0000 3.2630 -7.9256 4.0744 8.0744 0.0744 12.0744 -3.9256 0.2500 0.2500 0.2500 0.2500 0.2500 1.2500 1.9054 3.4094 
3.0000 22.0000 1.0000 3.8568 1.0000 2.2123 2 -1.0000 1.0000 4.1970 -2.1432 5.8568 13.8568 1.8568 9.8568 -6.1432 0.2500 0.2500 0.2500 0.2500 0.2500 1.2500 1.8744 3.3758 
3.0000 23.0000 1.0000 2.8391 0.0000 2.0471 8 1.0000 0.0000 2.5200 12.8391 4.8391 -3.1609 8.8391 -7.1609 0.8391 0.3675 0.1500 0.3200 0.2530 0.1567 1.2471 1.8563 3.3397 
3.0000 24.0000 1.0000 0.8903 0.0000 -0.5431 8 1.0000 1.0000 2.3030 -9.1097 -1.1097 6.8903 -5.1097 10.8903 2.8903 0.1927 0.3364 0.1745 0.3726 0.1705 1.2467 1.9454 3.4561 
3.0000 25.0000 1.0000 -1.1642 1.0000 -0.9509 8 1.0000 1.0000 1.7690 -3.1642 4.8358 8.8358 -11.1642 0.8358 -7.1642 0.2500 0.2500 0.2500 0.2500 0.2500 1.2500 1.7857 3.2925 
3.0000 26.0000 1.0000 -1.8146 1.0000 1.2252 8 1.0000 0.0000 2.0760 -11.8146 -3.8146 8.1854 -7.8146 4.1854 0.1854 0.2500 0.2500 0.2500 0.2500 0.2500 1.2500 1.8430 3.3425 
3.0000 27.0000 1.0000 2.0042 1.0000 -4.2283 8 1.0000 1.0000 1.3770 12.0042 0.0042 -3.9958 4.0042 -7.9958 8.0042 0.2500 0.2500 0.2500 0.2500 0.2500 1.2500 1.9013 3.4092 
3.0000 28.0000 1.0000 -1.2215 0.0000 4.7412 2 -1.0000 1.0000 1.3760 -3.2215 4.7785 8.7785 -11.2215 0.7785 -7.2215 0.3649 0.2080 0.1567 0.2306 0.2888 1.2490 1.9561 3.4582 
3.0000 29.0000 1.0000 -0.0650 1.0000 1.0488 2 -1.0000 1.0000 2.5030 -6.0650 5.9350 9.9350 -10.0650 1.9350 -2.0650 0.2500 0.2500 0.2500 0.2500 0.2500 1.2500 1.7842 3.2759 
3.0000 30.0000 1.0000 -1.8440 0.0000 7.5682 2 -1.0000 1.0000 1.4180 -11.8440 0.1560 4.1560 -3.8440 8.1560 -7.8440 0.2013 0.3587 0.1604 0.3035 0.2183 1.2422 1.9367 3.4182 
3.0000 31.0000 1.0000 -2.2398 0.0000 2.5848 8 1.0000 0.0000 2.0980 3.7602 -4.2398 -8.2398 -0.2398 -12.2398 7.7602 0.3299 0.1813 0.2575 0.1541 0.3276 1.2504 1.9507 3.4428 
3.0000 32.0000 1.0000 -2.9480 1.0000 -2.8242 8 1.0000 1.0000 1.7060 7.0520 -0.9480 -8.9480 3.0520 -12.9480 -4.9480 0.2500 0.2500 0.2500 0.2500 0.2500 1.2500 1.8401 3.3259 
3.0000 33.0000 1.0000 1.6057 1.0000 0.5301 2 -1.0000 1.0000 1.3780 7.6057 -0.3943 -4.3943 3.6057 -8.3943 11.6057 0.2500 0.2500 0.2500 0.2500 0.2500 1.2500 1.8041 3.3093 
3.0000 34.0000 1.0000 2.8226 0.0000 -4.7120 8 1.0000 1.0000 1.1040 -7.1774 4.8226 8.8226 0.8226 12.8226 -3.1774 0.2805 0.1630 0.2602 0.3228 0.2153 1.2419 1.9740 3.4679 
3.0000 35.0000 1.0000 2.7976 0.0000 2.9281 2 -1.0000 1.0000 1.0220 12.7976 4.7976 -3.2024 8.7976 -7.2024 0.7976 0.1655 0.2232 0.2881 0.3350 0.2296 1.2414 1.8735 3.3672 
3.0000 36.0000 1.0000 -2.9050 1.0000 -2.5063 8 1.0000 1.0000 1.2340 -12.9050 -4.9050 3.0950 -8.9050 7.0950 -0.9050 0.2500 0.2500 0.2500 0.2500 0.2500 1.2500 1.7803 3.2758 
3.0000 37.0000 1.0000 -3.3307 1.0000 1.2880 2 -1.0000 1.0000 2.3280 2.6693 -5.3307 -9.3307 -1.3307 -13.3307 6.6693 0.2500 0.2500 0.2500 0.2500 0.2500 1.2500 1.9236 3.4259 
3.0000 38.0000 1.0000 -3.5651 1.0000 1.7939 2 -1.0000 1.0000 1.7600 6.4349 -5.5651 -9.5651 -1.5651 -13.5651 2.4349 0.2500 0.2500 0.2500 0.2500 0.2500 1.2500 1.7565 3.2592 
3.0000 39.0000 1.0000 3.6111 1.0000 -7.4678 8 1.0000 1.0000 1.0170 -2.3889 5.6111 13.6111 1.6111 9.6111 -6.3889 0.2500 0.2500 0.2500 0.2500 0.2500 1.2500 1.7837 3.2758 
3.0000 40.0000 1.0000 1.6331 1.0000 -4.2131 8 1.0000 1.0000 1.8280 -0.3669 7.6331 11.6331 -8.3669 3.6331 -4.3669 0.2500 0.2500 0.2500 0.2500 0.2500 1.2500 1.7983 3.2925 
3.0000 41.0000 1.0000 -2.7438 1.0000 1.2226 8 1.0000 0.0000 2.8960 7.2562 -4.7438 -12.7438 -0.7438 -8.7438 3.2562 0.2500 0.2500 0.2500 0.2500 0.2500 1.2500 1.8183 3.3092 
3.0000 42.0000 1.0000 0.6081 1.0000 -1.4129 2 -1.0000 0.0000 2.6910 -5.3919 2.6081 10.6081 -1.3919 6.6081 -9.3919 0.2500 0.2500 0.2500 0.2500 0.2500 1.2500 1.9335 3.4426 
3.0000 43.0000 1.0000 0.7976 1.0000 -1.2630 2 -1.0000 0.0000 0.9290 -5.2024 6.7976 10.7976 -9.2024 2.7976 -1.2024 0.2500 0.2500 0.2500 0.2500 0.2500 1.2500 1.8670 3.3758 
3.0000 44.0000 1.0000 0.3105 1.0000 4.4197 2 -1.0000 1.0000 1.2550 -9.6895 2.3105 10.3105 -1.6895 6.3105 -5.6895 0.2500 0.2500 0.2500 0.2500 0.2500 1.2500 1.8098 3.3092 
3.0000 45.0000 1.0000 -3.4917 0.0000 2.8412 2 -1.0000 1.0000 0.8090 -13.4917 -5.4917 6.5083 -9.4917 2.5083 -1.4917 0.2852 0.2184 0.1888 0.3706 0.1970 1.2600 1.8590 3.3692 
3.0000 46.0000 1.0000 -3.9524 0.0000 -5.5241 8 1.0000 1.0000 1.3690 -5.9524 2.0476 6.0476 -13.9524 -1.9524 -9.9524 0.2686 0.1521 0.2562 0.3295 0.2526 1.2591 1.9011 3.4183 
3.0000 47.0000 1.0000 -3.6577 1.0000 4.4358 2 -1.0000 1.0000 3.1260 -9.6577 2.3423 6.3423 -13.6577 -1.6577 -5.6577 0.2500 0.2500 0.2500 0.2500 0.2500 1.2500 1.8452 3.3425 
3.0000 48.0000 1.0000 -0.5186 0.0000 -2.4655 2 -1.0000 0.0000 3.7320 -10.5186 1.4814 9.4814 -2.5186 5.4814 -6.5186 0.1848 0.2669 0.1605 0.2296 0.3988 1.2407 1.9046 3.4001 
3.0000 49.0000 1.0000 2.5880 1.0000 -4.6567 2 -1.0000 0.0000 3.4520 8.5880 0.5880 -3.4120 4.5880 -7.4120 12.5880 0.2500 0.2500 0.2500 0.2500 0.2500 1.2500 1.9554 3.4426 
3.0000 50.0000 1.0000 0.9230 1.0000 -4.6267 8 1.0000 1.0000 3.5060 6.9230 -1.0770 -5.0770 2.9230 -9.0770 10.9230 0.2500 0.2500 0.2500 0.2500 0.2500 1.2500 1.9719 3.4591 
3.0000 51.0000 1.0000 -3.6966 0.0000 -0.5833 2 -1.0000 0.0000 3.8830 6.3034 -1.6966 -9.6966 2.3034 -13.6966 -5.6966 0.2407 0.3167 0.2371 0.1809 0.2666 1.2420 1.7600 3.2512 
3.0000 52.0000 1.0000 -3.6638 1.0000 5.8512 2 -1.0000 1.0000 2.0020 -13.6638 -5.6638 6.3362 -9.6638 2.3362 -1.6638 0.2500 0.2500 0.2500 0.2500 0.2500 1.2500 1.8236 3.3259 
3.0000 53.0000 1.0000 -3.9900 1.0000 3.9813 2 -1.0000 1.0000 3.9940 -9.9900 2.0100 6.0100 -13.9900 -1.9900 -5.9900 0.2500 0.2500 0.2500 0.2500 0.2500 1.2500 1.9791 3.4760 
3.0000 54.0000 1.0000 2.8116 1.0000 2.6833 2 -1.0000 1.0000 1.8630 12.8116 0.8116 -7.1884 4.8116 -3.1884 8.8116 0.2500 0.2500 0.2500 0.2500 0.2500 1.2500 1.9425 3.4427 
3.0000 55.0000 1.0000 3.7649 0.0000 1.9839 2 -1.0000 1.0000 1.3420 13.7649 1.7649 -6.2351 5.7649 -2.2351 9.7649 0.2876 0.2357 0.1551 0.3111 0.2537 1.2433 1.9512 3.4358 
3.0000 56.0000 1.0000 1.4499 0.0000 -2.5044 2 -1.0000 0.0000 1.0360 3.4499 -4.5501 -8.5501 11.4499 -0.5501 7.4499 0.1531 0.3608 0.1759 0.2302 0.3325 1.2524 1.8415 3.3450 
3.0000 57.0000 1.0000 -0.2596 1.0000 -0.7588 2 -1.0000 0.0000 2.2500 9.7404 -2.2596 -10.2596 1.7404 -6.2596 5.7404 0.2500 0.2500 0.2500 0.2500 0.2500 1.2500 1.9813 3.4759 
3.0000 58.0000 1.0000 -1.6351 1.0000 -3.3289 8 1.0000 1.0000 2.0880 8.3649 0.3649 -7.6351 4.3649 -11.6351 -3.6351 0.2500 0.2500 0.2500 0.2500 0.2500 1.2500 1.9013 3.3926 
3.0000 59.0000 1.0000 0.9258 0.0000 4.5311 2 -1.0000 1.0000 4.4560 -5.0742 6.9258 10.9258 -9.0742 2.9258 -1.0742 0.2177 0.3578 0.1643 0.2888 0.2268 1.2555 1.8415 3.3482 
3.0000 60.0000 1.0000 0.8069 1.0000 -4.4687 8 1.0000 1.0000 1.2630 10.8069 -1.1931 -9.1931 2.8069 -5.1931 6.8069 0.2500 0.2500 0.2500 0.2500 0.2500 1.2500 1.8285 3.3425 
