subNo index block mean periodicity testLevel pressedKey answer isCorrect rt s1 s2 s3 s4 s5 s6 t1 t2 t3 t4 t5 seqDuration startInterval trialDuration 
11.0000 53.0000 1.0000 2.0000 0.0000 0.0000 8 1.0000 0.0000 2.4330 -8.0000 0.0000 12.0000 -4.0000 8.0000 4.0000 0.2528 0.1753 0.2367 0.3350 0.2566 1.2563 1.9483 3.4490 
11.0000 16.0000 1.0000 -2.0000 1.0000 -5.0000 8 1.0000 1.0000 1.0250 4.0000 -4.0000 -8.0000 0.0000 -12.0000 8.0000 0.2500 0.2500 0.2500 0.2500 0.2500 1.2500 1.9791 3.4760 
11.0000 3.0000 1.0000 -4.0000 1.0000 -2.5000 8 1.0000 1.0000 0.7870 6.0000 -2.0000 -14.0000 2.0000 -10.0000 -6.0000 0.2500 0.2500 0.2500 0.2500 0.2500 1.2500 1.7779 3.2758 
11.0000 9.0000 1.0000 -4.0000 0.0000 -5.0000 8 1.0000 1.0000 0.9830 6.0000 -2.0000 -10.0000 2.0000 -14.0000 -6.0000 0.1803 0.3098 0.1973 0.3110 0.2602 1.2585 1.7765 3.2843 
11.0000 58.0000 1.0000 4.0000 1.0000 -5.0000 8 1.0000 1.0000 1.5070 14.0000 6.0000 -6.0000 10.0000 -2.0000 2.0000 0.2500 0.2500 0.2500 0.2500 0.2500 1.2500 1.7626 3.2758 
11.0000 33.0000 1.0000 0.0000 1.0000 2.5000 8 1.0000 0.0000 1.3910 10.0000 2.0000 -10.0000 6.0000 -6.0000 -2.0000 0.2500 0.2500 0.2500 0.2500 0.2500 1.2500 1.9648 3.4760 
11.0000 15.0000 1.0000 -2.0000 1.0000 -7.5000 8 1.0000 1.0000 0.7920 4.0000 -4.0000 -12.0000 0.0000 -8.0000 8.0000 0.2500 0.2500 0.2500 0.2500 0.2500 1.2500 1.8208 3.3258 
11.0000 20.0000 1.0000 -2.0000 1.0000 5.0000 2 -1.0000 1.0000 2.3950 8.0000 0.0000 -12.0000 4.0000 -8.0000 -4.0000 0.2500 0.2500 0.2500 0.2500 0.2500 1.2500 1.7951 3.2925 
11.0000 47.0000 1.0000 2.0000 1.0000 2.5000 8 1.0000 0.0000 1.2850 12.0000 4.0000 -8.0000 8.0000 -4.0000 0.0000 0.2500 0.2500 0.2500 0.2500 0.2500 1.2500 1.9965 3.4927 
11.0000 54.0000 1.0000 2.0000 0.0000 2.5000 2 -1.0000 1.0000 1.3060 12.0000 0.0000 -8.0000 4.0000 -4.0000 8.0000 0.1837 0.2901 0.1622 0.3341 0.2741 1.2441 1.8339 3.3200 
11.0000 39.0000 1.0000 0.0000 0.0000 0.0000 2 -1.0000 0.0000 2.0840 -10.0000 2.0000 6.0000 -2.0000 10.0000 -6.0000 0.2018 0.2566 0.2862 0.1734 0.3344 1.2524 1.9218 3.4283 
11.0000 61.0000 1.0000 4.0000 1.0000 2.5000 2 -1.0000 1.0000 0.9780 10.0000 2.0000 -2.0000 6.0000 -6.0000 14.0000 0.2500 0.2500 0.2500 0.2500 0.2500 1.2500 1.8349 3.3260 
11.0000 62.0000 1.0000 4.0000 1.0000 5.0000 2 -1.0000 1.0000 2.4640 10.0000 -2.0000 -6.0000 14.0000 2.0000 6.0000 0.2500 0.2500 0.2500 0.2500 0.2500 1.2500 1.9263 3.4260 
11.0000 22.0000 1.0000 -2.0000 0.0000 -7.5000 8 1.0000 1.0000 2.4250 4.0000 -4.0000 -8.0000 0.0000 -12.0000 8.0000 0.2277 0.2637 0.2023 0.3903 0.1706 1.2547 1.7717 3.2638 
11.0000 48.0000 1.0000 2.0000 1.0000 5.0000 2 -1.0000 1.0000 1.5460 12.0000 0.0000 -8.0000 4.0000 -4.0000 8.0000 0.2500 0.2500 0.2500 0.2500 0.2500 1.2500 1.9176 3.4261 
11.0000 43.0000 1.0000 2.0000 1.0000 -7.5000 8 1.0000 1.0000 1.2940 8.0000 -4.0000 -8.0000 12.0000 0.0000 4.0000 0.2500 0.2500 0.2500 0.2500 0.2500 1.2500 1.7868 3.2925 
11.0000 11.0000 1.0000 -4.0000 0.0000 0.0000 NR 0.0000 0.0000 0.0000 2.0000 -10.0000 -14.0000 6.0000 -6.0000 -2.0000 0.1652 0.3136 0.2717 0.2043 0.2879 1.2426 1.7557 3.2519 
11.0000 56.0000 1.0000 2.0000 0.0000 7.5000 2 -1.0000 1.0000 0.7040 8.0000 0.0000 -8.0000 4.0000 -4.0000 12.0000 0.3178 0.2472 0.2944 0.1524 0.2443 1.2561 1.9492 3.4487 
11.0000 57.0000 1.0000 4.0000 1.0000 -7.5000 8 1.0000 1.0000 1.4440 -2.0000 6.0000 14.0000 2.0000 10.0000 -6.0000 0.2500 0.2500 0.2500 0.2500 0.2500 1.2500 1.8787 3.3759 
11.0000 52.0000 1.0000 2.0000 0.0000 -2.5000 8 1.0000 1.0000 1.0510 12.0000 4.0000 -4.0000 8.0000 -8.0000 0.0000 0.2162 0.1820 0.3918 0.2473 0.2082 1.2455 1.9977 3.4880 
11.0000 5.0000 1.0000 -4.0000 1.0000 2.5000 2 -1.0000 1.0000 1.6990 -10.0000 -2.0000 6.0000 -6.0000 2.0000 -14.0000 0.2500 0.2500 0.2500 0.2500 0.2500 1.2500 1.8301 3.3259 
11.0000 23.0000 1.0000 -2.0000 0.0000 -5.0000 2 -1.0000 0.0000 1.5680 4.0000 -4.0000 -12.0000 0.0000 -8.0000 8.0000 0.2233 0.3027 0.2270 0.3063 0.1811 1.2403 1.9985 3.4828 
11.0000 67.0000 1.0000 4.0000 0.0000 0.0000 2 -1.0000 0.0000 2.1770 -6.0000 6.0000 10.0000 2.0000 14.0000 -2.0000 0.2084 0.2360 0.2772 0.3446 0.1874 1.2536 1.8859 3.3795 
11.0000 38.0000 1.0000 0.0000 0.0000 -2.5000 8 1.0000 1.0000 2.7550 2.0000 -6.0000 -10.0000 10.0000 -2.0000 6.0000 0.1938 0.3455 0.1623 0.2145 0.3305 1.2467 1.8233 3.3060 
11.0000 12.0000 1.0000 -4.0000 0.0000 2.5000 8 1.0000 0.0000 2.6520 6.0000 -2.0000 -10.0000 2.0000 -14.0000 -6.0000 0.1949 0.2504 0.2048 0.3518 0.2403 1.2422 1.8357 3.3347 
11.0000 55.0000 1.0000 2.0000 0.0000 5.0000 2 -1.0000 1.0000 1.4910 8.0000 0.0000 -4.0000 4.0000 -8.0000 12.0000 0.2581 0.1835 0.2509 0.3338 0.2267 1.2530 1.8287 3.3455 
11.0000 27.0000 1.0000 -2.0000 0.0000 5.0000 2 -1.0000 1.0000 1.4310 4.0000 -4.0000 -8.0000 0.0000 -12.0000 8.0000 0.2412 0.2714 0.2315 0.3243 0.1860 1.2544 1.9769 3.4804 
11.0000 4.0000 1.0000 -4.0000 1.0000 0.0000 8 1.0000 0.0000 0.9680 6.0000 -6.0000 -14.0000 -2.0000 -10.0000 2.0000 0.2500 0.2500 0.2500 0.2500 0.2500 1.2500 1.8244 3.3259 
11.0000 6.0000 1.0000 -4.0000 1.0000 5.0000 8 1.0000 0.0000 1.5770 -10.0000 2.0000 6.0000 -14.0000 -2.0000 -6.0000 0.2500 0.2500 0.2500 0.2500 0.2500 1.2500 1.8792 3.3759 
11.0000 41.0000 1.0000 0.0000 0.0000 5.0000 2 -1.0000 1.0000 2.0250 6.0000 -2.0000 -10.0000 2.0000 -6.0000 10.0000 0.1607 0.2262 0.3894 0.2860 0.1868 1.2490 1.8372 3.3416 
11.0000 18.0000 1.0000 -2.0000 1.0000 0.0000 8 1.0000 0.0000 2.5840 -12.0000 0.0000 4.0000 -4.0000 8.0000 -8.0000 0.2500 0.2500 0.2500 0.2500 0.2500 1.2500 1.8317 3.3259 
11.0000 28.0000 1.0000 -2.0000 0.0000 7.5000 2 -1.0000 1.0000 1.4660 -12.0000 -4.0000 4.0000 -8.0000 8.0000 0.0000 0.1624 0.2270 0.2782 0.3150 0.2715 1.2540 1.7924 3.2965 
11.0000 60.0000 1.0000 4.0000 1.0000 0.0000 8 1.0000 0.0000 1.2500 14.0000 2.0000 -2.0000 6.0000 -6.0000 10.0000 0.2500 0.2500 0.2500 0.2500 0.2500 1.2500 1.7831 3.2758 
11.0000 10.0000 1.0000 -4.0000 0.0000 -2.5000 8 1.0000 1.0000 1.7090 -10.0000 2.0000 6.0000 -14.0000 -2.0000 -6.0000 0.2097 0.2827 0.1768 0.2674 0.3077 1.2442 1.9645 3.4536 
11.0000 50.0000 1.0000 2.0000 0.0000 -7.5000 8 1.0000 1.0000 3.9230 -8.0000 4.0000 12.0000 0.0000 8.0000 -4.0000 0.1677 0.2807 0.1672 0.2946 0.3403 1.2504 1.9728 3.4763 
11.0000 42.0000 1.0000 0.0000 0.0000 7.5000 2 -1.0000 1.0000 1.4710 -6.0000 2.0000 6.0000 -2.0000 10.0000 -10.0000 0.3159 0.2193 0.2803 0.1820 0.2578 1.2553 1.9431 3.4478 
11.0000 21.0000 1.0000 -2.0000 1.0000 7.5000 2 -1.0000 1.0000 1.4310 8.0000 -4.0000 -8.0000 0.0000 -12.0000 4.0000 0.2500 0.2500 0.2500 0.2500 0.2500 1.2500 1.8202 3.3260 
11.0000 40.0000 1.0000 0.0000 0.0000 2.5000 2 -1.0000 1.0000 3.5410 10.0000 -2.0000 -6.0000 2.0000 -10.0000 6.0000 0.1754 0.3276 0.2294 0.3095 0.2030 1.2449 1.8635 3.3541 
11.0000 45.0000 1.0000 2.0000 1.0000 -2.5000 8 1.0000 1.0000 2.4770 -4.0000 8.0000 12.0000 -8.0000 4.0000 0.0000 0.2500 0.2500 0.2500 0.2500 0.2500 1.2500 1.8650 3.3592 
11.0000 66.0000 1.0000 4.0000 0.0000 -2.5000 8 1.0000 1.0000 0.9800 6.0000 -2.0000 -6.0000 14.0000 2.0000 10.0000 0.3633 0.1548 0.1954 0.2916 0.2385 1.2437 1.9780 3.4698 
11.0000 46.0000 1.0000 2.0000 1.0000 0.0000 8 1.0000 0.0000 1.2820 12.0000 0.0000 -8.0000 4.0000 -4.0000 8.0000 0.2500 0.2500 0.2500 0.2500 0.2500 1.2500 1.7522 3.2425 
11.0000 34.0000 1.0000 0.0000 1.0000 5.0000 8 1.0000 0.0000 1.4550 -10.0000 -2.0000 6.0000 -6.0000 10.0000 2.0000 0.2500 0.2500 0.2500 0.2500 0.2500 1.2500 1.8097 3.3093 
11.0000 64.0000 1.0000 4.0000 0.0000 -7.5000 8 1.0000 1.0000 1.8660 -2.0000 6.0000 14.0000 2.0000 10.0000 -6.0000 0.2280 0.3284 0.1671 0.3427 0.1808 1.2470 1.9427 3.4395 
11.0000 70.0000 1.0000 4.0000 0.0000 7.5000 2 -1.0000 1.0000 1.0670 -6.0000 6.0000 14.0000 2.0000 10.0000 -2.0000 0.2796 0.1525 0.3280 0.2289 0.2639 1.2530 1.9428 3.4454 
11.0000 14.0000 1.0000 -4.0000 0.0000 7.5000 2 -1.0000 1.0000 2.5930 6.0000 -6.0000 -10.0000 -2.0000 -14.0000 2.0000 0.3238 0.2266 0.1762 0.3538 0.1687 1.2491 1.8232 3.3250 
11.0000 63.0000 1.0000 4.0000 1.0000 7.5000 2 -1.0000 1.0000 0.9560 -6.0000 2.0000 14.0000 -2.0000 10.0000 6.0000 0.2500 0.2500 0.2500 0.2500 0.2500 1.2500 1.9458 3.4593 
11.0000 35.0000 1.0000 0.0000 1.0000 7.5000 2 -1.0000 1.0000 1.2190 -6.0000 2.0000 6.0000 -2.0000 10.0000 -10.0000 0.2500 0.2500 0.2500 0.2500 0.2500 1.2500 1.9191 3.4260 
11.0000 1.0000 1.0000 -4.0000 1.0000 -7.5000 8 1.0000 1.0000 0.7870 6.0000 -6.0000 -14.0000 -2.0000 -10.0000 2.0000 0.2500 0.2500 0.2500 0.2500 0.2500 1.2500 1.9844 3.4926 
11.0000 2.0000 1.0000 -4.0000 1.0000 -5.0000 8 1.0000 1.0000 0.6170 2.0000 -6.0000 -14.0000 -2.0000 -10.0000 6.0000 0.2500 0.2500 0.2500 0.2500 0.2500 1.2500 1.9496 3.4592 
11.0000 25.0000 1.0000 -2.0000 0.0000 0.0000 8 1.0000 0.0000 0.8230 -4.0000 4.0000 8.0000 -12.0000 0.0000 -8.0000 0.2463 0.2984 0.1726 0.3273 0.2057 1.2503 1.8680 3.3761 
11.0000 8.0000 1.0000 -4.0000 0.0000 -7.5000 8 1.0000 1.0000 0.7620 2.0000 -10.0000 -14.0000 6.0000 -6.0000 -2.0000 0.2193 0.3721 0.1755 0.3206 0.1710 1.2585 1.9495 3.4512 
11.0000 37.0000 1.0000 0.0000 0.0000 -5.0000 8 1.0000 1.0000 1.5970 -6.0000 2.0000 10.0000 -2.0000 6.0000 -10.0000 0.3041 0.1896 0.2183 0.3266 0.2084 1.2470 1.8338 3.3229 
11.0000 26.0000 1.0000 -2.0000 0.0000 2.5000 8 1.0000 0.0000 3.2900 -8.0000 0.0000 4.0000 -4.0000 8.0000 -12.0000 0.2954 0.1558 0.3544 0.1730 0.2645 1.2431 1.9529 3.4358 
11.0000 29.0000 1.0000 0.0000 1.0000 -7.5000 8 1.0000 1.0000 1.1350 2.0000 -6.0000 -10.0000 10.0000 -2.0000 6.0000 0.2500 0.2500 0.2500 0.2500 0.2500 1.2500 1.8099 3.3092 
11.0000 31.0000 1.0000 0.0000 1.0000 -2.5000 2 -1.0000 0.0000 2.2460 6.0000 -2.0000 -10.0000 2.0000 -6.0000 10.0000 0.2500 0.2500 0.2500 0.2500 0.2500 1.2500 1.9176 3.4091 
11.0000 17.0000 1.0000 -2.0000 1.0000 -2.5000 8 1.0000 1.0000 1.8970 4.0000 -4.0000 -12.0000 0.0000 -8.0000 8.0000 0.2500 0.2500 0.2500 0.2500 0.2500 1.2500 1.9254 3.4259 
11.0000 30.0000 1.0000 0.0000 1.0000 -5.0000 8 1.0000 1.0000 1.7770 -6.0000 2.0000 10.0000 -2.0000 6.0000 -10.0000 0.2500 0.2500 0.2500 0.2500 0.2500 1.2500 1.7504 3.2591 
11.0000 44.0000 1.0000 2.0000 1.0000 -5.0000 8 1.0000 1.0000 1.4540 -8.0000 0.0000 12.0000 -4.0000 8.0000 4.0000 0.2500 0.2500 0.2500 0.2500 0.2500 1.2500 1.9256 3.4258 
11.0000 32.0000 1.0000 0.0000 1.0000 0.0000 8 1.0000 0.0000 2.4280 -6.0000 2.0000 6.0000 -2.0000 10.0000 -10.0000 0.2500 0.2500 0.2500 0.2500 0.2500 1.2500 1.8254 3.3258 
11.0000 13.0000 1.0000 -4.0000 0.0000 5.0000 8 1.0000 0.0000 1.3400 6.0000 -2.0000 -14.0000 2.0000 -10.0000 -6.0000 0.2420 0.2725 0.1557 0.2020 0.3757 1.2479 1.8102 3.3072 
11.0000 36.0000 1.0000 0.0000 0.0000 -7.5000 8 1.0000 1.0000 1.9350 -6.0000 6.0000 10.0000 -10.0000 2.0000 -2.0000 0.2328 0.1692 0.2742 0.2450 0.3323 1.2535 1.8761 3.3795 
11.0000 68.0000 1.0000 4.0000 0.0000 2.5000 2 -1.0000 1.0000 1.5230 14.0000 2.0000 -6.0000 6.0000 -2.0000 10.0000 0.2064 0.1548 0.3342 0.2944 0.2579 1.2478 1.8170 3.3069 
11.0000 49.0000 1.0000 2.0000 1.0000 7.5000 2 -1.0000 1.0000 2.1220 -8.0000 4.0000 8.0000 0.0000 12.0000 -4.0000 0.2500 0.2500 0.2500 0.2500 0.2500 1.2500 1.7735 3.2759 
11.0000 69.0000 1.0000 4.0000 0.0000 5.0000 2 -1.0000 1.0000 1.4070 2.0000 10.0000 14.0000 -6.0000 6.0000 -2.0000 0.1858 0.2898 0.2208 0.3616 0.1850 1.2430 1.7886 3.2688 
11.0000 19.0000 1.0000 -2.0000 1.0000 2.5000 2 -1.0000 1.0000 1.3240 4.0000 -4.0000 -8.0000 0.0000 -12.0000 8.0000 0.2500 0.2500 0.2500 0.2500 0.2500 1.2500 1.7562 3.2424 
11.0000 24.0000 1.0000 -2.0000 0.0000 -2.5000 8 1.0000 1.0000 1.8570 8.0000 -4.0000 -8.0000 0.0000 -12.0000 4.0000 0.2522 0.2882 0.1802 0.3653 0.1652 1.2512 1.7901 3.2771 
11.0000 7.0000 1.0000 -4.0000 1.0000 7.5000 2 -1.0000 1.0000 2.7460 -6.0000 2.0000 6.0000 -14.0000 -2.0000 -10.0000 0.2500 0.2500 0.2500 0.2500 0.2500 1.2500 1.9451 3.4593 
11.0000 59.0000 1.0000 4.0000 1.0000 -2.5000 2 -1.0000 0.0000 2.4310 10.0000 -2.0000 -6.0000 14.0000 2.0000 6.0000 0.2500 0.2500 0.2500 0.2500 0.2500 1.2500 1.8958 3.4093 
11.0000 51.0000 1.0000 2.0000 0.0000 -5.0000 8 1.0000 1.0000 1.6320 -8.0000 4.0000 8.0000 0.0000 12.0000 -4.0000 0.2167 0.3628 0.2213 0.1651 0.2845 1.2504 1.7700 3.2761 
11.0000 65.0000 1.0000 4.0000 0.0000 -5.0000 NR 0.0000 0.0000 0.0000 2.0000 10.0000 14.0000 -6.0000 6.0000 -2.0000 0.2047 0.1632 0.3409 0.2518 0.2943 1.2549 1.7796 3.2808 
11.0000 49.0000 2.0000 2.0000 1.0000 7.5000 2 -1.0000 1.0000 2.1250 -8.0000 4.0000 8.0000 0.0000 12.0000 -4.0000 0.2500 0.2500 0.2500 0.2500 0.2500 1.2500 1.9323 3.4259 
11.0000 46.0000 2.0000 2.0000 1.0000 0.0000 2 -1.0000 0.0000 2.1600 -8.0000 0.0000 8.0000 -4.0000 12.0000 4.0000 0.2500 0.2500 0.2500 0.2500 0.2500 1.2500 1.8368 3.3425 
11.0000 39.0000 2.0000 0.0000 0.0000 0.0000 8 1.0000 0.0000 1.4650 -6.0000 2.0000 6.0000 -2.0000 10.0000 -10.0000 0.3260 0.3594 0.1983 0.1595 0.1973 1.2404 1.8862 3.3662 
11.0000 6.0000 2.0000 -4.0000 1.0000 5.0000 2 -1.0000 1.0000 1.6800 2.0000 -6.0000 -14.0000 -2.0000 -10.0000 6.0000 0.2500 0.2500 0.2500 0.2500 0.2500 1.2500 1.7912 3.2926 
11.0000 41.0000 2.0000 0.0000 0.0000 5.0000 2 -1.0000 1.0000 1.8100 6.0000 -2.0000 -6.0000 2.0000 -10.0000 10.0000 0.2952 0.1654 0.3852 0.2394 0.1724 1.2576 1.9248 3.4337 
11.0000 66.0000 2.0000 4.0000 0.0000 -2.5000 2 -1.0000 0.0000 3.2760 -6.0000 2.0000 14.0000 -2.0000 10.0000 6.0000 0.2238 0.1813 0.3090 0.3487 0.1890 1.2519 1.8064 3.3112 
11.0000 17.0000 2.0000 -2.0000 1.0000 -2.5000 8 1.0000 1.0000 1.9350 0.0000 -8.0000 -12.0000 8.0000 -4.0000 4.0000 0.2500 0.2500 0.2500 0.2500 0.2500 1.2500 1.8596 3.3594 
11.0000 48.0000 2.0000 2.0000 1.0000 5.0000 2 -1.0000 1.0000 1.5060 4.0000 -4.0000 -8.0000 12.0000 0.0000 8.0000 0.2500 0.2500 0.2500 0.2500 0.2500 1.2500 1.9879 3.4926 
11.0000 58.0000 2.0000 4.0000 1.0000 -5.0000 2 -1.0000 0.0000 2.6060 -6.0000 6.0000 10.0000 2.0000 14.0000 -2.0000 0.2500 0.2500 0.2500 0.2500 0.2500 1.2500 1.8388 3.3426 
11.0000 60.0000 2.0000 4.0000 1.0000 0.0000 2 -1.0000 0.0000 0.9800 10.0000 -2.0000 -6.0000 14.0000 2.0000 6.0000 0.2500 0.2500 0.2500 0.2500 0.2500 1.2500 1.8992 3.3925 
11.0000 51.0000 2.0000 2.0000 0.0000 -5.0000 8 1.0000 1.0000 2.7090 -4.0000 4.0000 12.0000 0.0000 8.0000 -8.0000 0.3185 0.1928 0.1667 0.2297 0.3395 1.2472 1.8161 3.3064 
11.0000 23.0000 2.0000 -2.0000 0.0000 -5.0000 8 1.0000 1.0000 1.6290 -8.0000 4.0000 8.0000 -12.0000 0.0000 -4.0000 0.1823 0.3863 0.1598 0.2410 0.2858 1.2551 1.9370 3.4477 
11.0000 26.0000 2.0000 -2.0000 0.0000 2.5000 2 -1.0000 1.0000 1.7440 4.0000 -4.0000 -8.0000 0.0000 -12.0000 8.0000 0.1534 0.2028 0.3409 0.3037 0.2516 1.2525 1.9200 3.4117 
11.0000 4.0000 2.0000 -4.0000 1.0000 0.0000 2 -1.0000 0.0000 2.5120 6.0000 -2.0000 -10.0000 2.0000 -14.0000 -6.0000 0.2500 0.2500 0.2500 0.2500 0.2500 1.2500 1.7765 3.2758 
11.0000 56.0000 2.0000 2.0000 0.0000 7.5000 8 1.0000 0.0000 1.9170 12.0000 4.0000 -4.0000 8.0000 -8.0000 0.0000 0.2833 0.1970 0.3026 0.2022 0.2665 1.2516 1.9917 3.4941 
11.0000 15.0000 2.0000 -2.0000 1.0000 -7.5000 8 1.0000 1.0000 2.7830 -4.0000 4.0000 8.0000 -12.0000 0.0000 -8.0000 0.2500 0.2500 0.2500 0.2500 0.2500 1.2500 1.8486 3.3592 
11.0000 69.0000 2.0000 4.0000 0.0000 5.0000 2 -1.0000 1.0000 2.3290 -6.0000 6.0000 10.0000 2.0000 14.0000 -2.0000 0.2830 0.2021 0.3385 0.1505 0.2687 1.2428 1.9823 3.4855 
11.0000 67.0000 2.0000 4.0000 0.0000 0.0000 2 -1.0000 0.0000 2.4140 10.0000 2.0000 -6.0000 6.0000 -2.0000 14.0000 0.1654 0.2310 0.3667 0.2918 0.2010 1.2560 1.7502 3.2653 
11.0000 36.0000 2.0000 0.0000 0.0000 -7.5000 8 1.0000 1.0000 1.0040 -10.0000 2.0000 10.0000 -2.0000 6.0000 -6.0000 0.1651 0.2614 0.3452 0.2798 0.1923 1.2437 1.8466 3.3362 
11.0000 61.0000 2.0000 4.0000 1.0000 2.5000 2 -1.0000 1.0000 0.8790 -2.0000 10.0000 14.0000 -6.0000 6.0000 2.0000 0.2500 0.2500 0.2500 0.2500 0.2500 1.2500 1.7741 3.2758 
11.0000 34.0000 2.0000 0.0000 1.0000 5.0000 2 -1.0000 1.0000 1.8450 -10.0000 2.0000 10.0000 -2.0000 6.0000 -6.0000 0.2500 0.2500 0.2500 0.2500 0.2500 1.2500 1.8119 3.3092 
11.0000 30.0000 2.0000 0.0000 1.0000 -5.0000 8 1.0000 1.0000 1.4690 -2.0000 6.0000 10.0000 -10.0000 2.0000 -6.0000 0.2500 0.2500 0.2500 0.2500 0.2500 1.2500 1.7920 3.2925 
11.0000 50.0000 2.0000 2.0000 0.0000 -7.5000 8 1.0000 1.0000 0.6660 -8.0000 0.0000 8.0000 -4.0000 12.0000 4.0000 0.3319 0.1608 0.2508 0.1530 0.3565 1.2529 1.8946 3.3954 
11.0000 10.0000 2.0000 -4.0000 0.0000 -2.5000 8 1.0000 1.0000 0.6140 6.0000 -2.0000 -10.0000 2.0000 -14.0000 -6.0000 0.2727 0.1957 0.2726 0.2997 0.1995 1.2402 1.9190 3.3996 
11.0000 19.0000 2.0000 -2.0000 1.0000 2.5000 8 1.0000 0.0000 1.1690 -4.0000 4.0000 8.0000 -12.0000 0.0000 -8.0000 0.2500 0.2500 0.2500 0.2500 0.2500 1.2500 1.7681 3.2592 
11.0000 7.0000 2.0000 -4.0000 1.0000 7.5000 2 -1.0000 1.0000 2.1250 -10.0000 -2.0000 6.0000 -6.0000 2.0000 -14.0000 0.2500 0.2500 0.2500 0.2500 0.2500 1.2500 1.7888 3.2759 
11.0000 52.0000 2.0000 2.0000 0.0000 -2.5000 8 1.0000 1.0000 1.9950 12.0000 4.0000 -4.0000 8.0000 -8.0000 0.0000 0.2038 0.2378 0.3604 0.2474 0.2037 1.2532 1.8958 3.4124 
11.0000 62.0000 2.0000 4.0000 1.0000 5.0000 2 -1.0000 1.0000 1.2070 14.0000 2.0000 -2.0000 6.0000 -6.0000 10.0000 0.2500 0.2500 0.2500 0.2500 0.2500 1.2500 1.9468 3.4593 
11.0000 59.0000 2.0000 4.0000 1.0000 -2.5000 2 -1.0000 0.0000 1.7270 -6.0000 6.0000 14.0000 2.0000 10.0000 -2.0000 0.2500 0.2500 0.2500 0.2500 0.2500 1.2500 1.8083 3.3091 
11.0000 45.0000 2.0000 2.0000 1.0000 -2.5000 8 1.0000 1.0000 1.2880 -8.0000 4.0000 8.0000 0.0000 12.0000 -4.0000 0.2500 0.2500 0.2500 0.2500 0.2500 1.2500 1.9306 3.4259 
11.0000 27.0000 2.0000 -2.0000 0.0000 5.0000 2 -1.0000 1.0000 2.3910 8.0000 -4.0000 -8.0000 0.0000 -12.0000 4.0000 0.2812 0.1502 0.2420 0.3353 0.2381 1.2467 1.7578 3.2558 
11.0000 63.0000 2.0000 4.0000 1.0000 7.5000 2 -1.0000 1.0000 1.1500 10.0000 -2.0000 -6.0000 14.0000 2.0000 6.0000 0.2500 0.2500 0.2500 0.2500 0.2500 1.2500 1.9497 3.4425 
11.0000 21.0000 2.0000 -2.0000 1.0000 7.5000 2 -1.0000 1.0000 0.7160 8.0000 -4.0000 -8.0000 0.0000 -12.0000 4.0000 0.2500 0.2500 0.2500 0.2500 0.2500 1.2500 1.9294 3.4258 
11.0000 12.0000 2.0000 -4.0000 0.0000 2.5000 2 -1.0000 1.0000 2.2500 6.0000 -2.0000 -14.0000 2.0000 -10.0000 -6.0000 0.2161 0.2467 0.1668 0.3207 0.2920 1.2423 1.8343 3.3181 
11.0000 9.0000 2.0000 -4.0000 0.0000 -5.0000 2 -1.0000 0.0000 1.9710 -10.0000 -2.0000 6.0000 -6.0000 2.0000 -14.0000 0.2959 0.1955 0.3483 0.1882 0.2228 1.2506 1.9226 3.4265 
11.0000 20.0000 2.0000 -2.0000 1.0000 5.0000 2 -1.0000 1.0000 2.9940 4.0000 -4.0000 -8.0000 0.0000 -12.0000 8.0000 0.2500 0.2500 0.2500 0.2500 0.2500 1.2500 1.9093 3.4092 
11.0000 11.0000 2.0000 -4.0000 0.0000 0.0000 2 -1.0000 0.0000 1.9140 -14.0000 -6.0000 6.0000 -10.0000 2.0000 -2.0000 0.2047 0.2361 0.3999 0.2319 0.1708 1.2435 1.9945 3.5027 
11.0000 35.0000 2.0000 0.0000 1.0000 7.5000 2 -1.0000 1.0000 1.5640 -10.0000 2.0000 10.0000 -2.0000 6.0000 -6.0000 0.2500 0.2500 0.2500 0.2500 0.2500 1.2500 1.8557 3.3592 
11.0000 33.0000 2.0000 0.0000 1.0000 2.5000 2 -1.0000 1.0000 0.7690 -6.0000 2.0000 10.0000 -2.0000 6.0000 -10.0000 0.2500 0.2500 0.2500 0.2500 0.2500 1.2500 1.9500 3.4594 
11.0000 22.0000 2.0000 -2.0000 0.0000 -7.5000 8 1.0000 1.0000 0.7820 0.0000 -8.0000 -12.0000 8.0000 -4.0000 4.0000 0.1518 0.3742 0.1940 0.3744 0.1507 1.2451 1.9610 3.4542 
11.0000 3.0000 2.0000 -4.0000 1.0000 -2.5000 8 1.0000 1.0000 1.5680 -6.0000 2.0000 6.0000 -14.0000 -2.0000 -10.0000 0.2500 0.2500 0.2500 0.2500 0.2500 1.2500 1.8100 3.3093 
11.0000 18.0000 2.0000 -2.0000 1.0000 0.0000 2 -1.0000 0.0000 3.3720 4.0000 -4.0000 -12.0000 0.0000 -8.0000 8.0000 0.2500 0.2500 0.2500 0.2500 0.2500 1.2500 1.8124 3.3092 
11.0000 31.0000 2.0000 0.0000 1.0000 -2.5000 2 -1.0000 0.0000 2.5250 10.0000 -2.0000 -6.0000 2.0000 -10.0000 6.0000 0.2500 0.2500 0.2500 0.2500 0.2500 1.2500 1.8238 3.3259 
11.0000 24.0000 2.0000 -2.0000 0.0000 -2.5000 8 1.0000 1.0000 0.5030 0.0000 -8.0000 -12.0000 8.0000 -4.0000 4.0000 0.3693 0.1570 0.2233 0.1710 0.3384 1.2590 1.8694 3.3684 
11.0000 13.0000 2.0000 -4.0000 0.0000 5.0000 2 -1.0000 1.0000 1.4850 2.0000 -10.0000 -14.0000 6.0000 -6.0000 -2.0000 0.2502 0.1865 0.2598 0.3601 0.1984 1.2551 1.8067 3.3142 
11.0000 32.0000 2.0000 0.0000 1.0000 0.0000 8 1.0000 0.0000 1.2480 -6.0000 6.0000 10.0000 -10.0000 2.0000 -2.0000 0.2500 0.2500 0.2500 0.2500 0.2500 1.2500 1.9201 3.4092 
11.0000 44.0000 2.0000 2.0000 1.0000 -5.0000 2 -1.0000 0.0000 3.7620 8.0000 -4.0000 -8.0000 12.0000 0.0000 4.0000 0.2500 0.2500 0.2500 0.2500 0.2500 1.2500 1.9163 3.4092 
11.0000 2.0000 2.0000 -4.0000 1.0000 -5.0000 8 1.0000 1.0000 2.2630 -2.0000 -10.0000 -14.0000 6.0000 -6.0000 2.0000 0.2500 0.2500 0.2500 0.2500 0.2500 1.2500 1.9223 3.4260 
11.0000 68.0000 2.0000 4.0000 0.0000 2.5000 2 -1.0000 1.0000 1.5530 -2.0000 6.0000 10.0000 2.0000 14.0000 -6.0000 0.1847 0.3377 0.2825 0.1540 0.2917 1.2505 1.9094 3.4097 
11.0000 28.0000 2.0000 -2.0000 0.0000 7.5000 2 -1.0000 1.0000 2.0020 -8.0000 0.0000 4.0000 -4.0000 8.0000 -12.0000 0.1896 0.1533 0.2669 0.3459 0.2875 1.2432 1.8841 3.3857 
11.0000 42.0000 2.0000 0.0000 0.0000 7.5000 2 -1.0000 1.0000 1.4260 6.0000 -2.0000 -10.0000 2.0000 -6.0000 10.0000 0.2779 0.1701 0.2021 0.3812 0.2104 1.2416 1.8377 3.3341 
11.0000 16.0000 2.0000 -2.0000 1.0000 -5.0000 2 -1.0000 0.0000 2.4970 -12.0000 0.0000 8.0000 -4.0000 4.0000 -8.0000 0.2500 0.2500 0.2500 0.2500 0.2500 1.2500 1.8261 3.3259 
11.0000 47.0000 2.0000 2.0000 1.0000 2.5000 2 -1.0000 1.0000 1.3390 12.0000 4.0000 -4.0000 8.0000 -8.0000 0.0000 0.2500 0.2500 0.2500 0.2500 0.2500 1.2500 1.8945 3.3926 
11.0000 65.0000 2.0000 4.0000 0.0000 -5.0000 2 -1.0000 0.0000 3.0800 -6.0000 6.0000 14.0000 2.0000 10.0000 -2.0000 0.1648 0.3264 0.2245 0.3845 0.1570 1.2573 1.9760 3.4832 
11.0000 1.0000 2.0000 -4.0000 1.0000 -7.5000 8 1.0000 1.0000 0.8260 -14.0000 -2.0000 2.0000 -6.0000 6.0000 -10.0000 0.2500 0.2500 0.2500 0.2500 0.2500 1.2500 1.9085 3.4092 
11.0000 55.0000 2.0000 2.0000 0.0000 5.0000 2 -1.0000 1.0000 1.3620 4.0000 -4.0000 -8.0000 12.0000 0.0000 8.0000 0.2384 0.2819 0.2329 0.2841 0.2091 1.2464 1.9027 3.3891 
11.0000 53.0000 2.0000 2.0000 0.0000 0.0000 8 1.0000 0.0000 2.9200 8.0000 -4.0000 -8.0000 12.0000 0.0000 4.0000 0.3252 0.1889 0.2282 0.3071 0.2047 1.2541 1.9551 3.4467 
11.0000 37.0000 2.0000 0.0000 0.0000 -5.0000 2 -1.0000 0.0000 2.1390 -10.0000 2.0000 10.0000 -2.0000 6.0000 -6.0000 0.2108 0.2588 0.2889 0.2122 0.2882 1.2590 1.7735 3.2848 
11.0000 70.0000 2.0000 4.0000 0.0000 7.5000 NR 0.0000 0.0000 0.0000 -6.0000 6.0000 14.0000 2.0000 10.0000 -2.0000 0.3746 0.2450 0.1803 0.2702 0.1836 1.2536 1.8468 3.3629 
11.0000 14.0000 2.0000 -4.0000 0.0000 7.5000 2 -1.0000 1.0000 3.2890 -10.0000 -2.0000 6.0000 -6.0000 2.0000 -14.0000 0.2137 0.3726 0.1962 0.2645 0.2022 1.2492 1.8685 3.3751 
11.0000 43.0000 2.0000 2.0000 1.0000 -7.5000 8 1.0000 1.0000 1.7880 12.0000 4.0000 -8.0000 8.0000 -4.0000 0.0000 0.2500 0.2500 0.2500 0.2500 0.2500 1.2500 1.9323 3.4258 
11.0000 40.0000 2.0000 0.0000 0.0000 2.5000 8 1.0000 0.0000 1.9630 -6.0000 2.0000 10.0000 -2.0000 6.0000 -10.0000 0.1564 0.2642 0.1960 0.2971 0.3443 1.2581 1.8213 3.3341 
11.0000 64.0000 2.0000 4.0000 0.0000 -7.5000 8 1.0000 1.0000 1.1240 14.0000 2.0000 -2.0000 6.0000 -6.0000 10.0000 0.2448 0.1717 0.2655 0.2139 0.3489 1.2448 1.8359 3.3206 
11.0000 54.0000 2.0000 2.0000 0.0000 2.5000 2 -1.0000 1.0000 1.6920 -8.0000 4.0000 12.0000 0.0000 8.0000 -4.0000 0.3205 0.1702 0.2304 0.3217 0.2096 1.2525 1.9776 3.4784 
11.0000 5.0000 2.0000 -4.0000 1.0000 2.5000 8 1.0000 0.0000 1.6310 -14.0000 -2.0000 2.0000 -6.0000 6.0000 -10.0000 0.2500 0.2500 0.2500 0.2500 0.2500 1.2500 1.8733 3.3760 
11.0000 38.0000 2.0000 0.0000 0.0000 -2.5000 8 1.0000 1.0000 1.0040 -6.0000 2.0000 6.0000 -2.0000 10.0000 -10.0000 0.3157 0.2016 0.1651 0.3880 0.1862 1.2566 1.9068 3.3991 
11.0000 29.0000 2.0000 0.0000 1.0000 -7.5000 8 1.0000 1.0000 0.8960 10.0000 -2.0000 -10.0000 2.0000 -6.0000 6.0000 0.2500 0.2500 0.2500 0.2500 0.2500 1.2500 1.9249 3.4259 
11.0000 25.0000 2.0000 -2.0000 0.0000 0.0000 8 1.0000 0.0000 0.7680 -8.0000 0.0000 8.0000 -4.0000 4.0000 -12.0000 0.1668 0.3370 0.1563 0.2828 0.3163 1.2592 1.9770 3.4851 
11.0000 8.0000 2.0000 -4.0000 0.0000 -7.5000 8 1.0000 1.0000 0.8510 -14.0000 -2.0000 2.0000 -6.0000 6.0000 -10.0000 0.2598 0.3654 0.2622 0.1667 0.1960 1.2501 1.7939 3.2927 
11.0000 57.0000 2.0000 4.0000 1.0000 -7.5000 8 1.0000 1.0000 2.8220 10.0000 2.0000 -6.0000 6.0000 -2.0000 14.0000 0.2500 0.2500 0.2500 0.2500 0.2500 1.2500 1.9136 3.4259 
11.0000 51.0000 3.0000 2.0000 0.0000 -5.0000 8 1.0000 1.0000 0.8550 4.0000 -4.0000 -8.0000 12.0000 0.0000 8.0000 0.1507 0.3577 0.2955 0.2016 0.2429 1.2484 1.9141 3.4243 
11.0000 32.0000 3.0000 0.0000 1.0000 0.0000 8 1.0000 0.0000 1.3540 10.0000 2.0000 -10.0000 6.0000 -6.0000 -2.0000 0.2500 0.2500 0.2500 0.2500 0.2500 1.2500 1.9303 3.4259 
11.0000 54.0000 3.0000 2.0000 0.0000 2.5000 2 -1.0000 1.0000 1.8930 12.0000 4.0000 -4.0000 8.0000 -8.0000 0.0000 0.3575 0.1652 0.3313 0.1644 0.2334 1.2518 1.8384 3.3443 
11.0000 43.0000 3.0000 2.0000 1.0000 -7.5000 8 1.0000 1.0000 1.4960 -8.0000 0.0000 8.0000 -4.0000 12.0000 4.0000 0.2500 0.2500 0.2500 0.2500 0.2500 1.2500 1.7915 3.2924 
11.0000 66.0000 3.0000 4.0000 0.0000 -2.5000 8 1.0000 1.0000 2.4850 14.0000 6.0000 -6.0000 10.0000 -2.0000 2.0000 0.2094 0.2902 0.2021 0.3230 0.2306 1.2553 1.8752 3.3813 
11.0000 50.0000 3.0000 2.0000 0.0000 -7.5000 8 1.0000 1.0000 1.1160 8.0000 0.0000 -4.0000 4.0000 -8.0000 12.0000 0.2563 0.1531 0.2125 0.2824 0.3463 1.2506 1.9186 3.4098 
11.0000 38.0000 3.0000 0.0000 0.0000 -2.5000 8 1.0000 1.0000 0.9400 -2.0000 6.0000 10.0000 -10.0000 2.0000 -6.0000 0.1819 0.3751 0.2250 0.2792 0.1929 1.2540 1.9982 3.4965 
11.0000 70.0000 3.0000 4.0000 0.0000 7.5000 2 -1.0000 1.0000 1.6010 14.0000 2.0000 -2.0000 6.0000 -6.0000 10.0000 0.3013 0.3385 0.1934 0.2518 0.1704 1.2554 1.9904 3.4814 
11.0000 55.0000 3.0000 2.0000 0.0000 5.0000 2 -1.0000 1.0000 1.3060 8.0000 0.0000 -4.0000 4.0000 -8.0000 12.0000 0.2752 0.1871 0.2290 0.3345 0.2295 1.2553 1.9791 3.4979 
11.0000 56.0000 3.0000 2.0000 0.0000 7.5000 2 -1.0000 1.0000 1.2660 12.0000 0.0000 -8.0000 4.0000 -4.0000 8.0000 0.1700 0.2570 0.1725 0.3465 0.2991 1.2451 1.9567 3.4543 
11.0000 5.0000 3.0000 -4.0000 1.0000 2.5000 8 1.0000 0.0000 2.1200 2.0000 -6.0000 -10.0000 -2.0000 -14.0000 6.0000 0.2500 0.2500 0.2500 0.2500 0.2500 1.2500 1.7779 3.2760 
11.0000 69.0000 3.0000 4.0000 0.0000 5.0000 2 -1.0000 1.0000 1.4200 10.0000 -2.0000 -6.0000 14.0000 2.0000 6.0000 0.3126 0.1732 0.2087 0.2501 0.2963 1.2409 1.8647 3.3668 
11.0000 8.0000 3.0000 -4.0000 0.0000 -7.5000 8 1.0000 1.0000 0.6870 6.0000 -2.0000 -14.0000 2.0000 -10.0000 -6.0000 0.1550 0.3659 0.1977 0.3549 0.1797 1.2532 1.7630 3.2623 
11.0000 63.0000 3.0000 4.0000 1.0000 7.5000 2 -1.0000 1.0000 1.7260 -2.0000 6.0000 10.0000 2.0000 14.0000 -6.0000 0.2500 0.2500 0.2500 0.2500 0.2500 1.2500 1.8108 3.3092 
11.0000 41.0000 3.0000 0.0000 0.0000 5.0000 2 -1.0000 1.0000 1.1560 -6.0000 2.0000 6.0000 -2.0000 10.0000 -10.0000 0.2132 0.3574 0.2199 0.1560 0.3087 1.2552 1.9205 3.4312 
11.0000 13.0000 3.0000 -4.0000 0.0000 5.0000 8 1.0000 0.0000 0.6980 -10.0000 -2.0000 6.0000 -6.0000 2.0000 -14.0000 0.1667 0.3035 0.2780 0.2276 0.2711 1.2469 1.7736 3.2726 
11.0000 28.0000 3.0000 -2.0000 0.0000 7.5000 2 -1.0000 1.0000 1.3390 -8.0000 0.0000 4.0000 -4.0000 8.0000 -12.0000 0.3292 0.2190 0.1694 0.3109 0.2255 1.2540 1.9521 3.4467 
11.0000 44.0000 3.0000 2.0000 1.0000 -5.0000 8 1.0000 1.0000 0.7530 -8.0000 4.0000 8.0000 0.0000 12.0000 -4.0000 0.2500 0.2500 0.2500 0.2500 0.2500 1.2500 1.9781 3.4760 
11.0000 39.0000 3.0000 0.0000 0.0000 0.0000 2 -1.0000 0.0000 1.0060 6.0000 -6.0000 -10.0000 10.0000 -2.0000 2.0000 0.1999 0.3056 0.1531 0.3430 0.2460 1.2476 1.9742 3.4734 
11.0000 45.0000 3.0000 2.0000 1.0000 -2.5000 2 -1.0000 0.0000 1.5740 -4.0000 4.0000 12.0000 0.0000 8.0000 -8.0000 0.2500 0.2500 0.2500 0.2500 0.2500 1.2500 1.8153 3.3093 
11.0000 60.0000 3.0000 4.0000 1.0000 0.0000 2 -1.0000 0.0000 0.7680 -2.0000 10.0000 14.0000 -6.0000 6.0000 2.0000 0.2500 0.2500 0.2500 0.2500 0.2500 1.2500 1.8112 3.3258 
11.0000 52.0000 3.0000 2.0000 0.0000 -2.5000 8 1.0000 1.0000 1.7230 -8.0000 0.0000 12.0000 -4.0000 8.0000 4.0000 0.3443 0.3128 0.1943 0.2418 0.1526 1.2457 1.7677 3.2717 
11.0000 11.0000 3.0000 -4.0000 0.0000 0.0000 8 1.0000 0.0000 0.9100 2.0000 -10.0000 -14.0000 6.0000 -6.0000 -2.0000 0.1801 0.2273 0.2664 0.1854 0.3839 1.2432 1.8242 3.3192 
11.0000 22.0000 3.0000 -2.0000 0.0000 -7.5000 8 1.0000 1.0000 1.4230 4.0000 -8.0000 -12.0000 8.0000 -4.0000 0.0000 0.3322 0.2023 0.2304 0.3041 0.1752 1.2442 1.8895 3.3867 
11.0000 21.0000 3.0000 -2.0000 1.0000 7.5000 2 -1.0000 1.0000 1.1850 8.0000 -4.0000 -8.0000 0.0000 -12.0000 4.0000 0.2500 0.2500 0.2500 0.2500 0.2500 1.2500 1.8007 3.3091 
11.0000 14.0000 3.0000 -4.0000 0.0000 7.5000 2 -1.0000 1.0000 1.7470 6.0000 -6.0000 -10.0000 -2.0000 -14.0000 2.0000 0.2319 0.2822 0.1727 0.2566 0.3007 1.2441 1.9695 3.4700 
11.0000 6.0000 3.0000 -4.0000 1.0000 5.0000 8 1.0000 0.0000 0.6510 -10.0000 2.0000 6.0000 -14.0000 -2.0000 -6.0000 0.2500 0.2500 0.2500 0.2500 0.2500 1.2500 1.9074 3.4094 
11.0000 58.0000 3.0000 4.0000 1.0000 -5.0000 8 1.0000 1.0000 2.3540 -6.0000 6.0000 10.0000 2.0000 14.0000 -2.0000 0.2500 0.2500 0.2500 0.2500 0.2500 1.2500 1.8278 3.3260 
11.0000 42.0000 3.0000 0.0000 0.0000 7.5000 2 -1.0000 1.0000 0.9930 -6.0000 6.0000 10.0000 -10.0000 2.0000 -2.0000 0.1622 0.3650 0.1542 0.3797 0.1862 1.2473 1.7658 3.2565 
11.0000 36.0000 3.0000 0.0000 0.0000 -7.5000 8 1.0000 1.0000 0.9070 10.0000 -2.0000 -6.0000 2.0000 -10.0000 6.0000 0.1624 0.3424 0.2071 0.3421 0.1898 1.2439 1.8445 3.3365 
11.0000 53.0000 3.0000 2.0000 0.0000 0.0000 2 -1.0000 0.0000 2.3770 8.0000 -4.0000 -8.0000 12.0000 0.0000 4.0000 0.2656 0.2322 0.3531 0.2175 0.1893 1.2577 1.7948 3.3002 
11.0000 68.0000 3.0000 4.0000 0.0000 2.5000 2 -1.0000 1.0000 2.2720 14.0000 6.0000 -6.0000 10.0000 -2.0000 2.0000 0.1856 0.3307 0.3031 0.2698 0.1513 1.2405 1.8375 3.3330 
11.0000 48.0000 3.0000 2.0000 1.0000 5.0000 2 -1.0000 1.0000 0.8390 -4.0000 8.0000 12.0000 -8.0000 4.0000 0.0000 0.2500 0.2500 0.2500 0.2500 0.2500 1.2500 1.9925 3.4925 
11.0000 18.0000 3.0000 -2.0000 1.0000 0.0000 2 -1.0000 0.0000 1.5290 -8.0000 4.0000 8.0000 -12.0000 0.0000 -4.0000 0.2500 0.2500 0.2500 0.2500 0.2500 1.2500 1.7524 3.2591 
11.0000 31.0000 3.0000 0.0000 1.0000 -2.5000 8 1.0000 1.0000 1.7660 -6.0000 6.0000 10.0000 -10.0000 2.0000 -2.0000 0.2500 0.2500 0.2500 0.2500 0.2500 1.2500 1.8065 3.3091 
11.0000 64.0000 3.0000 4.0000 0.0000 -7.5000 8 1.0000 1.0000 0.8430 10.0000 2.0000 -2.0000 6.0000 -6.0000 14.0000 0.2197 0.1641 0.1958 0.3834 0.2882 1.2511 1.9453 3.4436 
11.0000 37.0000 3.0000 0.0000 0.0000 -5.0000 8 1.0000 1.0000 0.8050 -10.0000 -2.0000 10.0000 -6.0000 6.0000 2.0000 0.2596 0.1776 0.2795 0.3710 0.1676 1.2553 1.9365 3.4477 
11.0000 34.0000 3.0000 0.0000 1.0000 5.0000 2 -1.0000 1.0000 0.9880 6.0000 -2.0000 -10.0000 2.0000 -6.0000 10.0000 0.2500 0.2500 0.2500 0.2500 0.2500 1.2500 1.8821 3.3757 
11.0000 49.0000 3.0000 2.0000 1.0000 7.5000 2 -1.0000 1.0000 1.5900 0.0000 8.0000 12.0000 -8.0000 4.0000 -4.0000 0.2500 0.2500 0.2500 0.2500 0.2500 1.2500 1.7592 3.2592 
11.0000 12.0000 3.0000 -4.0000 0.0000 2.5000 8 1.0000 0.0000 1.9630 6.0000 -2.0000 -10.0000 2.0000 -14.0000 -6.0000 0.2548 0.3365 0.1669 0.2067 0.2882 1.2531 1.9731 3.4789 
11.0000 3.0000 3.0000 -4.0000 1.0000 -2.5000 8 1.0000 1.0000 3.0460 2.0000 -6.0000 -10.0000 -2.0000 -14.0000 6.0000 0.2500 0.2500 0.2500 0.2500 0.2500 1.2500 1.7830 3.2758 
11.0000 47.0000 3.0000 2.0000 1.0000 2.5000 2 -1.0000 1.0000 0.9450 -4.0000 4.0000 12.0000 0.0000 8.0000 -8.0000 0.2500 0.2500 0.2500 0.2500 0.2500 1.2500 1.9157 3.4093 
11.0000 57.0000 3.0000 4.0000 1.0000 -7.5000 8 1.0000 1.0000 1.5100 -6.0000 6.0000 14.0000 2.0000 10.0000 -2.0000 0.2500 0.2500 0.2500 0.2500 0.2500 1.2500 1.9525 3.4593 
11.0000 29.0000 3.0000 0.0000 1.0000 -7.5000 8 1.0000 1.0000 2.2980 10.0000 2.0000 -10.0000 6.0000 -6.0000 -2.0000 0.2500 0.2500 0.2500 0.2500 0.2500 1.2500 1.7824 3.2926 
11.0000 26.0000 3.0000 -2.0000 0.0000 2.5000 2 -1.0000 1.0000 1.8090 0.0000 -8.0000 -12.0000 8.0000 -4.0000 4.0000 0.2343 0.1772 0.2546 0.3386 0.2496 1.2543 1.8002 3.3136 
11.0000 20.0000 3.0000 -2.0000 1.0000 5.0000 2 -1.0000 1.0000 1.5340 -12.0000 -4.0000 8.0000 -8.0000 4.0000 0.0000 0.2500 0.2500 0.2500 0.2500 0.2500 1.2500 1.8739 3.3760 
11.0000 35.0000 3.0000 0.0000 1.0000 7.5000 2 -1.0000 1.0000 1.5640 10.0000 2.0000 -10.0000 6.0000 -6.0000 -2.0000 0.2500 0.2500 0.2500 0.2500 0.2500 1.2500 1.7824 3.2758 
11.0000 2.0000 3.0000 -4.0000 1.0000 -5.0000 8 1.0000 1.0000 1.5240 2.0000 -10.0000 -14.0000 6.0000 -6.0000 -2.0000 0.2500 0.2500 0.2500 0.2500 0.2500 1.2500 1.8855 3.3925 
11.0000 4.0000 3.0000 -4.0000 1.0000 0.0000 2 -1.0000 0.0000 1.9260 6.0000 -6.0000 -14.0000 -2.0000 -10.0000 2.0000 0.2500 0.2500 0.2500 0.2500 0.2500 1.2500 1.8655 3.3591 
11.0000 59.0000 3.0000 4.0000 1.0000 -2.5000 8 1.0000 1.0000 1.6240 -6.0000 6.0000 10.0000 2.0000 14.0000 -2.0000 0.2500 0.2500 0.2500 0.2500 0.2500 1.2500 1.8841 3.3759 
11.0000 19.0000 3.0000 -2.0000 1.0000 2.5000 2 -1.0000 1.0000 1.4490 -12.0000 -4.0000 8.0000 -8.0000 4.0000 0.0000 0.2500 0.2500 0.2500 0.2500 0.2500 1.2500 1.8146 3.3091 
11.0000 7.0000 3.0000 -4.0000 1.0000 7.5000 2 -1.0000 1.0000 2.4800 -2.0000 -10.0000 -14.0000 6.0000 -6.0000 2.0000 0.2500 0.2500 0.2500 0.2500 0.2500 1.2500 1.9954 3.4925 
11.0000 61.0000 3.0000 4.0000 1.0000 2.5000 2 -1.0000 1.0000 0.6650 6.0000 -2.0000 -6.0000 14.0000 2.0000 10.0000 0.2500 0.2500 0.2500 0.2500 0.2500 1.2500 1.9511 3.4593 
11.0000 15.0000 3.0000 -2.0000 1.0000 -7.5000 8 1.0000 1.0000 0.4890 -4.0000 4.0000 8.0000 -12.0000 0.0000 -8.0000 0.2500 0.2500 0.2500 0.2500 0.2500 1.2500 1.9147 3.4258 
11.0000 46.0000 3.0000 2.0000 1.0000 0.0000 2 -1.0000 0.0000 1.0750 -8.0000 0.0000 8.0000 -4.0000 12.0000 4.0000 0.2500 0.2500 0.2500 0.2500 0.2500 1.2500 1.7731 3.2758 
11.0000 67.0000 3.0000 4.0000 0.0000 0.0000 2 -1.0000 0.0000 0.6670 -6.0000 2.0000 10.0000 -2.0000 14.0000 6.0000 0.2935 0.2071 0.3095 0.2312 0.1996 1.2408 1.9180 3.4166 
11.0000 40.0000 3.0000 0.0000 0.0000 2.5000 2 -1.0000 1.0000 1.0030 -10.0000 2.0000 10.0000 -2.0000 6.0000 -6.0000 0.3093 0.1909 0.2808 0.1888 0.2820 1.2519 1.9823 3.4945 
11.0000 17.0000 3.0000 -2.0000 1.0000 -2.5000 2 -1.0000 0.0000 1.0130 4.0000 -8.0000 -12.0000 8.0000 -4.0000 0.0000 0.2500 0.2500 0.2500 0.2500 0.2500 1.2500 1.8067 3.3092 
11.0000 9.0000 3.0000 -4.0000 0.0000 -5.0000 8 1.0000 1.0000 0.6660 -10.0000 2.0000 6.0000 -14.0000 -2.0000 -6.0000 0.2175 0.1804 0.2469 0.2779 0.3265 1.2492 1.8949 3.3917 
11.0000 33.0000 3.0000 0.0000 1.0000 2.5000 2 -1.0000 1.0000 2.1360 6.0000 -2.0000 -6.0000 2.0000 -10.0000 10.0000 0.2500 0.2500 0.2500 0.2500 0.2500 1.2500 1.8787 3.3759 
11.0000 23.0000 3.0000 -2.0000 0.0000 -5.0000 2 -1.0000 0.0000 2.0170 8.0000 -4.0000 -8.0000 0.0000 -12.0000 4.0000 0.2193 0.1881 0.2990 0.1857 0.3530 1.2452 1.8755 3.3710 
11.0000 27.0000 3.0000 -2.0000 0.0000 5.0000 2 -1.0000 1.0000 1.4750 0.0000 -8.0000 -12.0000 8.0000 -4.0000 4.0000 0.1709 0.3001 0.1711 0.2740 0.3405 1.2566 1.9513 3.4492 
11.0000 65.0000 3.0000 4.0000 0.0000 -5.0000 8 1.0000 1.0000 1.0990 2.0000 10.0000 14.0000 -6.0000 6.0000 -2.0000 0.2185 0.2722 0.1600 0.2522 0.3437 1.2465 1.9915 3.4892 
11.0000 16.0000 3.0000 -2.0000 1.0000 -5.0000 8 1.0000 1.0000 1.0080 -12.0000 0.0000 4.0000 -4.0000 8.0000 -8.0000 0.2500 0.2500 0.2500 0.2500 0.2500 1.2500 1.8480 3.3425 
11.0000 10.0000 3.0000 -4.0000 0.0000 -2.5000 8 1.0000 1.0000 1.2660 6.0000 -2.0000 -10.0000 2.0000 -14.0000 -6.0000 0.2172 0.3528 0.2899 0.2164 0.1729 1.2493 1.9461 3.4585 
11.0000 62.0000 3.0000 4.0000 1.0000 5.0000 2 -1.0000 1.0000 2.1050 10.0000 2.0000 -2.0000 6.0000 -6.0000 14.0000 0.2500 0.2500 0.2500 0.2500 0.2500 1.2500 1.7808 3.2924 
11.0000 30.0000 3.0000 0.0000 1.0000 -5.0000 2 -1.0000 0.0000 1.8880 10.0000 2.0000 -6.0000 6.0000 -10.0000 -2.0000 0.2500 0.2500 0.2500 0.2500 0.2500 1.2500 1.9512 3.4592 
11.0000 24.0000 3.0000 -2.0000 0.0000 -2.5000 8 1.0000 1.0000 0.9590 -8.0000 0.0000 4.0000 -4.0000 8.0000 -12.0000 0.3679 0.2141 0.2899 0.2236 0.1610 1.2565 1.7692 3.2824 
11.0000 25.0000 3.0000 -2.0000 0.0000 0.0000 2 -1.0000 0.0000 0.6440 -8.0000 0.0000 4.0000 -4.0000 8.0000 -12.0000 0.2542 0.2047 0.2417 0.3320 0.2215 1.2541 1.9596 3.4632 
11.0000 1.0000 3.0000 -4.0000 1.0000 -7.5000 8 1.0000 1.0000 0.9890 -10.0000 -2.0000 2.0000 -6.0000 6.0000 -14.0000 0.2500 0.2500 0.2500 0.2500 0.2500 1.2500 1.7651 3.2592 
11.0000 20.0000 4.0000 -2.0000 1.0000 5.0000 8 1.0000 0.0000 1.1540 8.0000 -4.0000 -12.0000 0.0000 -8.0000 4.0000 0.2500 0.2500 0.2500 0.2500 0.2500 1.2500 1.9638 3.4592 
11.0000 21.0000 4.0000 -2.0000 1.0000 7.5000 2 -1.0000 1.0000 0.8830 4.0000 -8.0000 -12.0000 8.0000 -4.0000 0.0000 0.2500 0.2500 0.2500 0.2500 0.2500 1.2500 1.8651 3.3593 
11.0000 56.0000 4.0000 2.0000 0.0000 7.5000 2 -1.0000 1.0000 2.5010 8.0000 0.0000 -8.0000 4.0000 -4.0000 12.0000 0.1619 0.2022 0.3029 0.3665 0.2139 1.2474 1.7838 3.2733 
11.0000 69.0000 4.0000 4.0000 0.0000 5.0000 2 -1.0000 1.0000 1.2720 -6.0000 2.0000 14.0000 -2.0000 10.0000 6.0000 0.2538 0.1665 0.3015 0.3310 0.2017 1.2547 1.9996 3.4974 
11.0000 38.0000 4.0000 0.0000 0.0000 -2.5000 8 1.0000 1.0000 1.1490 -2.0000 6.0000 10.0000 -10.0000 2.0000 -6.0000 0.2842 0.3873 0.2322 0.1579 0.1904 1.2521 1.8775 3.3780 
11.0000 8.0000 4.0000 -4.0000 0.0000 -7.5000 8 1.0000 1.0000 0.9910 6.0000 -2.0000 -10.0000 2.0000 -14.0000 -6.0000 0.2725 0.2366 0.1871 0.3056 0.2445 1.2463 1.9001 3.4056 
11.0000 67.0000 4.0000 4.0000 0.0000 0.0000 2 -1.0000 0.0000 0.8240 -2.0000 6.0000 14.0000 2.0000 10.0000 -6.0000 0.2079 0.2709 0.3340 0.1975 0.2314 1.2418 1.7739 3.2677 
11.0000 6.0000 4.0000 -4.0000 1.0000 5.0000 2 -1.0000 1.0000 1.0730 -14.0000 -6.0000 2.0000 -10.0000 6.0000 -2.0000 0.2500 0.2500 0.2500 0.2500 0.2500 1.2500 1.9901 3.4926 
11.0000 19.0000 4.0000 -2.0000 1.0000 2.5000 8 1.0000 0.0000 1.1950 -8.0000 0.0000 8.0000 -4.0000 4.0000 -12.0000 0.2500 0.2500 0.2500 0.2500 0.2500 1.2500 1.9173 3.4260 
11.0000 36.0000 4.0000 0.0000 0.0000 -7.5000 8 1.0000 1.0000 1.5190 10.0000 2.0000 -6.0000 6.0000 -10.0000 -2.0000 0.3458 0.1739 0.1994 0.1735 0.3631 1.2557 1.9261 3.4316 
11.0000 70.0000 4.0000 4.0000 0.0000 7.5000 2 -1.0000 1.0000 2.1860 -2.0000 6.0000 10.0000 2.0000 14.0000 -6.0000 0.2024 0.2436 0.3600 0.2117 0.2404 1.2580 1.8971 3.4006 
11.0000 31.0000 4.0000 0.0000 1.0000 -2.5000 2 -1.0000 0.0000 0.8440 -10.0000 -2.0000 6.0000 -6.0000 10.0000 2.0000 0.2500 0.2500 0.2500 0.2500 0.2500 1.2500 1.7550 3.2591 
11.0000 1.0000 4.0000 -4.0000 1.0000 -7.5000 8 1.0000 1.0000 1.8320 -14.0000 -6.0000 2.0000 -10.0000 6.0000 -2.0000 0.2500 0.2500 0.2500 0.2500 0.2500 1.2500 1.9652 3.4592 
11.0000 32.0000 4.0000 0.0000 1.0000 0.0000 2 -1.0000 0.0000 1.9620 10.0000 2.0000 -10.0000 6.0000 -6.0000 -2.0000 0.2500 0.2500 0.2500 0.2500 0.2500 1.2500 1.9598 3.4594 
11.0000 35.0000 4.0000 0.0000 1.0000 7.5000 2 -1.0000 1.0000 2.7970 -2.0000 6.0000 10.0000 -10.0000 2.0000 -6.0000 0.2500 0.2500 0.2500 0.2500 0.2500 1.2500 1.8229 3.3260 
11.0000 62.0000 4.0000 4.0000 1.0000 5.0000 2 -1.0000 1.0000 1.3950 14.0000 2.0000 -6.0000 6.0000 -2.0000 10.0000 0.2500 0.2500 0.2500 0.2500 0.2500 1.2500 1.8807 3.3758 
11.0000 37.0000 4.0000 0.0000 0.0000 -5.0000 8 1.0000 1.0000 1.3750 -2.0000 6.0000 10.0000 -10.0000 2.0000 -6.0000 0.2991 0.2021 0.1526 0.3658 0.2333 1.2529 1.8989 3.4123 
11.0000 45.0000 4.0000 2.0000 1.0000 -2.5000 2 -1.0000 0.0000 2.3720 12.0000 0.0000 -8.0000 4.0000 -4.0000 8.0000 0.2500 0.2500 0.2500 0.2500 0.2500 1.2500 1.9641 3.4759 
11.0000 28.0000 4.0000 -2.0000 0.0000 7.5000 8 1.0000 0.0000 1.4750 8.0000 -4.0000 -8.0000 0.0000 -12.0000 4.0000 0.1617 0.2887 0.1808 0.2799 0.3466 1.2577 1.8306 3.3503 
11.0000 24.0000 4.0000 -2.0000 0.0000 -2.5000 8 1.0000 1.0000 1.0850 4.0000 -8.0000 -12.0000 8.0000 -4.0000 0.0000 0.2228 0.3436 0.1878 0.3221 0.1672 1.2436 1.9460 3.4362 
11.0000 55.0000 4.0000 2.0000 0.0000 5.0000 2 -1.0000 1.0000 1.6360 12.0000 4.0000 -4.0000 8.0000 -8.0000 0.0000 0.1788 0.2548 0.2077 0.2713 0.3392 1.2519 1.7812 3.2777 
11.0000 53.0000 4.0000 2.0000 0.0000 0.0000 2 -1.0000 0.0000 1.1400 -4.0000 4.0000 8.0000 0.0000 12.0000 -8.0000 0.3673 0.2283 0.1758 0.3201 0.1651 1.2566 1.9816 3.4827 
11.0000 65.0000 4.0000 4.0000 0.0000 -5.0000 8 1.0000 1.0000 1.1360 -2.0000 10.0000 14.0000 -6.0000 6.0000 2.0000 0.2931 0.1883 0.3313 0.2828 0.1599 1.2554 1.8482 3.3479 
11.0000 57.0000 4.0000 4.0000 1.0000 -7.5000 2 -1.0000 0.0000 2.0040 -6.0000 6.0000 14.0000 2.0000 10.0000 -2.0000 0.2500 0.2500 0.2500 0.2500 0.2500 1.2500 1.7889 3.2924 
11.0000 7.0000 4.0000 -4.0000 1.0000 7.5000 2 -1.0000 1.0000 1.1480 6.0000 -2.0000 -14.0000 2.0000 -10.0000 -6.0000 0.2500 0.2500 0.2500 0.2500 0.2500 1.2500 1.8484 3.3426 
11.0000 50.0000 4.0000 2.0000 0.0000 -7.5000 8 1.0000 1.0000 1.8360 -8.0000 0.0000 8.0000 -4.0000 12.0000 4.0000 0.1967 0.2882 0.2145 0.2531 0.3042 1.2567 1.9318 3.4326 
11.0000 26.0000 4.0000 -2.0000 0.0000 2.5000 2 -1.0000 1.0000 1.1640 -8.0000 0.0000 4.0000 -4.0000 8.0000 -12.0000 0.2592 0.1588 0.2222 0.3432 0.2763 1.2597 1.9825 3.4855 
11.0000 44.0000 4.0000 2.0000 1.0000 -5.0000 8 1.0000 1.0000 1.1030 4.0000 -4.0000 -8.0000 12.0000 0.0000 8.0000 0.2500 0.2500 0.2500 0.2500 0.2500 1.2500 1.7856 3.2926 
11.0000 4.0000 4.0000 -4.0000 1.0000 0.0000 2 -1.0000 0.0000 0.8380 2.0000 -6.0000 -14.0000 -2.0000 -10.0000 6.0000 0.2500 0.2500 0.2500 0.2500 0.2500 1.2500 1.7528 3.2592 
11.0000 25.0000 4.0000 -2.0000 0.0000 0.0000 8 1.0000 0.0000 1.1790 4.0000 -8.0000 -12.0000 8.0000 -4.0000 0.0000 0.2347 0.2738 0.2424 0.3092 0.1878 1.2480 1.8868 3.3907 
11.0000 29.0000 4.0000 0.0000 1.0000 -7.5000 8 1.0000 1.0000 1.1510 -10.0000 -2.0000 10.0000 -6.0000 6.0000 2.0000 0.2500 0.2500 0.2500 0.2500 0.2500 1.2500 1.7894 3.2925 
11.0000 27.0000 4.0000 -2.0000 0.0000 5.0000 2 -1.0000 1.0000 1.4680 -8.0000 0.0000 8.0000 -4.0000 4.0000 -12.0000 0.2704 0.1739 0.3720 0.2532 0.1827 1.2522 1.9495 3.4615 
11.0000 33.0000 4.0000 0.0000 1.0000 2.5000 2 -1.0000 1.0000 1.0380 -10.0000 2.0000 6.0000 -2.0000 10.0000 -6.0000 0.2500 0.2500 0.2500 0.2500 0.2500 1.2500 1.8845 3.3926 
11.0000 66.0000 4.0000 4.0000 0.0000 -2.5000 8 1.0000 1.0000 1.7000 -2.0000 6.0000 14.0000 2.0000 10.0000 -6.0000 0.2305 0.1659 0.3318 0.2345 0.2828 1.2455 1.8852 3.3881 
11.0000 40.0000 4.0000 0.0000 0.0000 2.5000 2 -1.0000 1.0000 1.6110 -10.0000 2.0000 6.0000 -2.0000 10.0000 -6.0000 0.1797 0.3763 0.2060 0.1684 0.3274 1.2578 1.9915 3.5004 
11.0000 47.0000 4.0000 2.0000 1.0000 2.5000 2 -1.0000 1.0000 1.1530 12.0000 0.0000 -4.0000 4.0000 -8.0000 8.0000 0.2500 0.2500 0.2500 0.2500 0.2500 1.2500 1.8845 3.3759 
11.0000 54.0000 4.0000 2.0000 0.0000 2.5000 2 -1.0000 1.0000 1.2850 -8.0000 0.0000 12.0000 -4.0000 8.0000 4.0000 0.3434 0.2415 0.1592 0.2686 0.2392 1.2519 1.9789 3.4779 
11.0000 17.0000 4.0000 -2.0000 1.0000 -2.5000 8 1.0000 1.0000 0.9430 8.0000 -4.0000 -8.0000 0.0000 -12.0000 4.0000 0.2500 0.2500 0.2500 0.2500 0.2500 1.2500 1.9411 3.4426 
11.0000 9.0000 4.0000 -4.0000 0.0000 -5.0000 8 1.0000 1.0000 0.9290 2.0000 -10.0000 -14.0000 6.0000 -6.0000 -2.0000 0.2830 0.1747 0.3046 0.1609 0.3216 1.2447 1.8467 3.3372 
11.0000 34.0000 4.0000 0.0000 1.0000 5.0000 2 -1.0000 1.0000 0.9020 -10.0000 2.0000 10.0000 -2.0000 6.0000 -6.0000 0.2500 0.2500 0.2500 0.2500 0.2500 1.2500 1.9925 3.4925 
11.0000 12.0000 4.0000 -4.0000 0.0000 2.5000 8 1.0000 0.0000 1.4550 6.0000 -6.0000 -14.0000 -2.0000 -10.0000 2.0000 0.3778 0.1977 0.2250 0.2771 0.1709 1.2485 1.9448 3.4411 
11.0000 63.0000 4.0000 4.0000 1.0000 7.5000 2 -1.0000 1.0000 0.8530 10.0000 2.0000 -6.0000 6.0000 -2.0000 14.0000 0.2500 0.2500 0.2500 0.2500 0.2500 1.2500 1.9979 3.5092 
11.0000 61.0000 4.0000 4.0000 1.0000 2.5000 2 -1.0000 1.0000 1.6880 6.0000 -2.0000 -6.0000 14.0000 2.0000 10.0000 0.2500 0.2500 0.2500 0.2500 0.2500 1.2500 1.9006 3.4092 
11.0000 14.0000 4.0000 -4.0000 0.0000 7.5000 2 -1.0000 1.0000 1.4170 -10.0000 -2.0000 6.0000 -6.0000 2.0000 -14.0000 0.2752 0.2385 0.2644 0.1606 0.3091 1.2479 1.7805 3.2737 
11.0000 3.0000 4.0000 -4.0000 1.0000 -2.5000 8 1.0000 1.0000 1.3170 -14.0000 -2.0000 6.0000 -6.0000 2.0000 -10.0000 0.2500 0.2500 0.2500 0.2500 0.2500 1.2500 1.9165 3.4093 
11.0000 5.0000 4.0000 -4.0000 1.0000 2.5000 8 1.0000 0.0000 1.1740 -10.0000 -2.0000 6.0000 -6.0000 2.0000 -14.0000 0.2500 0.2500 0.2500 0.2500 0.2500 1.2500 1.9378 3.4427 
11.0000 68.0000 4.0000 4.0000 0.0000 2.5000 2 -1.0000 1.0000 1.9510 -6.0000 2.0000 10.0000 -2.0000 14.0000 6.0000 0.2412 0.3436 0.2224 0.1963 0.2535 1.2570 1.8661 3.3663 
11.0000 22.0000 4.0000 -2.0000 0.0000 -7.5000 8 1.0000 1.0000 1.8310 0.0000 -8.0000 -12.0000 8.0000 -4.0000 4.0000 0.1548 0.2309 0.3239 0.1849 0.3518 1.2463 1.8554 3.3389 
11.0000 2.0000 4.0000 -4.0000 1.0000 -5.0000 8 1.0000 1.0000 2.2370 6.0000 -2.0000 -10.0000 2.0000 -14.0000 -6.0000 0.2500 0.2500 0.2500 0.2500 0.2500 1.2500 1.8996 3.3925 
11.0000 41.0000 4.0000 0.0000 0.0000 5.0000 2 -1.0000 1.0000 1.0910 10.0000 -2.0000 -6.0000 2.0000 -10.0000 6.0000 0.1607 0.2828 0.3081 0.1673 0.3307 1.2495 1.8453 3.3420 
11.0000 64.0000 4.0000 4.0000 0.0000 -7.5000 8 1.0000 1.0000 1.8840 14.0000 6.0000 -6.0000 10.0000 -2.0000 2.0000 0.1802 0.3498 0.1845 0.3694 0.1754 1.2593 1.9090 3.4184 
11.0000 48.0000 4.0000 2.0000 1.0000 5.0000 2 -1.0000 1.0000 2.4650 -8.0000 4.0000 8.0000 0.0000 12.0000 -4.0000 0.2500 0.2500 0.2500 0.2500 0.2500 1.2500 1.8392 3.3426 
11.0000 10.0000 4.0000 -4.0000 0.0000 -2.5000 8 1.0000 1.0000 1.5760 6.0000 -2.0000 -14.0000 2.0000 -10.0000 -6.0000 0.3461 0.2315 0.1689 0.2768 0.2171 1.2404 1.7665 3.2662 
11.0000 46.0000 4.0000 2.0000 1.0000 0.0000 2 -1.0000 0.0000 1.7380 12.0000 4.0000 -8.0000 8.0000 -4.0000 0.0000 0.2500 0.2500 0.2500 0.2500 0.2500 1.2500 1.8039 3.3092 
11.0000 16.0000 4.0000 -2.0000 1.0000 -5.0000 8 1.0000 1.0000 1.2890 4.0000 -4.0000 -8.0000 0.0000 -12.0000 8.0000 0.2500 0.2500 0.2500 0.2500 0.2500 1.2500 1.9462 3.4427 
11.0000 51.0000 4.0000 2.0000 0.0000 -5.0000 8 1.0000 1.0000 1.3930 12.0000 4.0000 -4.0000 8.0000 -8.0000 0.0000 0.3381 0.2016 0.1663 0.3316 0.2034 1.2409 1.7901 3.2833 
11.0000 30.0000 4.0000 0.0000 1.0000 -5.0000 8 1.0000 1.0000 0.8270 6.0000 -2.0000 -6.0000 2.0000 -10.0000 10.0000 0.2500 0.2500 0.2500 0.2500 0.2500 1.2500 1.8253 3.3259 
11.0000 15.0000 4.0000 -2.0000 1.0000 -7.5000 8 1.0000 1.0000 1.5670 8.0000 0.0000 -8.0000 4.0000 -12.0000 -4.0000 0.2500 0.2500 0.2500 0.2500 0.2500 1.2500 1.9429 3.4425 
11.0000 58.0000 4.0000 4.0000 1.0000 -5.0000 2 -1.0000 0.0000 2.0600 -2.0000 6.0000 10.0000 2.0000 14.0000 -6.0000 0.2500 0.2500 0.2500 0.2500 0.2500 1.2500 1.9422 3.4425 
11.0000 39.0000 4.0000 0.0000 0.0000 0.0000 8 1.0000 0.0000 0.8270 6.0000 -2.0000 -6.0000 2.0000 -10.0000 10.0000 0.2404 0.3159 0.2820 0.2363 0.1801 1.2547 1.7813 3.2806 
11.0000 60.0000 4.0000 4.0000 1.0000 0.0000 2 -1.0000 0.0000 0.5980 -2.0000 6.0000 14.0000 2.0000 10.0000 -6.0000 0.2500 0.2500 0.2500 0.2500 0.2500 1.2500 1.7551 3.2592 
11.0000 59.0000 4.0000 4.0000 1.0000 -2.5000 2 -1.0000 0.0000 0.9570 2.0000 10.0000 14.0000 -6.0000 6.0000 -2.0000 0.2500 0.2500 0.2500 0.2500 0.2500 1.2500 1.9091 3.4093 
11.0000 11.0000 4.0000 -4.0000 0.0000 0.0000 NR 0.0000 0.0000 0.0000 -6.0000 2.0000 6.0000 -14.0000 -2.0000 -10.0000 0.1642 0.3663 0.1794 0.3388 0.2113 1.2599 1.8231 3.3358 
11.0000 42.0000 4.0000 0.0000 0.0000 7.5000 2 -1.0000 1.0000 0.8160 10.0000 2.0000 -6.0000 6.0000 -10.0000 -2.0000 0.2975 0.1916 0.2574 0.3326 0.1657 1.2449 1.9840 3.4876 
11.0000 52.0000 4.0000 2.0000 0.0000 -2.5000 2 -1.0000 0.0000 1.9460 12.0000 0.0000 -4.0000 4.0000 -8.0000 8.0000 0.1706 0.2411 0.3163 0.1556 0.3591 1.2427 1.9620 3.4521 
11.0000 18.0000 4.0000 -2.0000 1.0000 0.0000 2 -1.0000 0.0000 1.7770 4.0000 -4.0000 -8.0000 0.0000 -12.0000 8.0000 0.2500 0.2500 0.2500 0.2500 0.2500 1.2500 1.9095 3.4092 
11.0000 43.0000 4.0000 2.0000 1.0000 -7.5000 2 -1.0000 0.0000 1.2850 0.0000 8.0000 12.0000 -8.0000 4.0000 -4.0000 0.2500 0.2500 0.2500 0.2500 0.2500 1.2500 1.7669 3.2592 
11.0000 23.0000 4.0000 -2.0000 0.0000 -5.0000 8 1.0000 1.0000 1.6570 -12.0000 0.0000 4.0000 -4.0000 8.0000 -8.0000 0.2976 0.1606 0.2523 0.3373 0.1935 1.2412 1.8775 3.3671 
11.0000 13.0000 4.0000 -4.0000 0.0000 5.0000 8 1.0000 0.0000 1.8180 -2.0000 -10.0000 -14.0000 6.0000 -6.0000 2.0000 0.2377 0.1925 0.2655 0.3725 0.1808 1.2490 1.7632 3.2581 
11.0000 49.0000 4.0000 2.0000 1.0000 7.5000 2 -1.0000 1.0000 1.8740 12.0000 4.0000 -8.0000 8.0000 -4.0000 0.0000 0.2500 0.2500 0.2500 0.2500 0.2500 1.2500 1.8784 3.3760 
11.0000 42.0000 5.0000 0.0000 0.0000 7.5000 2 -1.0000 1.0000 2.7770 2.0000 -6.0000 -10.0000 10.0000 -2.0000 6.0000 0.1808 0.3867 0.1606 0.2221 0.2930 1.2433 1.8910 3.3857 
11.0000 11.0000 5.0000 -4.0000 0.0000 0.0000 2 -1.0000 0.0000 1.2480 -10.0000 2.0000 6.0000 -14.0000 -2.0000 -6.0000 0.2065 0.3176 0.1684 0.3125 0.2465 1.2515 1.8833 3.3941 
11.0000 23.0000 5.0000 -2.0000 0.0000 -5.0000 8 1.0000 1.0000 0.5350 8.0000 0.0000 -8.0000 4.0000 -12.0000 -4.0000 0.1790 0.2872 0.2605 0.1842 0.3385 1.2495 1.7830 3.2919 
11.0000 49.0000 5.0000 2.0000 1.0000 7.5000 2 -1.0000 1.0000 1.4720 8.0000 0.0000 -4.0000 4.0000 -8.0000 12.0000 0.2500 0.2500 0.2500 0.2500 0.2500 1.2500 1.9151 3.4092 
11.0000 18.0000 5.0000 -2.0000 1.0000 0.0000 8 1.0000 0.0000 0.9040 -8.0000 0.0000 8.0000 -4.0000 4.0000 -12.0000 0.2500 0.2500 0.2500 0.2500 0.2500 1.2500 1.7757 3.2758 
11.0000 53.0000 5.0000 2.0000 0.0000 0.0000 2 -1.0000 0.0000 1.2480 12.0000 4.0000 -4.0000 8.0000 -8.0000 0.0000 0.3447 0.2103 0.3170 0.1712 0.2149 1.2580 1.9834 3.4839 
11.0000 58.0000 5.0000 4.0000 1.0000 -5.0000 8 1.0000 1.0000 0.9510 -2.0000 10.0000 14.0000 -6.0000 6.0000 2.0000 0.2500 0.2500 0.2500 0.2500 0.2500 1.2500 1.8269 3.3258 
11.0000 8.0000 5.0000 -4.0000 0.0000 -7.5000 8 1.0000 1.0000 1.0130 6.0000 -6.0000 -10.0000 -2.0000 -14.0000 2.0000 0.2394 0.2051 0.2608 0.2192 0.3330 1.2576 1.9076 3.4169 
11.0000 38.0000 5.0000 0.0000 0.0000 -2.5000 8 1.0000 1.0000 0.9860 2.0000 -6.0000 -10.0000 10.0000 -2.0000 6.0000 0.1568 0.2996 0.2266 0.3279 0.2336 1.2445 1.8052 3.2869 
11.0000 40.0000 5.0000 0.0000 0.0000 2.5000 2 -1.0000 1.0000 0.7190 6.0000 -2.0000 -6.0000 2.0000 -10.0000 10.0000 0.2264 0.3530 0.1647 0.3443 0.1701 1.2586 1.8757 3.3845 
11.0000 47.0000 5.0000 2.0000 1.0000 2.5000 2 -1.0000 1.0000 1.1900 8.0000 0.0000 -4.0000 4.0000 -8.0000 12.0000 0.2500 0.2500 0.2500 0.2500 0.2500 1.2500 1.9809 3.4926 
11.0000 55.0000 5.0000 2.0000 0.0000 5.0000 2 -1.0000 1.0000 0.6030 -8.0000 0.0000 12.0000 -4.0000 8.0000 4.0000 0.1688 0.2737 0.3983 0.2367 0.1628 1.2403 1.8752 3.3661 
11.0000 31.0000 5.0000 0.0000 1.0000 -2.5000 2 -1.0000 0.0000 0.9890 2.0000 -6.0000 -10.0000 10.0000 -2.0000 6.0000 0.2500 0.2500 0.2500 0.2500 0.2500 1.2500 1.8101 3.3092 
11.0000 13.0000 5.0000 -4.0000 0.0000 5.0000 2 -1.0000 1.0000 0.8630 2.0000 -10.0000 -14.0000 6.0000 -6.0000 -2.0000 0.1958 0.3699 0.3174 0.1672 0.2077 1.2580 1.8162 3.3339 
11.0000 33.0000 5.0000 0.0000 1.0000 2.5000 8 1.0000 0.0000 2.3510 10.0000 -2.0000 -6.0000 2.0000 -10.0000 6.0000 0.2500 0.2500 0.2500 0.2500 0.2500 1.2500 1.9362 3.4425 
11.0000 15.0000 5.0000 -2.0000 1.0000 -7.5000 8 1.0000 1.0000 0.9150 8.0000 0.0000 -8.0000 4.0000 -12.0000 -4.0000 0.2500 0.2500 0.2500 0.2500 0.2500 1.2500 1.7936 3.2925 
11.0000 16.0000 5.0000 -2.0000 1.0000 -5.0000 2 -1.0000 0.0000 0.8640 8.0000 0.0000 -12.0000 4.0000 -8.0000 -4.0000 0.2500 0.2500 0.2500 0.2500 0.2500 1.2500 1.9976 3.4926 
11.0000 65.0000 5.0000 4.0000 0.0000 -5.0000 2 -1.0000 0.0000 0.9130 -2.0000 6.0000 10.0000 2.0000 14.0000 -6.0000 0.2068 0.3343 0.2146 0.1647 0.3294 1.2498 1.9529 3.4591 
11.0000 39.0000 5.0000 0.0000 0.0000 0.0000 2 -1.0000 0.0000 0.8290 -10.0000 -2.0000 10.0000 -6.0000 6.0000 2.0000 0.3071 0.2476 0.1688 0.2174 0.3172 1.2581 1.8512 3.3505 
11.0000 7.0000 5.0000 -4.0000 1.0000 7.5000 2 -1.0000 1.0000 1.0840 -6.0000 2.0000 6.0000 -14.0000 -2.0000 -10.0000 0.2500 0.2500 0.2500 0.2500 0.2500 1.2500 1.8825 3.3759 
11.0000 24.0000 5.0000 -2.0000 0.0000 -2.5000 8 1.0000 1.0000 0.5480 -8.0000 0.0000 8.0000 -4.0000 4.0000 -12.0000 0.2905 0.1685 0.1982 0.2651 0.3249 1.2472 1.9743 3.4732 
11.0000 28.0000 5.0000 -2.0000 0.0000 7.5000 2 -1.0000 1.0000 3.2010 -8.0000 4.0000 8.0000 -12.0000 0.0000 -4.0000 0.1669 0.3836 0.2170 0.3175 0.1582 1.2432 1.9864 3.4691 
11.0000 60.0000 5.0000 4.0000 1.0000 0.0000 8 1.0000 0.0000 1.5530 6.0000 -2.0000 -6.0000 14.0000 2.0000 10.0000 0.2500 0.2500 0.2500 0.2500 0.2500 1.2500 1.8074 3.3091 
11.0000 37.0000 5.0000 0.0000 0.0000 -5.0000 8 1.0000 1.0000 0.7350 -6.0000 2.0000 6.0000 -2.0000 10.0000 -10.0000 0.2094 0.3566 0.2236 0.2516 0.1990 1.2401 1.7612 3.2659 
11.0000 62.0000 5.0000 4.0000 1.0000 5.0000 8 1.0000 0.0000 1.1150 14.0000 6.0000 -2.0000 10.0000 -6.0000 2.0000 0.2500 0.2500 0.2500 0.2500 0.2500 1.2500 1.9928 3.4926 
11.0000 50.0000 5.0000 2.0000 0.0000 -7.5000 8 1.0000 1.0000 0.5960 12.0000 0.0000 -4.0000 4.0000 -8.0000 8.0000 0.2898 0.2176 0.1615 0.1899 0.3938 1.2525 1.8986 3.4119 
11.0000 46.0000 5.0000 2.0000 1.0000 0.0000 2 -1.0000 0.0000 0.5360 -8.0000 4.0000 12.0000 0.0000 8.0000 -4.0000 0.2500 0.2500 0.2500 0.2500 0.2500 1.2500 1.7583 3.2591 
11.0000 35.0000 5.0000 0.0000 1.0000 7.5000 8 1.0000 0.0000 0.8570 6.0000 -6.0000 -10.0000 10.0000 -2.0000 2.0000 0.2500 0.2500 0.2500 0.2500 0.2500 1.2500 1.8908 3.3926 
11.0000 26.0000 5.0000 -2.0000 0.0000 2.5000 2 -1.0000 1.0000 1.5220 0.0000 -8.0000 -12.0000 8.0000 -4.0000 4.0000 0.1769 0.2866 0.1971 0.3303 0.2526 1.2435 1.7973 3.2860 
11.0000 22.0000 5.0000 -2.0000 0.0000 -7.5000 8 1.0000 1.0000 1.0720 4.0000 -4.0000 -8.0000 0.0000 -12.0000 8.0000 0.1662 0.3169 0.2328 0.3531 0.1854 1.2544 1.7659 3.2634 
11.0000 30.0000 5.0000 0.0000 1.0000 -5.0000 8 1.0000 1.0000 0.7510 6.0000 -6.0000 -10.0000 10.0000 -2.0000 2.0000 0.2500 0.2500 0.2500 0.2500 0.2500 1.2500 1.8293 3.3259 
11.0000 56.0000 5.0000 2.0000 0.0000 7.5000 2 -1.0000 1.0000 0.5100 -4.0000 4.0000 12.0000 0.0000 8.0000 -8.0000 0.2634 0.1536 0.3013 0.1931 0.3433 1.2546 1.9666 3.4639 
11.0000 69.0000 5.0000 4.0000 0.0000 5.0000 2 -1.0000 1.0000 0.5910 14.0000 2.0000 -2.0000 6.0000 -6.0000 10.0000 0.2474 0.1794 0.2433 0.3003 0.2702 1.2406 1.9336 3.4165 
11.0000 67.0000 5.0000 4.0000 0.0000 0.0000 2 -1.0000 0.0000 0.6630 -2.0000 6.0000 10.0000 2.0000 14.0000 -6.0000 0.1688 0.2453 0.3096 0.3811 0.1513 1.2561 1.8684 3.3652 
11.0000 10.0000 5.0000 -4.0000 0.0000 -2.5000 8 1.0000 1.0000 1.3970 -10.0000 2.0000 6.0000 -14.0000 -2.0000 -6.0000 0.2279 0.1766 0.2081 0.3558 0.2748 1.2431 1.8579 3.3524 
11.0000 59.0000 5.0000 4.0000 1.0000 -2.5000 2 -1.0000 0.0000 1.3480 14.0000 6.0000 -2.0000 10.0000 -6.0000 2.0000 0.2500 0.2500 0.2500 0.2500 0.2500 1.2500 1.8483 3.3592 
11.0000 41.0000 5.0000 0.0000 0.0000 5.0000 2 -1.0000 1.0000 1.4050 10.0000 -2.0000 -10.0000 2.0000 -6.0000 6.0000 0.2397 0.3436 0.2304 0.2729 0.1694 1.2561 1.8576 3.3653 
11.0000 21.0000 5.0000 -2.0000 1.0000 7.5000 2 -1.0000 1.0000 0.6550 -8.0000 0.0000 8.0000 -4.0000 4.0000 -12.0000 0.2500 0.2500 0.2500 0.2500 0.2500 1.2500 1.8374 3.3426 
11.0000 45.0000 5.0000 2.0000 1.0000 -2.5000 2 -1.0000 0.0000 0.9540 8.0000 0.0000 -8.0000 4.0000 -4.0000 12.0000 0.2500 0.2500 0.2500 0.2500 0.2500 1.2500 1.8494 3.3594 
11.0000 66.0000 5.0000 4.0000 0.0000 -2.5000 2 -1.0000 0.0000 0.8510 -6.0000 6.0000 14.0000 2.0000 10.0000 -2.0000 0.2342 0.3529 0.2161 0.1637 0.2742 1.2411 1.8991 3.3836 
11.0000 34.0000 5.0000 0.0000 1.0000 5.0000 2 -1.0000 1.0000 0.6380 -10.0000 2.0000 10.0000 -2.0000 6.0000 -6.0000 0.2500 0.2500 0.2500 0.2500 0.2500 1.2500 1.7906 3.2924 
11.0000 36.0000 5.0000 0.0000 0.0000 -7.5000 8 1.0000 1.0000 0.7260 6.0000 -6.0000 -10.0000 10.0000 -2.0000 2.0000 0.2134 0.2618 0.1927 0.3703 0.2164 1.2546 1.7899 3.2971 
11.0000 51.0000 5.0000 2.0000 0.0000 -5.0000 8 1.0000 1.0000 0.8240 8.0000 0.0000 -8.0000 4.0000 -4.0000 12.0000 0.1912 0.3640 0.2213 0.1732 0.3041 1.2538 1.8609 3.3631 
11.0000 12.0000 5.0000 -4.0000 0.0000 2.5000 2 -1.0000 1.0000 1.2950 -14.0000 -2.0000 2.0000 -6.0000 6.0000 -10.0000 0.2864 0.2182 0.3345 0.1766 0.2365 1.2521 1.8570 3.3613 
11.0000 44.0000 5.0000 2.0000 1.0000 -5.0000 8 1.0000 1.0000 0.8350 12.0000 4.0000 -8.0000 8.0000 -4.0000 0.0000 0.2500 0.2500 0.2500 0.2500 0.2500 1.2500 1.9106 3.4091 
11.0000 17.0000 5.0000 -2.0000 1.0000 -2.5000 2 -1.0000 0.0000 1.0720 -12.0000 0.0000 8.0000 -4.0000 4.0000 -8.0000 0.2500 0.2500 0.2500 0.2500 0.2500 1.2500 1.8619 3.3592 
11.0000 1.0000 5.0000 -4.0000 1.0000 -7.5000 2 -1.0000 0.0000 0.7110 -10.0000 -2.0000 6.0000 -6.0000 2.0000 -14.0000 0.2500 0.2500 0.2500 0.2500 0.2500 1.2500 1.7813 3.2927 
11.0000 2.0000 5.0000 -4.0000 1.0000 -5.0000 8 1.0000 1.0000 1.7410 6.0000 -6.0000 -14.0000 -2.0000 -10.0000 2.0000 0.2500 0.2500 0.2500 0.2500 0.2500 1.2500 1.9626 3.4759 
11.0000 68.0000 5.0000 4.0000 0.0000 2.5000 2 -1.0000 1.0000 0.5530 -6.0000 6.0000 14.0000 2.0000 10.0000 -2.0000 0.1921 0.3407 0.1759 0.2494 0.2902 1.2484 1.8441 3.3410 
11.0000 29.0000 5.0000 0.0000 1.0000 -7.5000 8 1.0000 1.0000 0.9620 6.0000 -2.0000 -6.0000 2.0000 -10.0000 10.0000 0.2500 0.2500 0.2500 0.2500 0.2500 1.2500 1.8333 3.3426 
11.0000 25.0000 5.0000 -2.0000 0.0000 0.0000 2 -1.0000 0.0000 0.6640 -12.0000 0.0000 8.0000 -4.0000 4.0000 -8.0000 0.3147 0.2003 0.1583 0.3155 0.2682 1.2570 1.9192 3.4329 
11.0000 27.0000 5.0000 -2.0000 0.0000 5.0000 2 -1.0000 1.0000 1.0150 -12.0000 -4.0000 8.0000 -8.0000 4.0000 0.0000 0.2222 0.1963 0.2354 0.3987 0.1912 1.2438 1.8458 3.3362 
11.0000 70.0000 5.0000 4.0000 0.0000 7.5000 2 -1.0000 1.0000 2.3850 -2.0000 6.0000 10.0000 2.0000 14.0000 -6.0000 0.2503 0.1614 0.3778 0.1566 0.3032 1.2493 1.9251 3.4252 
11.0000 9.0000 5.0000 -4.0000 0.0000 -5.0000 8 1.0000 1.0000 0.5240 -10.0000 -2.0000 2.0000 -6.0000 6.0000 -14.0000 0.2198 0.2522 0.2251 0.3114 0.2478 1.2563 1.8083 3.3155 
11.0000 43.0000 5.0000 2.0000 1.0000 -7.5000 8 1.0000 1.0000 0.9530 8.0000 0.0000 -4.0000 4.0000 -8.0000 12.0000 0.2500 0.2500 0.2500 0.2500 0.2500 1.2500 1.9985 3.4926 
11.0000 14.0000 5.0000 -4.0000 0.0000 7.5000 2 -1.0000 1.0000 0.3040 2.0000 -10.0000 -14.0000 6.0000 -6.0000 -2.0000 0.2031 0.3338 0.2138 0.3083 0.1891 1.2482 1.7690 3.2573 
11.0000 19.0000 5.0000 -2.0000 1.0000 2.5000 8 1.0000 0.0000 1.4910 4.0000 -4.0000 -12.0000 0.0000 -8.0000 8.0000 0.2500 0.2500 0.2500 0.2500 0.2500 1.2500 1.8829 3.3759 
11.0000 57.0000 5.0000 4.0000 1.0000 -7.5000 8 1.0000 1.0000 2.2370 6.0000 -2.0000 -6.0000 14.0000 2.0000 10.0000 0.2500 0.2500 0.2500 0.2500 0.2500 1.2500 1.8823 3.3760 
11.0000 61.0000 5.0000 4.0000 1.0000 2.5000 2 -1.0000 1.0000 1.2600 -6.0000 2.0000 10.0000 -2.0000 14.0000 6.0000 0.2500 0.2500 0.2500 0.2500 0.2500 1.2500 1.8093 3.3259 
11.0000 32.0000 5.0000 0.0000 1.0000 0.0000 2 -1.0000 0.0000 1.7730 2.0000 -6.0000 -10.0000 10.0000 -2.0000 6.0000 0.2500 0.2500 0.2500 0.2500 0.2500 1.2500 1.9399 3.4425 
11.0000 3.0000 5.0000 -4.0000 1.0000 -2.5000 8 1.0000 1.0000 0.8680 -14.0000 -6.0000 6.0000 -10.0000 2.0000 -2.0000 0.2500 0.2500 0.2500 0.2500 0.2500 1.2500 1.9185 3.4260 
11.0000 4.0000 5.0000 -4.0000 1.0000 0.0000 8 1.0000 0.0000 2.1070 -10.0000 2.0000 6.0000 -14.0000 -2.0000 -6.0000 0.2500 0.2500 0.2500 0.2500 0.2500 1.2500 1.8166 3.3259 
11.0000 20.0000 5.0000 -2.0000 1.0000 5.0000 2 -1.0000 1.0000 0.4960 -12.0000 -4.0000 8.0000 -8.0000 4.0000 0.0000 0.2500 0.2500 0.2500 0.2500 0.2500 1.2500 1.7561 3.2591 
11.0000 64.0000 5.0000 4.0000 0.0000 -7.5000 8 1.0000 1.0000 1.3420 -2.0000 6.0000 14.0000 2.0000 10.0000 -6.0000 0.2773 0.3651 0.1661 0.2524 0.1948 1.2558 1.8244 3.3318 
11.0000 48.0000 5.0000 2.0000 1.0000 5.0000 2 -1.0000 1.0000 0.4540 12.0000 0.0000 -8.0000 4.0000 -4.0000 8.0000 0.2500 0.2500 0.2500 0.2500 0.2500 1.2500 1.9163 3.4092 
11.0000 54.0000 5.0000 2.0000 0.0000 2.5000 2 -1.0000 1.0000 0.6080 -8.0000 0.0000 8.0000 -4.0000 12.0000 4.0000 0.1902 0.2339 0.3673 0.2779 0.1739 1.2431 1.9651 3.4523 
11.0000 5.0000 5.0000 -4.0000 1.0000 2.5000 2 -1.0000 1.0000 1.5150 2.0000 -10.0000 -14.0000 6.0000 -6.0000 -2.0000 0.2500 0.2500 0.2500 0.2500 0.2500 1.2500 1.7963 3.2926 
11.0000 6.0000 5.0000 -4.0000 1.0000 5.0000 2 -1.0000 1.0000 0.4260 6.0000 -2.0000 -14.0000 2.0000 -10.0000 -6.0000 0.2500 0.2500 0.2500 0.2500 0.2500 1.2500 1.9389 3.4426 
11.0000 52.0000 5.0000 2.0000 0.0000 -2.5000 2 -1.0000 0.0000 1.0530 12.0000 0.0000 -4.0000 4.0000 -8.0000 8.0000 0.1830 0.2225 0.3009 0.2157 0.3293 1.2513 1.8079 3.3104 
11.0000 63.0000 5.0000 4.0000 1.0000 7.5000 2 -1.0000 1.0000 0.4020 6.0000 -2.0000 -6.0000 14.0000 2.0000 10.0000 0.2500 0.2500 0.2500 0.2500 0.2500 1.2500 1.8975 3.3925 
11.0000 1.0000 6.0000 -4.0000 1.0000 -7.5000 8 1.0000 1.0000 0.6470 2.0000 -10.0000 -14.0000 6.0000 -6.0000 -2.0000 0.2500 0.2500 0.2500 0.2500 0.2500 1.2500 1.8659 3.3759 
11.0000 58.0000 6.0000 4.0000 1.0000 -5.0000 2 -1.0000 0.0000 1.2800 -2.0000 6.0000 14.0000 2.0000 10.0000 -6.0000 0.2500 0.2500 0.2500 0.2500 0.2500 1.2500 1.7644 3.2759 
11.0000 14.0000 6.0000 -4.0000 0.0000 7.5000 2 -1.0000 1.0000 0.7070 -14.0000 -6.0000 2.0000 -10.0000 6.0000 -2.0000 0.2850 0.1886 0.2752 0.2249 0.2671 1.2408 1.8903 3.3833 
11.0000 61.0000 6.0000 4.0000 1.0000 2.5000 2 -1.0000 1.0000 0.3280 10.0000 2.0000 -2.0000 6.0000 -6.0000 14.0000 0.2500 0.2500 0.2500 0.2500 0.2500 1.2500 1.8291 3.3258 
11.0000 15.0000 6.0000 -2.0000 1.0000 -7.5000 8 1.0000 1.0000 0.5420 -8.0000 0.0000 8.0000 -4.0000 4.0000 -12.0000 0.2500 0.2500 0.2500 0.2500 0.2500 1.2500 1.9343 3.4426 
11.0000 29.0000 6.0000 0.0000 1.0000 -7.5000 8 1.0000 1.0000 1.6010 -6.0000 6.0000 10.0000 -10.0000 2.0000 -2.0000 0.2500 0.2500 0.2500 0.2500 0.2500 1.2500 1.8225 3.3258 
11.0000 10.0000 6.0000 -4.0000 0.0000 -2.5000 8 1.0000 1.0000 0.6670 6.0000 -6.0000 -14.0000 -2.0000 -10.0000 2.0000 0.2813 0.1633 0.3425 0.1858 0.2721 1.2450 1.8469 3.3376 
11.0000 63.0000 6.0000 4.0000 1.0000 7.5000 2 -1.0000 1.0000 1.2280 14.0000 6.0000 -2.0000 10.0000 -6.0000 2.0000 0.2500 0.2500 0.2500 0.2500 0.2500 1.2500 1.9252 3.4259 
11.0000 62.0000 6.0000 4.0000 1.0000 5.0000 2 -1.0000 1.0000 0.3130 -2.0000 10.0000 14.0000 -6.0000 6.0000 2.0000 0.2500 0.2500 0.2500 0.2500 0.2500 1.2500 1.8974 3.3926 
11.0000 43.0000 6.0000 2.0000 1.0000 -7.5000 8 1.0000 1.0000 0.4970 8.0000 -4.0000 -8.0000 12.0000 0.0000 4.0000 0.2500 0.2500 0.2500 0.2500 0.2500 1.2500 1.9515 3.4425 
11.0000 40.0000 6.0000 0.0000 0.0000 2.5000 8 1.0000 0.0000 1.6580 -10.0000 -2.0000 10.0000 -6.0000 6.0000 2.0000 0.2015 0.3514 0.1832 0.3580 0.1504 1.2446 1.9426 3.4371 
11.0000 64.0000 6.0000 4.0000 0.0000 -7.5000 2 -1.0000 0.0000 1.0480 10.0000 2.0000 -6.0000 6.0000 -2.0000 14.0000 0.1629 0.3745 0.2062 0.3337 0.1818 1.2591 1.8572 3.3518 
11.0000 7.0000 6.0000 -4.0000 1.0000 7.5000 8 1.0000 0.0000 1.6330 -10.0000 -2.0000 2.0000 -6.0000 6.0000 -14.0000 0.2500 0.2500 0.2500 0.2500 0.2500 1.2500 1.7940 3.2926 
11.0000 9.0000 6.0000 -4.0000 0.0000 -5.0000 8 1.0000 1.0000 0.4800 6.0000 -2.0000 -10.0000 2.0000 -14.0000 -6.0000 0.2125 0.2439 0.1921 0.3705 0.2222 1.2412 1.8502 3.3504 
11.0000 37.0000 6.0000 0.0000 0.0000 -5.0000 8 1.0000 1.0000 0.7940 -6.0000 2.0000 10.0000 -2.0000 6.0000 -10.0000 0.3949 0.2302 0.2629 0.1589 0.2028 1.2496 1.9008 3.4089 
11.0000 53.0000 6.0000 2.0000 0.0000 0.0000 8 1.0000 0.0000 1.6120 -4.0000 4.0000 12.0000 0.0000 8.0000 -8.0000 0.2238 0.2628 0.2967 0.1644 0.2939 1.2416 1.9848 3.4842 
11.0000 17.0000 6.0000 -2.0000 1.0000 -2.5000 8 1.0000 1.0000 1.0320 8.0000 -4.0000 -8.0000 0.0000 -12.0000 4.0000 0.2500 0.2500 0.2500 0.2500 0.2500 1.2500 1.9590 3.4593 
11.0000 69.0000 6.0000 4.0000 0.0000 5.0000 2 -1.0000 1.0000 1.3400 14.0000 6.0000 -6.0000 10.0000 -2.0000 2.0000 0.2267 0.2710 0.2079 0.3097 0.2444 1.2598 1.9019 3.4190 
11.0000 68.0000 6.0000 4.0000 0.0000 2.5000 2 -1.0000 1.0000 1.2340 -6.0000 2.0000 10.0000 -2.0000 14.0000 6.0000 0.2358 0.2810 0.2391 0.3137 0.1861 1.2556 1.9552 3.4650 
11.0000 5.0000 6.0000 -4.0000 1.0000 2.5000 8 1.0000 0.0000 1.6690 6.0000 -6.0000 -10.0000 -2.0000 -14.0000 2.0000 0.2500 0.2500 0.2500 0.2500 0.2500 1.2500 1.9150 3.4093 
11.0000 67.0000 6.0000 4.0000 0.0000 0.0000 2 -1.0000 0.0000 0.6460 -2.0000 10.0000 14.0000 -6.0000 6.0000 2.0000 0.2178 0.2907 0.1624 0.3118 0.2615 1.2442 1.9837 3.4702 
11.0000 59.0000 6.0000 4.0000 1.0000 -2.5000 2 -1.0000 0.0000 0.3720 10.0000 2.0000 -6.0000 6.0000 -2.0000 14.0000 0.2500 0.2500 0.2500 0.2500 0.2500 1.2500 1.8599 3.3592 
11.0000 70.0000 6.0000 4.0000 0.0000 7.5000 2 -1.0000 1.0000 0.7140 10.0000 -2.0000 -6.0000 14.0000 2.0000 6.0000 0.2000 0.1538 0.3241 0.2209 0.3514 1.2503 1.9461 3.4429 
11.0000 55.0000 6.0000 2.0000 0.0000 5.0000 2 -1.0000 1.0000 1.0560 -8.0000 0.0000 8.0000 -4.0000 12.0000 4.0000 0.2758 0.1969 0.3298 0.2564 0.1925 1.2514 1.8242 3.3271 
11.0000 25.0000 6.0000 -2.0000 0.0000 0.0000 2 -1.0000 0.0000 2.3340 4.0000 -4.0000 -8.0000 0.0000 -12.0000 8.0000 0.2287 0.2706 0.3331 0.2480 0.1788 1.2592 1.8174 3.3350 
11.0000 66.0000 6.0000 4.0000 0.0000 -2.5000 8 1.0000 1.0000 2.1530 -2.0000 6.0000 10.0000 2.0000 14.0000 -6.0000 0.3840 0.2724 0.1567 0.2379 0.1991 1.2501 1.9523 3.4594 
11.0000 52.0000 6.0000 2.0000 0.0000 -2.5000 2 -1.0000 0.0000 1.4020 12.0000 0.0000 -8.0000 4.0000 -4.0000 8.0000 0.1514 0.2234 0.3638 0.1863 0.3189 1.2439 1.8977 3.4031 
11.0000 49.0000 6.0000 2.0000 1.0000 7.5000 2 -1.0000 1.0000 1.2730 12.0000 0.0000 -4.0000 4.0000 -8.0000 8.0000 0.2500 0.2500 0.2500 0.2500 0.2500 1.2500 1.8147 3.3259 
11.0000 65.0000 6.0000 4.0000 0.0000 -5.0000 8 1.0000 1.0000 1.3230 2.0000 10.0000 14.0000 -6.0000 6.0000 -2.0000 0.2976 0.1779 0.2968 0.1828 0.2960 1.2511 1.9577 3.4603 
11.0000 20.0000 6.0000 -2.0000 1.0000 5.0000 2 -1.0000 1.0000 1.8290 -8.0000 4.0000 8.0000 -12.0000 0.0000 -4.0000 0.2500 0.2500 0.2500 0.2500 0.2500 1.2500 1.8435 3.3425 
11.0000 45.0000 6.0000 2.0000 1.0000 -2.5000 2 -1.0000 0.0000 0.6950 12.0000 0.0000 -8.0000 4.0000 -4.0000 8.0000 0.2500 0.2500 0.2500 0.2500 0.2500 1.2500 1.7803 3.2758 
11.0000 56.0000 6.0000 2.0000 0.0000 7.5000 2 -1.0000 1.0000 0.5970 12.0000 4.0000 -4.0000 8.0000 -8.0000 0.0000 0.2601 0.2031 0.1705 0.3636 0.2465 1.2438 1.8059 3.3030 
11.0000 46.0000 6.0000 2.0000 1.0000 0.0000 2 -1.0000 0.0000 0.6630 0.0000 8.0000 12.0000 -8.0000 4.0000 -4.0000 0.2500 0.2500 0.2500 0.2500 0.2500 1.2500 1.8133 3.3092 
11.0000 11.0000 6.0000 -4.0000 0.0000 0.0000 2 -1.0000 0.0000 1.3150 -14.0000 -6.0000 2.0000 -10.0000 6.0000 -2.0000 0.2237 0.1981 0.3075 0.2239 0.3030 1.2561 1.8830 3.3820 
11.0000 34.0000 6.0000 0.0000 1.0000 5.0000 2 -1.0000 1.0000 1.9050 6.0000 -2.0000 -10.0000 2.0000 -6.0000 10.0000 0.2500 0.2500 0.2500 0.2500 0.2500 1.2500 1.7919 3.2925 
11.0000 32.0000 6.0000 0.0000 1.0000 0.0000 2 -1.0000 0.0000 0.8330 2.0000 -6.0000 -10.0000 10.0000 -2.0000 6.0000 0.2500 0.2500 0.2500 0.2500 0.2500 1.2500 1.9488 3.4426 
11.0000 33.0000 6.0000 0.0000 1.0000 2.5000 2 -1.0000 1.0000 1.0160 2.0000 -6.0000 -10.0000 10.0000 -2.0000 6.0000 0.2500 0.2500 0.2500 0.2500 0.2500 1.2500 1.8430 3.3424 
11.0000 8.0000 6.0000 -4.0000 0.0000 -7.5000 8 1.0000 1.0000 0.7020 2.0000 -6.0000 -14.0000 -2.0000 -10.0000 6.0000 0.1559 0.2568 0.3890 0.2752 0.1668 1.2437 1.8512 3.3530 
11.0000 13.0000 6.0000 -4.0000 0.0000 5.0000 2 -1.0000 1.0000 0.6940 2.0000 -6.0000 -14.0000 -2.0000 -10.0000 6.0000 0.3319 0.1911 0.2547 0.3119 0.1540 1.2438 1.9506 3.4531 
11.0000 6.0000 6.0000 -4.0000 1.0000 5.0000 2 -1.0000 1.0000 0.8050 2.0000 -6.0000 -10.0000 -2.0000 -14.0000 6.0000 0.2500 0.2500 0.2500 0.2500 0.2500 1.2500 1.9660 3.4759 
11.0000 35.0000 6.0000 0.0000 1.0000 7.5000 2 -1.0000 1.0000 1.0740 -6.0000 2.0000 6.0000 -2.0000 10.0000 -10.0000 0.2500 0.2500 0.2500 0.2500 0.2500 1.2500 1.7511 3.2591 
11.0000 12.0000 6.0000 -4.0000 0.0000 2.5000 8 1.0000 0.0000 1.4330 -6.0000 2.0000 6.0000 -14.0000 -2.0000 -10.0000 0.1567 0.3039 0.2607 0.3268 0.1985 1.2466 1.9979 3.4894 
11.0000 3.0000 6.0000 -4.0000 1.0000 -2.5000 8 1.0000 1.0000 0.9220 -14.0000 -2.0000 6.0000 -6.0000 2.0000 -10.0000 0.2500 0.2500 0.2500 0.2500 0.2500 1.2500 1.8016 3.3092 
11.0000 4.0000 6.0000 -4.0000 1.0000 0.0000 8 1.0000 0.0000 0.7090 -2.0000 -10.0000 -14.0000 6.0000 -6.0000 2.0000 0.2500 0.2500 0.2500 0.2500 0.2500 1.2500 1.8210 3.3260 
11.0000 44.0000 6.0000 2.0000 1.0000 -5.0000 8 1.0000 1.0000 0.7580 12.0000 4.0000 -4.0000 8.0000 -8.0000 0.0000 0.2500 0.2500 0.2500 0.2500 0.2500 1.2500 1.7603 3.2592 
11.0000 27.0000 6.0000 -2.0000 0.0000 5.0000 2 -1.0000 1.0000 2.1280 8.0000 0.0000 -8.0000 4.0000 -12.0000 -4.0000 0.2021 0.3329 0.2364 0.2907 0.1960 1.2581 1.8762 3.3839 
11.0000 22.0000 6.0000 -2.0000 0.0000 -7.5000 8 1.0000 1.0000 1.9020 4.0000 -4.0000 -12.0000 0.0000 -8.0000 8.0000 0.2893 0.2304 0.3841 0.1877 0.1537 1.2453 1.7814 3.2711 
11.0000 2.0000 6.0000 -4.0000 1.0000 -5.0000 8 1.0000 1.0000 0.5660 2.0000 -6.0000 -14.0000 -2.0000 -10.0000 6.0000 0.2500 0.2500 0.2500 0.2500 0.2500 1.2500 1.9396 3.4258 
11.0000 48.0000 6.0000 2.0000 1.0000 5.0000 2 -1.0000 1.0000 1.2380 8.0000 0.0000 -4.0000 4.0000 -8.0000 12.0000 0.2500 0.2500 0.2500 0.2500 0.2500 1.2500 1.8728 3.3760 
11.0000 51.0000 6.0000 2.0000 0.0000 -5.0000 8 1.0000 1.0000 1.2840 4.0000 -4.0000 -8.0000 12.0000 0.0000 8.0000 0.1981 0.3519 0.2379 0.1868 0.2720 1.2467 1.8016 3.3059 
11.0000 57.0000 6.0000 4.0000 1.0000 -7.5000 2 -1.0000 0.0000 0.9980 10.0000 2.0000 -6.0000 6.0000 -2.0000 14.0000 0.2500 0.2500 0.2500 0.2500 0.2500 1.2500 1.9110 3.4091 
11.0000 16.0000 6.0000 -2.0000 1.0000 -5.0000 8 1.0000 1.0000 0.9610 -4.0000 4.0000 8.0000 -12.0000 0.0000 -8.0000 0.2500 0.2500 0.2500 0.2500 0.2500 1.2500 1.9832 3.4926 
11.0000 19.0000 6.0000 -2.0000 1.0000 2.5000 2 -1.0000 1.0000 0.6750 -12.0000 -4.0000 8.0000 -8.0000 4.0000 0.0000 0.2500 0.2500 0.2500 0.2500 0.2500 1.2500 1.8814 3.3758 
11.0000 30.0000 6.0000 0.0000 1.0000 -5.0000 2 -1.0000 0.0000 1.9710 -6.0000 2.0000 10.0000 -2.0000 6.0000 -10.0000 0.2500 0.2500 0.2500 0.2500 0.2500 1.2500 1.9107 3.4094 
11.0000 47.0000 6.0000 2.0000 1.0000 2.5000 2 -1.0000 1.0000 1.0090 8.0000 -4.0000 -8.0000 12.0000 0.0000 4.0000 0.2500 0.2500 0.2500 0.2500 0.2500 1.2500 1.7555 3.2593 
11.0000 38.0000 6.0000 0.0000 0.0000 -2.5000 2 -1.0000 0.0000 0.9580 -10.0000 -2.0000 10.0000 -6.0000 6.0000 2.0000 0.2053 0.3528 0.2997 0.2331 0.1545 1.2454 1.9115 3.4046 
11.0000 28.0000 6.0000 -2.0000 0.0000 7.5000 2 -1.0000 1.0000 0.7040 -12.0000 -4.0000 4.0000 -8.0000 8.0000 0.0000 0.2602 0.2869 0.2416 0.2158 0.2427 1.2473 1.8918 3.3898 
11.0000 36.0000 6.0000 0.0000 0.0000 -7.5000 8 1.0000 1.0000 1.4610 6.0000 -2.0000 -6.0000 2.0000 -10.0000 10.0000 0.2963 0.2038 0.3334 0.1814 0.2358 1.2508 1.8180 3.3100 
11.0000 60.0000 6.0000 4.0000 1.0000 0.0000 2 -1.0000 0.0000 0.7450 14.0000 6.0000 -2.0000 10.0000 -6.0000 2.0000 0.2500 0.2500 0.2500 0.2500 0.2500 1.2500 1.9078 3.4092 
11.0000 18.0000 6.0000 -2.0000 1.0000 0.0000 2 -1.0000 0.0000 2.9720 -12.0000 0.0000 8.0000 -4.0000 4.0000 -8.0000 0.2500 0.2500 0.2500 0.2500 0.2500 1.2500 1.8166 3.3259 
11.0000 23.0000 6.0000 -2.0000 0.0000 -5.0000 8 1.0000 1.0000 1.5000 4.0000 -4.0000 -8.0000 0.0000 -12.0000 8.0000 0.2204 0.1689 0.2632 0.3935 0.2008 1.2468 1.8267 3.3227 
11.0000 21.0000 6.0000 -2.0000 1.0000 7.5000 2 -1.0000 1.0000 0.6800 4.0000 -4.0000 -8.0000 0.0000 -12.0000 8.0000 0.2500 0.2500 0.2500 0.2500 0.2500 1.2500 1.8750 3.3759 
11.0000 24.0000 6.0000 -2.0000 0.0000 -2.5000 8 1.0000 1.0000 0.6030 8.0000 -4.0000 -12.0000 0.0000 -8.0000 4.0000 0.2015 0.1758 0.3688 0.2172 0.2768 1.2401 1.9736 3.4660 
11.0000 50.0000 6.0000 2.0000 0.0000 -7.5000 8 1.0000 1.0000 0.6320 -8.0000 4.0000 8.0000 0.0000 12.0000 -4.0000 0.2395 0.2782 0.3095 0.1752 0.2384 1.2409 1.8909 3.3833 
11.0000 54.0000 6.0000 2.0000 0.0000 2.5000 2 -1.0000 1.0000 0.6990 -8.0000 4.0000 12.0000 0.0000 8.0000 -4.0000 0.3050 0.2672 0.2420 0.1963 0.2327 1.2431 1.7622 3.2524 
11.0000 39.0000 6.0000 0.0000 0.0000 0.0000 2 -1.0000 0.0000 1.2130 -10.0000 -2.0000 10.0000 -6.0000 6.0000 2.0000 0.3815 0.2149 0.1503 0.3504 0.1540 1.2511 1.8909 3.3938 
11.0000 42.0000 6.0000 0.0000 0.0000 7.5000 2 -1.0000 1.0000 0.7060 -2.0000 6.0000 10.0000 -10.0000 2.0000 -6.0000 0.1553 0.3716 0.2100 0.1589 0.3466 1.2425 1.9598 3.4519 
11.0000 31.0000 6.0000 0.0000 1.0000 -2.5000 8 1.0000 1.0000 0.8010 2.0000 -6.0000 -10.0000 10.0000 -2.0000 6.0000 0.2500 0.2500 0.2500 0.2500 0.2500 1.2500 1.9500 3.4427 
11.0000 41.0000 6.0000 0.0000 0.0000 5.0000 2 -1.0000 1.0000 0.3770 10.0000 2.0000 -10.0000 6.0000 -6.0000 -2.0000 0.2020 0.2906 0.1938 0.3038 0.2689 1.2592 1.8538 3.3517 
11.0000 26.0000 6.0000 -2.0000 0.0000 2.5000 8 1.0000 0.0000 1.4830 8.0000 0.0000 -12.0000 4.0000 -8.0000 -4.0000 0.1531 0.2358 0.3068 0.2441 0.3108 1.2507 1.8899 3.3932 
