subNo index block mean periodicity testLevel pressedKey answer isCorrect rt s1 s2 s3 s4 s5 s6 t1 t2 t3 t4 t5 seqDuration startInterval trialDuration 
11.0000 1.0000 1.0000 -0.2596 1.0000 -0.7588 2 -1.0000 0.0000 0.5130 9.7404 -2.2596 -10.2596 1.7404 -6.2596 5.7404 0.2500 0.2500 0.2500 0.2500 0.2500 1.2500 1.9813 3.4758 
11.0000 2.0000 1.0000 -1.6351 1.0000 -3.3289 2 -1.0000 0.0000 0.5830 8.3649 0.3649 -7.6351 4.3649 -11.6351 -3.6351 0.2500 0.2500 0.2500 0.2500 0.2500 1.2500 1.9013 3.3925 
11.0000 3.0000 1.0000 0.9258 0.0000 4.5311 2 -1.0000 1.0000 0.3150 -5.0742 6.9258 10.9258 -9.0742 2.9258 -1.0742 0.2177 0.3578 0.1643 0.2888 0.2268 1.2555 1.8415 3.3480 
11.0000 4.0000 1.0000 0.8069 1.0000 -4.4687 8 1.0000 1.0000 0.4440 10.8069 -1.1931 -9.1931 2.8069 -5.1931 6.8069 0.2500 0.2500 0.2500 0.2500 0.2500 1.2500 1.8285 3.3259 
11.0000 5.0000 1.0000 -2.5556 1.0000 -1.2433 8 1.0000 1.0000 0.5250 7.4444 -0.5556 -8.5556 3.4444 -12.5556 -4.5556 0.2500 0.2500 0.2500 0.2500 0.2500 1.2500 1.8255 3.3260 
11.0000 6.0000 1.0000 -0.8753 1.0000 3.1911 2 -1.0000 1.0000 0.7100 -6.8753 5.1247 9.1247 -10.8753 1.1247 -2.8753 0.2500 0.2500 0.2500 0.2500 0.2500 1.2500 1.9809 3.4926 
11.0000 7.0000 1.0000 1.6781 1.0000 3.3485 2 -1.0000 1.0000 0.9520 -0.3219 7.6781 11.6781 -8.3219 3.6781 -4.3219 0.2500 0.2500 0.2500 0.2500 0.2500 1.2500 1.9593 3.4593 
11.0000 8.0000 1.0000 -1.2581 1.0000 -0.8645 2 -1.0000 0.0000 0.6670 4.7419 -3.2581 -7.2581 0.7419 -11.2581 8.7419 0.2500 0.2500 0.2500 0.2500 0.2500 1.2500 1.9054 3.4091 
11.0000 9.0000 1.0000 0.1156 0.0000 3.6114 2 -1.0000 1.0000 1.0140 -5.8844 2.1156 6.1156 -1.8844 10.1156 -9.8844 0.1751 0.2299 0.3596 0.1901 0.2921 1.2468 1.7882 3.2894 
11.0000 10.0000 1.0000 1.2636 1.0000 -2.7933 8 1.0000 1.0000 0.3970 11.2636 -0.7364 -8.7364 3.2636 -4.7364 7.2636 0.2500 0.2500 0.2500 0.2500 0.2500 1.2500 1.9041 3.4092 
11.0000 11.0000 1.0000 -2.2207 0.0000 5.5870 2 -1.0000 1.0000 0.4760 3.7793 -4.2207 -12.2207 -0.2207 -8.2207 7.7793 0.1791 0.2552 0.1610 0.2694 0.3878 1.2526 1.9729 3.4784 
11.0000 12.0000 1.0000 -3.8804 1.0000 -1.4301 8 1.0000 1.0000 0.3510 2.1196 -5.8804 -9.8804 -1.8804 -13.8804 6.1196 0.2500 0.2500 0.2500 0.2500 0.2500 1.2500 1.7741 3.2759 
11.0000 13.0000 1.0000 -1.7418 0.0000 -1.4852 8 1.0000 1.0000 0.4800 -7.7418 4.2582 8.2582 -11.7418 0.2582 -3.7418 0.1857 0.3456 0.2459 0.1993 0.2781 1.2546 1.8195 3.3139 
11.0000 14.0000 1.0000 -2.0751 0.0000 2.7590 2 -1.0000 1.0000 0.4980 7.9249 -0.0751 -8.0751 3.9249 -12.0751 -4.0751 0.3350 0.1743 0.3455 0.2177 0.1822 1.2546 1.9873 3.4806 
11.0000 15.0000 1.0000 -2.0871 1.0000 -1.8795 8 1.0000 1.0000 0.4320 -12.0871 -0.0871 3.9129 -4.0871 7.9129 -8.0871 0.2500 0.2500 0.2500 0.2500 0.2500 1.2500 1.9281 3.4260 
11.0000 16.0000 1.0000 -2.8442 0.0000 -2.4370 2 -1.0000 0.0000 0.6900 7.1558 -0.8442 -12.8442 3.1558 -8.8442 -4.8442 0.2447 0.3471 0.2846 0.1536 0.2296 1.2594 1.8183 3.3187 
11.0000 17.0000 1.0000 -1.0840 0.0000 -1.4600 8 1.0000 1.0000 0.7490 8.9160 0.9160 -7.0840 4.9160 -11.0840 -3.0840 0.2917 0.2199 0.2963 0.2473 0.1933 1.2485 1.7561 3.2577 
11.0000 18.0000 1.0000 2.0187 1.0000 -5.3849 8 1.0000 1.0000 0.6770 12.0187 0.0187 -7.9813 4.0187 -3.9813 8.0187 0.2500 0.2500 0.2500 0.2500 0.2500 1.2500 1.7795 3.2925 
11.0000 19.0000 1.0000 0.9510 1.0000 2.5653 8 1.0000 0.0000 1.0960 6.9510 -1.0490 -9.0490 2.9510 -5.0490 10.9510 0.2500 0.2500 0.2500 0.2500 0.2500 1.2500 1.9697 3.4760 
11.0000 20.0000 1.0000 -3.2720 0.0000 4.0202 2 -1.0000 1.0000 0.6190 -9.2720 -1.2720 6.7280 -5.2720 2.7280 -13.2720 0.2315 0.3214 0.1689 0.2218 0.2982 1.2417 1.7933 3.2843 
11.0000 21.0000 1.0000 -2.5155 0.0000 -6.9575 8 1.0000 1.0000 0.6700 -12.5155 -4.5155 3.4845 -8.5155 7.4845 -0.5155 0.1794 0.3677 0.1665 0.2267 0.3123 1.2525 1.8151 3.3116 
11.0000 22.0000 1.0000 2.3148 1.0000 -2.3458 2 -1.0000 0.0000 0.6900 -7.6852 4.3148 12.3148 0.3148 8.3148 -3.6852 0.2500 0.2500 0.2500 0.2500 0.2500 1.2500 1.9719 3.4759 
11.0000 23.0000 1.0000 -0.8800 0.0000 0.6324 2 -1.0000 1.0000 0.3790 -6.8800 1.1200 9.1200 -2.8800 5.1200 -10.8800 0.1608 0.2245 0.2684 0.2359 0.3572 1.2468 1.7857 3.2892 
11.0000 24.0000 1.0000 -2.1235 0.0000 -7.0319 8 1.0000 1.0000 0.3050 -8.1235 3.8765 7.8765 -12.1235 -0.1235 -4.1235 0.2227 0.1775 0.3711 0.2955 0.1791 1.2459 1.8092 3.3051 
11.0000 25.0000 1.0000 1.3478 1.0000 -6.7720 2 -1.0000 0.0000 0.4740 11.3478 3.3478 -8.6522 7.3478 -4.6522 -0.6522 0.2500 0.2500 0.2500 0.2500 0.2500 1.2500 1.8434 3.3426 
11.0000 26.0000 1.0000 0.8706 1.0000 -3.9384 8 1.0000 1.0000 0.4400 10.8706 -1.1294 -5.1294 2.8706 -9.1294 6.8706 0.2500 0.2500 0.2500 0.2500 0.2500 1.2500 1.8921 3.3926 
11.0000 27.0000 1.0000 -3.6964 1.0000 5.8205 2 -1.0000 1.0000 0.6370 -13.6964 -1.6964 2.3036 -5.6964 6.3036 -9.6964 0.2500 0.2500 0.2500 0.2500 0.2500 1.2500 1.9864 3.4761 
11.0000 28.0000 1.0000 1.0727 1.0000 4.2445 2 -1.0000 1.0000 0.7030 11.0727 3.0727 -8.9273 7.0727 -4.9273 -0.9273 0.2500 0.2500 0.2500 0.2500 0.2500 1.2500 1.8594 3.3759 
11.0000 29.0000 1.0000 0.5752 1.0000 -6.4747 8 1.0000 1.0000 0.7230 2.5752 -5.4248 -9.4248 10.5752 -1.4248 6.5752 0.2500 0.2500 0.2500 0.2500 0.2500 1.2500 1.8612 3.3759 
11.0000 30.0000 1.0000 -3.7551 0.0000 -3.6839 8 1.0000 1.0000 0.5430 2.2449 -9.7551 -13.7551 6.2449 -5.7551 -1.7551 0.1913 0.3069 0.1850 0.3656 0.1994 1.2482 1.9902 3.4908 
11.0000 31.0000 1.0000 2.7825 0.0000 -2.0182 2 -1.0000 0.0000 1.0500 -7.2175 4.7825 12.7825 0.7825 8.7825 -3.2175 0.2018 0.1767 0.3982 0.2602 0.2135 1.2505 1.9324 3.4431 
11.0000 32.0000 1.0000 1.6909 0.0000 -3.2642 8 1.0000 1.0000 1.1250 -4.3091 3.6909 7.6909 -0.3091 11.6909 -8.3091 0.2196 0.1867 0.2792 0.3103 0.2458 1.2415 1.8014 3.3007 
11.0000 33.0000 1.0000 -1.6638 0.0000 6.9948 2 -1.0000 1.0000 1.3290 8.3362 -3.6638 -7.6638 0.3362 -11.6638 4.3362 0.2148 0.1699 0.2700 0.3656 0.2231 1.2435 1.7510 3.2359 
11.0000 34.0000 1.0000 -0.2652 1.0000 2.2374 8 1.0000 0.0000 2.4950 9.7348 1.7348 -6.2652 5.7348 -10.2652 -2.2652 0.2500 0.2500 0.2500 0.2500 0.2500 1.2500 1.8284 3.3260 
11.0000 35.0000 1.0000 -1.4791 1.0000 7.8255 2 -1.0000 1.0000 1.9400 -11.4791 0.5209 4.5209 -3.4791 8.5209 -7.4791 0.2500 0.2500 0.2500 0.2500 0.2500 1.2500 1.7620 3.2592 
11.0000 36.0000 1.0000 -1.1079 1.0000 -2.7755 8 1.0000 1.0000 1.7980 -3.1079 4.8921 8.8921 -11.1079 0.8921 -7.1079 0.2500 0.2500 0.2500 0.2500 0.2500 1.2500 1.9472 3.4426 
11.0000 37.0000 1.0000 -1.4735 0.0000 1.2823 2 -1.0000 1.0000 2.3450 4.5265 -3.4735 -11.4735 0.5265 -7.4735 8.5265 0.2267 0.2536 0.3331 0.2447 0.1912 1.2494 1.8441 3.3587 
11.0000 38.0000 1.0000 -1.9945 1.0000 2.5309 8 1.0000 0.0000 1.3380 8.0055 -3.9945 -11.9945 0.0055 -7.9945 4.0055 0.2500 0.2500 0.2500 0.2500 0.2500 1.2500 1.9135 3.4260 
11.0000 39.0000 1.0000 2.7910 1.0000 -4.3646 2 -1.0000 0.0000 1.8880 -7.2090 0.7910 8.7910 -3.2090 12.7910 4.7910 0.2500 0.2500 0.2500 0.2500 0.2500 1.2500 1.8811 3.3926 
11.0000 40.0000 1.0000 2.1692 1.0000 -5.1587 2 -1.0000 0.0000 0.8870 -3.8308 4.1692 8.1692 0.1692 12.1692 -7.8308 0.2500 0.2500 0.2500 0.2500 0.2500 1.2500 1.8581 3.3591 
11.0000 41.0000 1.0000 -1.1607 1.0000 -1.4574 8 1.0000 1.0000 2.6510 8.8393 -3.1607 -7.1607 0.8393 -11.1607 4.8393 0.2500 0.2500 0.2500 0.2500 0.2500 1.2500 1.7821 3.2758 
11.0000 42.0000 1.0000 -3.3743 0.0000 -1.6364 8 1.0000 1.0000 1.0140 6.6257 -5.3743 -9.3743 -1.3743 -13.3743 2.6257 0.2607 0.2091 0.2780 0.3098 0.1842 1.2418 1.8159 3.3011 
11.0000 43.0000 1.0000 -1.0979 1.0000 4.0034 2 -1.0000 1.0000 1.6400 4.9021 -7.0979 -11.0979 8.9021 -3.0979 0.9021 0.2500 0.2500 0.2500 0.2500 0.2500 1.2500 1.8814 3.3758 
11.0000 44.0000 1.0000 -1.3839 0.0000 -0.7554 2 -1.0000 0.0000 1.6930 8.6161 0.6161 -11.3839 4.6161 -7.3839 -3.3839 0.1725 0.2363 0.2699 0.3802 0.1912 1.2501 1.9597 3.4594 
11.0000 45.0000 1.0000 0.8104 1.0000 4.1532 2 -1.0000 1.0000 1.3450 -9.1896 -1.1896 10.8104 -5.1896 6.8104 2.8104 0.2500 0.2500 0.2500 0.2500 0.2500 1.2500 1.7877 3.2758 
11.0000 46.0000 1.0000 1.5047 0.0000 1.0196 8 1.0000 0.0000 1.5650 -8.4953 3.5047 7.5047 -0.4953 11.5047 -4.4953 0.1931 0.3159 0.2279 0.3299 0.1844 1.2512 1.8746 3.3770 
11.0000 47.0000 1.0000 -3.6312 0.0000 1.3189 2 -1.0000 1.0000 2.0550 -13.6312 -5.6312 2.3688 -9.6312 6.3688 -1.6312 0.1549 0.2300 0.2647 0.3168 0.2904 1.2567 1.9282 3.4493 
11.0000 48.0000 1.0000 -1.6812 1.0000 1.4160 8 1.0000 0.0000 2.2620 8.3188 0.3188 -7.6812 4.3188 -11.6812 -3.6812 0.2500 0.2500 0.2500 0.2500 0.2500 1.2500 1.8758 3.3758 
11.0000 49.0000 1.0000 -3.6430 0.0000 3.7480 2 -1.0000 1.0000 3.0070 -13.6430 -1.6430 2.3570 -5.6430 6.3570 -9.6430 0.2195 0.3184 0.1872 0.2503 0.2808 1.2563 1.7997 3.3156 
11.0000 50.0000 1.0000 2.6708 0.0000 1.2584 2 -1.0000 1.0000 1.4570 -7.3292 0.6708 12.6708 -3.3292 8.6708 4.6708 0.2012 0.3127 0.2091 0.3366 0.1811 1.2408 1.8641 3.3500 
