subNo index block mean periodicity testLevel pressedKey answer isCorrect rt s1 s2 s3 s4 s5 s6 t1 t2 t3 t4 t5 seqDuration startInterval trialDuration 
5.0000 4.0000 1.0000 -4.0000 1.0000 0.0000 8 1.0000 0.0000 2.6230 2.0000 -6.0000 -10.0000 -2.0000 -14.0000 6.0000 0.2500 0.2500 0.2500 0.2500 0.2500 1.2500 1.9618 3.4593 
5.0000 20.0000 1.0000 -2.0000 1.0000 4.7900 2 -1.0000 1.0000 1.7240 -12.0000 0.0000 4.0000 -4.0000 8.0000 -8.0000 0.2500 0.2500 0.2500 0.2500 0.2500 1.2500 1.8881 3.3925 
5.0000 56.0000 1.0000 2.0000 0.0000 7.1850 2 -1.0000 1.0000 1.2340 -8.0000 0.0000 8.0000 -4.0000 12.0000 4.0000 0.2220 0.2910 0.2112 0.3543 0.1675 1.2460 1.9762 3.4719 
5.0000 59.0000 1.0000 4.0000 1.0000 -2.3950 8 1.0000 1.0000 2.2340 6.0000 -2.0000 -6.0000 14.0000 2.0000 10.0000 0.2500 0.2500 0.2500 0.2500 0.2500 1.2500 1.9745 3.4761 
5.0000 44.0000 1.0000 2.0000 1.0000 -4.7900 8 1.0000 1.0000 1.9940 -8.0000 4.0000 8.0000 0.0000 12.0000 -4.0000 0.2500 0.2500 0.2500 0.2500 0.2500 1.2500 1.7881 3.2925 
5.0000 40.0000 1.0000 0.0000 0.0000 2.3950 2 -1.0000 1.0000 1.5090 -10.0000 2.0000 10.0000 -2.0000 6.0000 -6.0000 0.2365 0.3008 0.2624 0.2884 0.1549 1.2430 1.8152 3.3022 
5.0000 55.0000 1.0000 2.0000 0.0000 4.7900 2 -1.0000 1.0000 1.5180 12.0000 0.0000 -4.0000 4.0000 -8.0000 8.0000 0.2835 0.1790 0.1534 0.2620 0.3697 1.2476 1.9695 3.4570 
5.0000 17.0000 1.0000 -2.0000 1.0000 -2.3950 8 1.0000 1.0000 1.9550 4.0000 -8.0000 -12.0000 8.0000 -4.0000 0.0000 0.2500 0.2500 0.2500 0.2500 0.2500 1.2500 1.9594 3.4592 
5.0000 41.0000 1.0000 0.0000 0.0000 4.7900 2 -1.0000 1.0000 2.6480 6.0000 -2.0000 -10.0000 2.0000 -6.0000 10.0000 0.1739 0.3017 0.2089 0.3716 0.1850 1.2410 1.9755 3.4669 
5.0000 67.0000 1.0000 4.0000 0.0000 0.0000 2 -1.0000 0.0000 4.5910 2.0000 10.0000 14.0000 -6.0000 6.0000 -2.0000 0.2367 0.3727 0.2954 0.1884 0.1531 1.2463 1.9910 3.4889 
5.0000 37.0000 1.0000 0.0000 0.0000 -4.7900 8 1.0000 1.0000 1.9270 6.0000 -2.0000 -6.0000 2.0000 -10.0000 10.0000 0.1696 0.2051 0.2910 0.3708 0.2195 1.2561 1.7752 3.2820 
5.0000 27.0000 1.0000 -2.0000 0.0000 4.7900 8 1.0000 0.0000 4.2500 8.0000 -4.0000 -8.0000 0.0000 -12.0000 4.0000 0.1912 0.3577 0.1525 0.2429 0.3073 1.2515 1.8737 3.3773 
5.0000 51.0000 1.0000 2.0000 0.0000 -4.7900 8 1.0000 1.0000 2.4480 -8.0000 0.0000 8.0000 -4.0000 12.0000 4.0000 0.2888 0.1734 0.2528 0.3168 0.2095 1.2413 1.8013 3.3007 
5.0000 29.0000 1.0000 0.0000 1.0000 -7.1850 8 1.0000 1.0000 1.2540 -10.0000 2.0000 10.0000 -2.0000 6.0000 -6.0000 0.2500 0.2500 0.2500 0.2500 0.2500 1.2500 1.8484 3.3425 
5.0000 65.0000 1.0000 4.0000 0.0000 -4.7900 8 1.0000 1.0000 2.3190 -6.0000 6.0000 10.0000 2.0000 14.0000 -2.0000 0.2026 0.2765 0.1887 0.3750 0.2134 1.2563 1.9848 3.4822 
5.0000 66.0000 1.0000 4.0000 0.0000 -2.3950 8 1.0000 1.0000 4.6990 14.0000 2.0000 -6.0000 6.0000 -2.0000 10.0000 0.2920 0.2513 0.1741 0.2875 0.2389 1.2438 1.8233 3.3197 
5.0000 22.0000 1.0000 -2.0000 0.0000 -7.1850 8 1.0000 1.0000 1.2310 -12.0000 0.0000 4.0000 -4.0000 8.0000 -8.0000 0.2676 0.1985 0.3173 0.2163 0.2565 1.2561 1.8331 3.3320 
5.0000 31.0000 1.0000 0.0000 1.0000 -2.3950 8 1.0000 1.0000 1.1820 6.0000 -2.0000 -10.0000 2.0000 -6.0000 10.0000 0.2500 0.2500 0.2500 0.2500 0.2500 1.2500 1.7843 3.2925 
5.0000 10.0000 1.0000 -4.0000 0.0000 -2.3950 8 1.0000 1.0000 0.9880 -10.0000 2.0000 6.0000 -14.0000 -2.0000 -6.0000 0.3223 0.1857 0.3523 0.2218 0.1633 1.2453 1.9419 3.4379 
5.0000 11.0000 1.0000 -4.0000 0.0000 0.0000 8 1.0000 0.0000 1.9690 -10.0000 -2.0000 6.0000 -6.0000 2.0000 -14.0000 0.1543 0.3552 0.1630 0.3439 0.2291 1.2455 1.9194 3.4214 
5.0000 25.0000 1.0000 -2.0000 0.0000 0.0000 8 1.0000 0.0000 2.5880 8.0000 -4.0000 -8.0000 0.0000 -12.0000 4.0000 0.2257 0.3118 0.1734 0.3607 0.1848 1.2563 1.9864 3.4990 
5.0000 12.0000 1.0000 -4.0000 0.0000 2.3950 2 -1.0000 1.0000 2.4220 -10.0000 -2.0000 6.0000 -6.0000 2.0000 -14.0000 0.2758 0.1840 0.3816 0.1618 0.2426 1.2458 1.7570 3.2551 
5.0000 58.0000 1.0000 4.0000 1.0000 -4.7900 8 1.0000 1.0000 1.7980 10.0000 2.0000 -2.0000 6.0000 -6.0000 14.0000 0.2500 0.2500 0.2500 0.2500 0.2500 1.2500 1.8411 3.3427 
5.0000 28.0000 1.0000 -2.0000 0.0000 7.1850 8 1.0000 0.0000 2.7250 8.0000 0.0000 -8.0000 4.0000 -12.0000 -4.0000 0.3580 0.2079 0.3147 0.1746 0.2015 1.2566 1.8492 3.3492 
5.0000 47.0000 1.0000 2.0000 1.0000 2.3950 8 1.0000 0.0000 3.2270 8.0000 0.0000 -4.0000 4.0000 -8.0000 12.0000 0.2500 0.2500 0.2500 0.2500 0.2500 1.2500 1.7820 3.2757 
5.0000 33.0000 1.0000 0.0000 1.0000 2.3950 8 1.0000 0.0000 2.6430 -10.0000 -2.0000 10.0000 -6.0000 6.0000 2.0000 0.2500 0.2500 0.2500 0.2500 0.2500 1.2500 1.8037 3.2925 
5.0000 38.0000 1.0000 0.0000 0.0000 -2.3950 2 -1.0000 0.0000 4.2360 -2.0000 6.0000 10.0000 -10.0000 2.0000 -6.0000 0.2278 0.1568 0.3407 0.1635 0.3539 1.2427 1.7961 3.2851 
5.0000 32.0000 1.0000 0.0000 1.0000 0.0000 2 -1.0000 0.0000 3.1490 -6.0000 6.0000 10.0000 -10.0000 2.0000 -2.0000 0.2500 0.2500 0.2500 0.2500 0.2500 1.2500 1.9416 3.4427 
5.0000 45.0000 1.0000 2.0000 1.0000 -2.3950 2 -1.0000 0.0000 4.4710 -4.0000 8.0000 12.0000 -8.0000 4.0000 0.0000 0.2500 0.2500 0.2500 0.2500 0.2500 1.2500 1.8583 3.3591 
5.0000 36.0000 1.0000 0.0000 0.0000 -7.1850 8 1.0000 1.0000 1.3220 -10.0000 -2.0000 6.0000 -6.0000 10.0000 2.0000 0.1938 0.3455 0.1623 0.2145 0.3305 1.2467 1.8233 3.3225 
5.0000 70.0000 1.0000 4.0000 0.0000 7.1850 2 -1.0000 1.0000 1.0940 14.0000 6.0000 -2.0000 10.0000 -6.0000 2.0000 0.1949 0.2504 0.2048 0.3518 0.2403 1.2422 1.8357 3.3348 
5.0000 48.0000 1.0000 2.0000 1.0000 4.7900 2 -1.0000 1.0000 1.7770 8.0000 0.0000 -4.0000 4.0000 -8.0000 12.0000 0.2500 0.2500 0.2500 0.2500 0.2500 1.2500 1.8526 3.3592 
5.0000 39.0000 1.0000 0.0000 0.0000 0.0000 8 1.0000 0.0000 3.0460 10.0000 -2.0000 -10.0000 2.0000 -6.0000 6.0000 0.3217 0.2067 0.3654 0.1997 0.1573 1.2508 1.7788 3.2766 
5.0000 9.0000 1.0000 -4.0000 0.0000 -4.7900 8 1.0000 1.0000 1.3280 -10.0000 2.0000 6.0000 -14.0000 -2.0000 -6.0000 0.3344 0.1549 0.2134 0.2452 0.2944 1.2423 1.8110 3.3016 
5.0000 8.0000 1.0000 -4.0000 0.0000 -7.1850 8 1.0000 1.0000 1.7510 -14.0000 -6.0000 2.0000 -10.0000 6.0000 -2.0000 0.1523 0.3706 0.2204 0.1671 0.3319 1.2422 1.9410 3.4349 
5.0000 23.0000 1.0000 -2.0000 0.0000 -4.7900 8 1.0000 1.0000 1.1640 -8.0000 0.0000 4.0000 -4.0000 8.0000 -12.0000 0.2097 0.2827 0.1768 0.2674 0.3077 1.2442 1.9645 3.4534 
5.0000 57.0000 1.0000 4.0000 1.0000 -7.1850 8 1.0000 1.0000 1.6460 -6.0000 6.0000 14.0000 2.0000 10.0000 -2.0000 0.2500 0.2500 0.2500 0.2500 0.2500 1.2500 1.8295 3.3426 
5.0000 18.0000 1.0000 -2.0000 1.0000 0.0000 2 -1.0000 0.0000 1.4150 -4.0000 4.0000 8.0000 -12.0000 0.0000 -8.0000 0.2500 0.2500 0.2500 0.2500 0.2500 1.2500 1.7660 3.2759 
5.0000 63.0000 1.0000 4.0000 1.0000 7.1850 2 -1.0000 1.0000 1.1670 -6.0000 2.0000 14.0000 -2.0000 10.0000 6.0000 0.2500 0.2500 0.2500 0.2500 0.2500 1.2500 1.9982 3.5093 
5.0000 62.0000 1.0000 4.0000 1.0000 4.7900 2 -1.0000 1.0000 1.0700 14.0000 6.0000 -6.0000 10.0000 -2.0000 2.0000 0.2500 0.2500 0.2500 0.2500 0.2500 1.2500 1.8951 3.3926 
5.0000 15.0000 1.0000 -2.0000 1.0000 -7.1850 8 1.0000 1.0000 2.3460 4.0000 -4.0000 -8.0000 0.0000 -12.0000 8.0000 0.2500 0.2500 0.2500 0.2500 0.2500 1.2500 1.9102 3.4092 
5.0000 60.0000 1.0000 4.0000 1.0000 0.0000 2 -1.0000 0.0000 3.8560 14.0000 2.0000 -2.0000 6.0000 -6.0000 10.0000 0.2500 0.2500 0.2500 0.2500 0.2500 1.2500 1.9501 3.4426 
5.0000 50.0000 1.0000 2.0000 0.0000 -7.1850 8 1.0000 1.0000 1.1620 12.0000 4.0000 -8.0000 8.0000 -4.0000 0.0000 0.3944 0.1698 0.2183 0.2747 0.1843 1.2416 1.9339 3.4176 
5.0000 42.0000 1.0000 0.0000 0.0000 7.1850 2 -1.0000 1.0000 1.5150 -6.0000 2.0000 10.0000 -2.0000 6.0000 -10.0000 0.2642 0.2071 0.1668 0.2762 0.3378 1.2522 1.8793 3.3782 
5.0000 61.0000 1.0000 4.0000 1.0000 2.3950 2 -1.0000 1.0000 2.3490 -2.0000 10.0000 14.0000 -6.0000 6.0000 2.0000 0.2500 0.2500 0.2500 0.2500 0.2500 1.2500 1.9343 3.4259 
5.0000 64.0000 1.0000 4.0000 0.0000 -7.1850 8 1.0000 1.0000 2.8560 2.0000 10.0000 14.0000 -6.0000 6.0000 -2.0000 0.3023 0.1641 0.3423 0.2765 0.1694 1.2546 1.9620 3.4638 
5.0000 49.0000 1.0000 2.0000 1.0000 7.1850 2 -1.0000 1.0000 1.3760 -4.0000 4.0000 12.0000 0.0000 8.0000 -8.0000 0.2500 0.2500 0.2500 0.2500 0.2500 1.2500 1.7562 3.2592 
5.0000 34.0000 1.0000 0.0000 1.0000 4.7900 2 -1.0000 1.0000 1.2960 -10.0000 2.0000 10.0000 -2.0000 6.0000 -6.0000 0.2500 0.2500 0.2500 0.2500 0.2500 1.2500 1.8858 3.3926 
5.0000 19.0000 1.0000 -2.0000 1.0000 2.3950 2 -1.0000 1.0000 2.2030 -12.0000 0.0000 4.0000 -4.0000 8.0000 -8.0000 0.2500 0.2500 0.2500 0.2500 0.2500 1.2500 1.8652 3.3759 
5.0000 7.0000 1.0000 -4.0000 1.0000 7.1850 2 -1.0000 1.0000 1.1140 -14.0000 -6.0000 2.0000 -10.0000 6.0000 -2.0000 0.2500 0.2500 0.2500 0.2500 0.2500 1.2500 1.8638 3.3593 
5.0000 46.0000 1.0000 2.0000 1.0000 0.0000 2 -1.0000 0.0000 2.3920 12.0000 4.0000 -8.0000 8.0000 -4.0000 0.0000 0.2500 0.2500 0.2500 0.2500 0.2500 1.2500 1.9505 3.4592 
5.0000 6.0000 1.0000 -4.0000 1.0000 4.7900 2 -1.0000 1.0000 3.2760 6.0000 -2.0000 -14.0000 2.0000 -10.0000 -6.0000 0.2500 0.2500 0.2500 0.2500 0.2500 1.2500 1.7821 3.2760 
5.0000 14.0000 1.0000 -4.0000 0.0000 7.1850 2 -1.0000 1.0000 1.3590 6.0000 -2.0000 -10.0000 2.0000 -14.0000 -6.0000 0.2506 0.1601 0.2433 0.3841 0.2193 1.2574 1.8361 3.3499 
5.0000 13.0000 1.0000 -4.0000 0.0000 4.7900 2 -1.0000 1.0000 3.2210 -14.0000 -6.0000 2.0000 -10.0000 6.0000 -2.0000 0.2159 0.3589 0.1605 0.1916 0.3130 1.2400 1.7885 3.2825 
5.0000 53.0000 1.0000 2.0000 0.0000 0.0000 8 1.0000 0.0000 1.8650 -8.0000 0.0000 12.0000 -4.0000 8.0000 4.0000 0.1778 0.3858 0.1758 0.3104 0.2035 1.2534 1.9246 3.4294 
5.0000 35.0000 1.0000 0.0000 1.0000 7.1850 2 -1.0000 1.0000 2.2200 6.0000 -6.0000 -10.0000 10.0000 -2.0000 2.0000 0.2500 0.2500 0.2500 0.2500 0.2500 1.2500 1.8952 3.3927 
5.0000 69.0000 1.0000 4.0000 0.0000 4.7900 2 -1.0000 1.0000 1.2460 -2.0000 6.0000 14.0000 2.0000 10.0000 -6.0000 0.3557 0.1509 0.1820 0.3415 0.2232 1.2533 1.9310 3.4459 
5.0000 43.0000 1.0000 2.0000 1.0000 -7.1850 8 1.0000 1.0000 1.6740 -8.0000 0.0000 8.0000 -4.0000 12.0000 4.0000 0.2500 0.2500 0.2500 0.2500 0.2500 1.2500 1.8511 3.3592 
5.0000 1.0000 1.0000 -4.0000 1.0000 -7.1850 8 1.0000 1.0000 0.9040 -10.0000 -2.0000 6.0000 -6.0000 2.0000 -14.0000 0.2500 0.2500 0.2500 0.2500 0.2500 1.2500 1.8176 3.3259 
5.0000 52.0000 1.0000 2.0000 0.0000 -2.3950 2 -1.0000 0.0000 2.7920 -4.0000 4.0000 12.0000 0.0000 8.0000 -8.0000 0.2039 0.3064 0.1578 0.3163 0.2625 1.2469 1.7588 3.2561 
5.0000 5.0000 1.0000 -4.0000 1.0000 2.3950 8 1.0000 0.0000 1.8540 6.0000 -6.0000 -14.0000 -2.0000 -10.0000 2.0000 0.2500 0.2500 0.2500 0.2500 0.2500 1.2500 1.8605 3.3591 
5.0000 21.0000 1.0000 -2.0000 1.0000 7.1850 2 -1.0000 1.0000 1.6080 8.0000 -4.0000 -12.0000 0.0000 -8.0000 4.0000 0.2500 0.2500 0.2500 0.2500 0.2500 1.2500 1.7784 3.2758 
5.0000 68.0000 1.0000 4.0000 0.0000 2.3950 8 1.0000 0.0000 3.3090 10.0000 2.0000 -6.0000 6.0000 -2.0000 14.0000 0.2657 0.2220 0.3656 0.2329 0.1677 1.2540 1.9323 3.4299 
5.0000 24.0000 1.0000 -2.0000 0.0000 -2.3950 8 1.0000 1.0000 2.4180 -12.0000 0.0000 8.0000 -4.0000 4.0000 -8.0000 0.2522 0.2882 0.1802 0.3653 0.1652 1.2512 1.7901 3.2938 
5.0000 30.0000 1.0000 0.0000 1.0000 -4.7900 8 1.0000 1.0000 3.2540 -2.0000 6.0000 10.0000 -10.0000 2.0000 -6.0000 0.2500 0.2500 0.2500 0.2500 0.2500 1.2500 1.9451 3.4427 
5.0000 26.0000 1.0000 -2.0000 0.0000 2.3950 8 1.0000 0.0000 3.2790 4.0000 -8.0000 -12.0000 8.0000 -4.0000 0.0000 0.3401 0.1877 0.3698 0.1525 0.1902 1.2403 1.7564 3.2327 
5.0000 54.0000 1.0000 2.0000 0.0000 2.3950 2 -1.0000 1.0000 3.5370 -4.0000 4.0000 8.0000 0.0000 12.0000 -8.0000 0.1661 0.2304 0.2571 0.3190 0.2768 1.2494 1.8655 3.3752 
5.0000 3.0000 1.0000 -4.0000 1.0000 -2.3950 8 1.0000 1.0000 1.4450 2.0000 -6.0000 -10.0000 -2.0000 -14.0000 6.0000 0.2500 0.2500 0.2500 0.2500 0.2500 1.2500 1.7972 3.3092 
5.0000 2.0000 1.0000 -4.0000 1.0000 -4.7900 8 1.0000 1.0000 0.9470 2.0000 -10.0000 -14.0000 6.0000 -6.0000 -2.0000 0.2500 0.2500 0.2500 0.2500 0.2500 1.2500 1.8338 3.3427 
5.0000 16.0000 1.0000 -2.0000 1.0000 -4.7900 8 1.0000 1.0000 0.7010 -4.0000 4.0000 8.0000 -12.0000 0.0000 -8.0000 0.2500 0.2500 0.2500 0.2500 0.2500 1.2500 1.8735 3.3759 
5.0000 38.0000 2.0000 0.0000 0.0000 -2.3950 8 1.0000 1.0000 2.0750 6.0000 -2.0000 -6.0000 2.0000 -10.0000 10.0000 0.1567 0.2263 0.2570 0.2318 0.3725 1.2442 1.9573 3.4536 
5.0000 47.0000 2.0000 2.0000 1.0000 2.3950 2 -1.0000 1.0000 3.4380 -4.0000 4.0000 12.0000 0.0000 8.0000 -8.0000 0.2500 0.2500 0.2500 0.2500 0.2500 1.2500 1.8867 3.3925 
5.0000 68.0000 2.0000 4.0000 0.0000 2.3950 2 -1.0000 1.0000 1.3020 10.0000 -2.0000 -6.0000 14.0000 2.0000 6.0000 0.2599 0.2104 0.2721 0.2087 0.3066 1.2577 1.8185 3.3168 
5.0000 69.0000 2.0000 4.0000 0.0000 4.7900 2 -1.0000 1.0000 1.0790 10.0000 2.0000 -6.0000 6.0000 -2.0000 14.0000 0.2092 0.3243 0.1684 0.3455 0.2073 1.2547 1.9680 3.4639 
5.0000 34.0000 2.0000 0.0000 1.0000 4.7900 2 -1.0000 1.0000 2.5960 10.0000 2.0000 -6.0000 6.0000 -10.0000 -2.0000 0.2500 0.2500 0.2500 0.2500 0.2500 1.2500 1.8569 3.3591 
5.0000 53.0000 2.0000 2.0000 0.0000 0.0000 8 1.0000 0.0000 1.6260 -4.0000 4.0000 8.0000 0.0000 12.0000 -8.0000 0.2171 0.2426 0.1843 0.3504 0.2624 1.2567 1.8579 3.3492 
5.0000 27.0000 2.0000 -2.0000 0.0000 4.7900 8 1.0000 0.0000 3.6220 8.0000 0.0000 -12.0000 4.0000 -8.0000 -4.0000 0.1769 0.3588 0.1840 0.2401 0.2833 1.2431 1.9456 3.4525 
5.0000 21.0000 2.0000 -2.0000 1.0000 7.1850 8 1.0000 0.0000 2.9730 -12.0000 -4.0000 4.0000 -8.0000 8.0000 0.0000 0.2500 0.2500 0.2500 0.2500 0.2500 1.2500 1.9720 3.4760 
5.0000 49.0000 2.0000 2.0000 1.0000 7.1850 2 -1.0000 1.0000 1.6130 -4.0000 4.0000 8.0000 0.0000 12.0000 -8.0000 0.2500 0.2500 0.2500 0.2500 0.2500 1.2500 1.8681 3.3758 
5.0000 60.0000 2.0000 4.0000 1.0000 0.0000 2 -1.0000 0.0000 3.2550 14.0000 2.0000 -2.0000 6.0000 -6.0000 10.0000 0.2500 0.2500 0.2500 0.2500 0.2500 1.2500 1.9785 3.4759 
5.0000 20.0000 2.0000 -2.0000 1.0000 4.7900 2 -1.0000 1.0000 2.0490 -12.0000 0.0000 8.0000 -4.0000 4.0000 -8.0000 0.2500 0.2500 0.2500 0.2500 0.2500 1.2500 1.9088 3.4092 
5.0000 52.0000 2.0000 2.0000 0.0000 -2.3950 2 -1.0000 0.0000 2.7690 12.0000 0.0000 -4.0000 4.0000 -8.0000 8.0000 0.2124 0.3462 0.1800 0.2739 0.2344 1.2469 1.7954 3.2894 
5.0000 64.0000 2.0000 4.0000 0.0000 -7.1850 8 1.0000 1.0000 1.6280 -6.0000 2.0000 10.0000 -2.0000 14.0000 6.0000 0.2320 0.3700 0.1912 0.2177 0.2457 1.2567 1.9753 3.4826 
5.0000 40.0000 2.0000 0.0000 0.0000 2.3950 2 -1.0000 1.0000 2.0810 -10.0000 2.0000 6.0000 -2.0000 10.0000 -6.0000 0.3274 0.2283 0.1531 0.3690 0.1676 1.2453 1.9673 3.4545 
5.0000 24.0000 2.0000 -2.0000 0.0000 -2.3950 8 1.0000 1.0000 1.6300 -12.0000 -4.0000 4.0000 -8.0000 8.0000 0.0000 0.2678 0.1947 0.2864 0.2049 0.2996 1.2535 1.8241 3.3126 
5.0000 4.0000 2.0000 -4.0000 1.0000 0.0000 2 -1.0000 0.0000 2.6570 -14.0000 -6.0000 2.0000 -10.0000 6.0000 -2.0000 0.2500 0.2500 0.2500 0.2500 0.2500 1.2500 1.8948 3.4093 
5.0000 63.0000 2.0000 4.0000 1.0000 7.1850 8 1.0000 0.0000 1.3890 6.0000 -2.0000 -6.0000 14.0000 2.0000 10.0000 0.2500 0.2500 0.2500 0.2500 0.2500 1.2500 1.9073 3.4092 
5.0000 17.0000 2.0000 -2.0000 1.0000 -2.3950 8 1.0000 1.0000 1.3990 4.0000 -4.0000 -12.0000 0.0000 -8.0000 8.0000 0.2500 0.2500 0.2500 0.2500 0.2500 1.2500 1.7817 3.2925 
5.0000 67.0000 2.0000 4.0000 0.0000 0.0000 2 -1.0000 0.0000 2.5060 6.0000 -2.0000 -6.0000 14.0000 2.0000 10.0000 0.3488 0.1883 0.2166 0.2932 0.2112 1.2581 1.9799 3.4841 
5.0000 43.0000 2.0000 2.0000 1.0000 -7.1850 8 1.0000 1.0000 2.4050 12.0000 4.0000 -4.0000 8.0000 -8.0000 0.0000 0.2500 0.2500 0.2500 0.2500 0.2500 1.2500 1.8266 3.3258 
5.0000 30.0000 2.0000 0.0000 1.0000 -4.7900 8 1.0000 1.0000 0.7700 6.0000 -2.0000 -10.0000 2.0000 -6.0000 10.0000 0.2500 0.2500 0.2500 0.2500 0.2500 1.2500 1.9393 3.4427 
5.0000 50.0000 2.0000 2.0000 0.0000 -7.1850 8 1.0000 1.0000 1.9640 0.0000 8.0000 12.0000 -8.0000 4.0000 -4.0000 0.2120 0.2668 0.3219 0.1834 0.2680 1.2521 1.8491 3.3446 
5.0000 31.0000 2.0000 0.0000 1.0000 -2.3950 8 1.0000 1.0000 1.7310 10.0000 2.0000 -10.0000 6.0000 -6.0000 -2.0000 0.2500 0.2500 0.2500 0.2500 0.2500 1.2500 1.8520 3.3425 
5.0000 56.0000 2.0000 2.0000 0.0000 7.1850 2 -1.0000 1.0000 2.0950 -4.0000 4.0000 8.0000 0.0000 12.0000 -8.0000 0.2967 0.1669 0.2971 0.1612 0.3355 1.2574 1.7859 3.2831 
5.0000 28.0000 2.0000 -2.0000 0.0000 7.1850 2 -1.0000 1.0000 2.9590 -12.0000 0.0000 4.0000 -4.0000 8.0000 -8.0000 0.2092 0.3916 0.2890 0.1921 0.1632 1.2451 1.7659 3.2543 
5.0000 8.0000 2.0000 -4.0000 0.0000 -7.1850 8 1.0000 1.0000 2.4820 2.0000 -6.0000 -14.0000 -2.0000 -10.0000 6.0000 0.3787 0.2095 0.1697 0.3183 0.1818 1.2581 1.9612 3.4839 
5.0000 58.0000 2.0000 4.0000 1.0000 -4.7900 8 1.0000 1.0000 3.0210 -6.0000 2.0000 10.0000 -2.0000 14.0000 6.0000 0.2500 0.2500 0.2500 0.2500 0.2500 1.2500 1.9036 3.4092 
5.0000 45.0000 2.0000 2.0000 1.0000 -2.3950 8 1.0000 1.0000 3.3020 4.0000 -4.0000 -8.0000 12.0000 0.0000 8.0000 0.2500 0.2500 0.2500 0.2500 0.2500 1.2500 1.7507 3.2592 
5.0000 15.0000 2.0000 -2.0000 1.0000 -7.1850 8 1.0000 1.0000 0.9190 -12.0000 -4.0000 4.0000 -8.0000 8.0000 0.0000 0.2500 0.2500 0.2500 0.2500 0.2500 1.2500 1.9100 3.4092 
5.0000 14.0000 2.0000 -4.0000 0.0000 7.1850 NR 0.0000 0.0000 0.0000 6.0000 -6.0000 -14.0000 -2.0000 -10.0000 2.0000 0.1603 0.3762 0.2076 0.3459 0.1597 1.2497 1.7837 3.2923 
5.0000 1.0000 2.0000 -4.0000 1.0000 -7.1850 8 1.0000 1.0000 1.3690 6.0000 -2.0000 -14.0000 2.0000 -10.0000 -6.0000 0.2500 0.2500 0.2500 0.2500 0.2500 1.2500 1.9117 3.4092 
5.0000 44.0000 2.0000 2.0000 1.0000 -4.7900 8 1.0000 1.0000 2.3730 8.0000 0.0000 -4.0000 4.0000 -8.0000 12.0000 0.2500 0.2500 0.2500 0.2500 0.2500 1.2500 1.9851 3.4760 
5.0000 57.0000 2.0000 4.0000 1.0000 -7.1850 8 1.0000 1.0000 1.9540 -2.0000 6.0000 14.0000 2.0000 10.0000 -6.0000 0.2500 0.2500 0.2500 0.2500 0.2500 1.2500 1.9854 3.4759 
5.0000 3.0000 2.0000 -4.0000 1.0000 -2.3950 8 1.0000 1.0000 1.5930 6.0000 -6.0000 -10.0000 -2.0000 -14.0000 2.0000 0.2500 0.2500 0.2500 0.2500 0.2500 1.2500 1.9218 3.4092 
5.0000 12.0000 2.0000 -4.0000 0.0000 2.3950 2 -1.0000 1.0000 4.1670 -14.0000 -2.0000 6.0000 -6.0000 2.0000 -10.0000 0.1543 0.3046 0.3711 0.1782 0.2428 1.2510 1.8505 3.3601 
5.0000 13.0000 2.0000 -4.0000 0.0000 4.7900 2 -1.0000 1.0000 1.6410 -10.0000 -2.0000 6.0000 -6.0000 2.0000 -14.0000 0.2340 0.1979 0.3659 0.2820 0.1611 1.2409 1.7992 3.3000 
5.0000 51.0000 2.0000 2.0000 0.0000 -4.7900 8 1.0000 1.0000 2.1780 12.0000 4.0000 -8.0000 8.0000 -4.0000 0.0000 0.3758 0.1536 0.1977 0.3276 0.2007 1.2554 1.9830 3.4982 
5.0000 6.0000 2.0000 -4.0000 1.0000 4.7900 2 -1.0000 1.0000 2.1490 -10.0000 2.0000 6.0000 -14.0000 -2.0000 -6.0000 0.2500 0.2500 0.2500 0.2500 0.2500 1.2500 1.9730 3.4759 
5.0000 35.0000 2.0000 0.0000 1.0000 7.1850 2 -1.0000 1.0000 1.0150 -10.0000 2.0000 6.0000 -2.0000 10.0000 -6.0000 0.2500 0.2500 0.2500 0.2500 0.2500 1.2500 1.8291 3.3258 
5.0000 5.0000 2.0000 -4.0000 1.0000 2.3950 2 -1.0000 1.0000 2.2140 -14.0000 -6.0000 2.0000 -10.0000 6.0000 -2.0000 0.2500 0.2500 0.2500 0.2500 0.2500 1.2500 1.8105 3.3091 
5.0000 70.0000 2.0000 4.0000 0.0000 7.1850 2 -1.0000 1.0000 1.0270 14.0000 6.0000 -2.0000 10.0000 -6.0000 2.0000 0.2884 0.3366 0.2171 0.2505 0.1602 1.2529 1.9076 3.4121 
5.0000 19.0000 2.0000 -2.0000 1.0000 2.3950 2 -1.0000 1.0000 1.3970 8.0000 0.0000 -12.0000 4.0000 -8.0000 -4.0000 0.2500 0.2500 0.2500 0.2500 0.2500 1.2500 1.9558 3.4593 
5.0000 61.0000 2.0000 4.0000 1.0000 2.3950 2 -1.0000 1.0000 1.9840 2.0000 10.0000 14.0000 -6.0000 6.0000 -2.0000 0.2500 0.2500 0.2500 0.2500 0.2500 1.2500 1.8393 3.3426 
5.0000 2.0000 2.0000 -4.0000 1.0000 -4.7900 8 1.0000 1.0000 1.9840 6.0000 -6.0000 -10.0000 -2.0000 -14.0000 2.0000 0.2500 0.2500 0.2500 0.2500 0.2500 1.2500 1.8492 3.3425 
5.0000 54.0000 2.0000 2.0000 0.0000 2.3950 2 -1.0000 1.0000 3.9820 8.0000 0.0000 -4.0000 4.0000 -8.0000 12.0000 0.1687 0.2423 0.1849 0.3846 0.2614 1.2419 1.9253 3.4177 
5.0000 42.0000 2.0000 0.0000 0.0000 7.1850 2 -1.0000 1.0000 1.7590 -10.0000 2.0000 10.0000 -2.0000 6.0000 -6.0000 0.1803 0.2294 0.3566 0.3166 0.1745 1.2574 1.9572 3.4668 
5.0000 29.0000 2.0000 0.0000 1.0000 -7.1850 8 1.0000 1.0000 3.9930 10.0000 2.0000 -10.0000 6.0000 -6.0000 -2.0000 0.2500 0.2500 0.2500 0.2500 0.2500 1.2500 1.8190 3.3259 
5.0000 36.0000 2.0000 0.0000 0.0000 -7.1850 8 1.0000 1.0000 1.0110 10.0000 -2.0000 -10.0000 2.0000 -6.0000 6.0000 0.3269 0.1871 0.2573 0.1657 0.3155 1.2525 1.9888 3.4951 
5.0000 59.0000 2.0000 4.0000 1.0000 -2.3950 8 1.0000 1.0000 3.5570 -6.0000 2.0000 10.0000 -2.0000 14.0000 6.0000 0.2500 0.2500 0.2500 0.2500 0.2500 1.2500 1.9835 3.4927 
5.0000 25.0000 2.0000 -2.0000 0.0000 0.0000 8 1.0000 0.0000 2.2780 -8.0000 4.0000 8.0000 -12.0000 0.0000 -4.0000 0.2255 0.3318 0.3056 0.1538 0.2329 1.2496 1.8134 3.3087 
5.0000 48.0000 2.0000 2.0000 1.0000 4.7900 2 -1.0000 1.0000 1.9880 12.0000 4.0000 -8.0000 8.0000 -4.0000 0.0000 0.2500 0.2500 0.2500 0.2500 0.2500 1.2500 1.7934 3.2926 
5.0000 18.0000 2.0000 -2.0000 1.0000 0.0000 2 -1.0000 0.0000 2.4650 -8.0000 0.0000 4.0000 -4.0000 8.0000 -12.0000 0.2500 0.2500 0.2500 0.2500 0.2500 1.2500 1.7736 3.2758 
5.0000 32.0000 2.0000 0.0000 1.0000 0.0000 2 -1.0000 0.0000 2.5920 -10.0000 -2.0000 6.0000 -6.0000 10.0000 2.0000 0.2500 0.2500 0.2500 0.2500 0.2500 1.2500 1.9830 3.4761 
5.0000 11.0000 2.0000 -4.0000 0.0000 0.0000 8 1.0000 0.0000 1.4590 2.0000 -10.0000 -14.0000 6.0000 -6.0000 -2.0000 0.1949 0.2412 0.2021 0.2656 0.3408 1.2445 1.7667 3.2705 
5.0000 22.0000 2.0000 -2.0000 0.0000 -7.1850 8 1.0000 1.0000 0.8690 -8.0000 0.0000 8.0000 -4.0000 4.0000 -12.0000 0.2679 0.3291 0.2754 0.2240 0.1617 1.2582 1.9185 3.4341 
5.0000 23.0000 2.0000 -2.0000 0.0000 -4.7900 8 1.0000 1.0000 0.8120 4.0000 -8.0000 -12.0000 8.0000 -4.0000 0.0000 0.3094 0.2744 0.2367 0.1805 0.2458 1.2468 1.8352 3.3393 
5.0000 62.0000 2.0000 4.0000 1.0000 4.7900 2 -1.0000 1.0000 1.6530 10.0000 2.0000 -2.0000 6.0000 -6.0000 14.0000 0.2500 0.2500 0.2500 0.2500 0.2500 1.2500 1.9695 3.4758 
5.0000 46.0000 2.0000 2.0000 1.0000 0.0000 2 -1.0000 0.0000 1.4860 8.0000 0.0000 -4.0000 4.0000 -8.0000 12.0000 0.2500 0.2500 0.2500 0.2500 0.2500 1.2500 1.8109 3.3093 
5.0000 9.0000 2.0000 -4.0000 0.0000 -4.7900 8 1.0000 1.0000 1.4190 6.0000 -6.0000 -10.0000 -2.0000 -14.0000 2.0000 0.2797 0.3938 0.1765 0.2338 0.1710 1.2549 1.7504 3.2641 
5.0000 55.0000 2.0000 2.0000 0.0000 4.7900 2 -1.0000 1.0000 2.5830 -8.0000 4.0000 8.0000 0.0000 12.0000 -4.0000 0.2273 0.2682 0.1871 0.2185 0.3396 1.2407 1.7570 3.2499 
5.0000 37.0000 2.0000 0.0000 0.0000 -4.7900 8 1.0000 1.0000 1.3940 10.0000 2.0000 -10.0000 6.0000 -6.0000 -2.0000 0.2424 0.3943 0.1679 0.2068 0.2441 1.2554 1.9736 3.4812 
5.0000 65.0000 2.0000 4.0000 0.0000 -4.7900 8 1.0000 1.0000 1.1490 14.0000 2.0000 -6.0000 6.0000 -2.0000 10.0000 0.2006 0.1701 0.3264 0.2618 0.2868 1.2458 1.9823 3.4717 
5.0000 16.0000 2.0000 -2.0000 1.0000 -4.7900 8 1.0000 1.0000 0.5760 -8.0000 4.0000 8.0000 -12.0000 0.0000 -4.0000 0.2500 0.2500 0.2500 0.2500 0.2500 1.2500 1.8845 3.3759 
5.0000 7.0000 2.0000 -4.0000 1.0000 7.1850 2 -1.0000 1.0000 1.2490 -10.0000 2.0000 6.0000 -14.0000 -2.0000 -6.0000 0.2500 0.2500 0.2500 0.2500 0.2500 1.2500 1.8492 3.3426 
5.0000 66.0000 2.0000 4.0000 0.0000 -2.3950 8 1.0000 1.0000 2.2790 14.0000 6.0000 -2.0000 10.0000 -6.0000 2.0000 0.2448 0.1717 0.2655 0.2139 0.3489 1.2448 1.8359 3.3207 
5.0000 41.0000 2.0000 0.0000 0.0000 4.7900 2 -1.0000 1.0000 1.4050 -10.0000 2.0000 10.0000 -2.0000 6.0000 -6.0000 0.3205 0.1702 0.2304 0.3217 0.2096 1.2525 1.9776 3.4950 
5.0000 39.0000 2.0000 0.0000 0.0000 0.0000 2 -1.0000 0.0000 2.0670 -10.0000 2.0000 6.0000 -2.0000 10.0000 -6.0000 0.1623 0.3261 0.1626 0.3581 0.2481 1.2572 1.8682 3.3830 
5.0000 33.0000 2.0000 0.0000 1.0000 2.3950 2 -1.0000 1.0000 2.9660 -6.0000 2.0000 10.0000 -2.0000 6.0000 -10.0000 0.2500 0.2500 0.2500 0.2500 0.2500 1.2500 1.8921 3.3926 
5.0000 10.0000 2.0000 -4.0000 0.0000 -2.3950 8 1.0000 1.0000 4.8100 6.0000 -2.0000 -14.0000 2.0000 -10.0000 -6.0000 0.1663 0.3970 0.2218 0.1788 0.2932 1.2571 1.9820 3.4831 
5.0000 26.0000 2.0000 -2.0000 0.0000 2.3950 2 -1.0000 1.0000 2.7530 8.0000 0.0000 -12.0000 4.0000 -8.0000 -4.0000 0.1895 0.1625 0.3604 0.1635 0.3763 1.2522 1.8045 3.3114 
5.0000 17.0000 3.0000 -2.0000 1.0000 -2.3950 8 1.0000 1.0000 0.9530 -8.0000 4.0000 8.0000 -12.0000 0.0000 -4.0000 0.2500 0.2500 0.2500 0.2500 0.2500 1.2500 1.7743 3.2758 
5.0000 18.0000 3.0000 -2.0000 1.0000 0.0000 8 1.0000 0.0000 0.6750 -12.0000 -4.0000 8.0000 -8.0000 4.0000 0.0000 0.2500 0.2500 0.2500 0.2500 0.2500 1.2500 1.7998 3.3091 
5.0000 34.0000 3.0000 0.0000 1.0000 4.7900 2 -1.0000 1.0000 1.0120 -6.0000 6.0000 10.0000 -10.0000 2.0000 -2.0000 0.2500 0.2500 0.2500 0.2500 0.2500 1.2500 1.7795 3.2924 
5.0000 50.0000 3.0000 2.0000 0.0000 -7.1850 8 1.0000 1.0000 1.7960 -8.0000 4.0000 12.0000 0.0000 8.0000 -4.0000 0.3623 0.2198 0.3022 0.2044 0.1583 1.2470 1.7921 3.2896 
5.0000 6.0000 3.0000 -4.0000 1.0000 4.7900 2 -1.0000 1.0000 1.1560 -10.0000 -2.0000 6.0000 -6.0000 2.0000 -14.0000 0.2500 0.2500 0.2500 0.2500 0.2500 1.2500 1.8861 3.3926 
5.0000 55.0000 3.0000 2.0000 0.0000 4.7900 2 -1.0000 1.0000 2.6150 8.0000 0.0000 -8.0000 4.0000 -4.0000 12.0000 0.2885 0.2446 0.2182 0.3348 0.1661 1.2522 1.9925 3.4949 
5.0000 20.0000 3.0000 -2.0000 1.0000 4.7900 2 -1.0000 1.0000 3.0250 4.0000 -4.0000 -8.0000 0.0000 -12.0000 8.0000 0.2500 0.2500 0.2500 0.2500 0.2500 1.2500 1.9818 3.4759 
5.0000 69.0000 3.0000 4.0000 0.0000 4.7900 2 -1.0000 1.0000 1.3270 -6.0000 2.0000 14.0000 -2.0000 10.0000 6.0000 0.3575 0.1652 0.3313 0.1644 0.2334 1.2518 1.8384 3.3443 
5.0000 4.0000 3.0000 -4.0000 1.0000 0.0000 8 1.0000 0.0000 1.1890 -14.0000 -6.0000 2.0000 -10.0000 6.0000 -2.0000 0.2500 0.2500 0.2500 0.2500 0.2500 1.2500 1.7915 3.2926 
5.0000 28.0000 3.0000 -2.0000 0.0000 7.1850 2 -1.0000 1.0000 1.9000 8.0000 0.0000 -12.0000 4.0000 -8.0000 -4.0000 0.2094 0.2902 0.2021 0.3230 0.2306 1.2553 1.8752 3.3813 
5.0000 42.0000 3.0000 0.0000 0.0000 7.1850 2 -1.0000 1.0000 1.8320 6.0000 -2.0000 -6.0000 2.0000 -10.0000 10.0000 0.2563 0.1531 0.2125 0.2824 0.3463 1.2506 1.9186 3.4096 
5.0000 9.0000 3.0000 -4.0000 0.0000 -4.7900 8 1.0000 1.0000 1.2610 -6.0000 2.0000 6.0000 -14.0000 -2.0000 -10.0000 0.1819 0.3751 0.2250 0.2792 0.1929 1.2540 1.9982 3.5131 
5.0000 13.0000 3.0000 -4.0000 0.0000 4.7900 2 -1.0000 1.0000 1.8450 6.0000 -6.0000 -10.0000 -2.0000 -14.0000 2.0000 0.3013 0.3385 0.1934 0.2518 0.1704 1.2554 1.9904 3.4979 
5.0000 29.0000 3.0000 0.0000 1.0000 -7.1850 8 1.0000 1.0000 1.3000 6.0000 -2.0000 -6.0000 2.0000 -10.0000 10.0000 0.2500 0.2500 0.2500 0.2500 0.2500 1.2500 1.9685 3.4758 
5.0000 65.0000 3.0000 4.0000 0.0000 -4.7900 8 1.0000 1.0000 2.3310 10.0000 2.0000 -6.0000 6.0000 -2.0000 14.0000 0.1700 0.2570 0.1725 0.3465 0.2991 1.2451 1.9567 3.4544 
5.0000 61.0000 3.0000 4.0000 1.0000 2.3950 8 1.0000 0.0000 2.2740 10.0000 2.0000 -2.0000 6.0000 -6.0000 14.0000 0.2500 0.2500 0.2500 0.2500 0.2500 1.2500 1.7779 3.2759 
5.0000 66.0000 3.0000 4.0000 0.0000 -2.3950 8 1.0000 1.0000 1.1500 10.0000 -2.0000 -6.0000 14.0000 2.0000 6.0000 0.3126 0.1732 0.2087 0.2501 0.2963 1.2409 1.8647 3.3501 
5.0000 26.0000 3.0000 -2.0000 0.0000 2.3950 8 1.0000 0.0000 2.0360 8.0000 0.0000 -12.0000 4.0000 -8.0000 -4.0000 0.1550 0.3659 0.1977 0.3549 0.1797 1.2532 1.7630 3.2623 
5.0000 53.0000 3.0000 2.0000 0.0000 0.0000 2 -1.0000 0.0000 1.3140 -4.0000 4.0000 8.0000 0.0000 12.0000 -8.0000 0.3000 0.1871 0.2562 0.1756 0.3217 1.2406 1.8843 3.3665 
5.0000 24.0000 3.0000 -2.0000 0.0000 -2.3950 8 1.0000 1.0000 1.9560 8.0000 -4.0000 -8.0000 0.0000 -12.0000 4.0000 0.2432 0.1861 0.2387 0.3144 0.2603 1.2428 1.7512 3.2353 
5.0000 49.0000 3.0000 2.0000 1.0000 7.1850 2 -1.0000 1.0000 3.0570 0.0000 8.0000 12.0000 -8.0000 4.0000 -4.0000 0.2500 0.2500 0.2500 0.2500 0.2500 1.2500 1.9507 3.4425 
5.0000 30.0000 3.0000 0.0000 1.0000 -4.7900 8 1.0000 1.0000 1.7360 -6.0000 2.0000 6.0000 -2.0000 10.0000 -10.0000 0.2500 0.2500 0.2500 0.2500 0.2500 1.2500 1.7733 3.2759 
5.0000 10.0000 3.0000 -4.0000 0.0000 -2.3950 8 1.0000 1.0000 0.9310 6.0000 -6.0000 -10.0000 -2.0000 -14.0000 2.0000 0.2126 0.3297 0.1834 0.3060 0.2282 1.2599 1.7758 3.2858 
5.0000 39.0000 3.0000 0.0000 0.0000 0.0000 8 1.0000 0.0000 1.9510 -6.0000 6.0000 10.0000 -10.0000 2.0000 -2.0000 0.1528 0.3137 0.2317 0.3498 0.1978 1.2457 1.8428 3.3383 
5.0000 23.0000 3.0000 -2.0000 0.0000 -4.7900 8 1.0000 1.0000 0.9270 -12.0000 0.0000 8.0000 -4.0000 4.0000 -8.0000 0.1601 0.3817 0.2210 0.1813 0.3087 1.2528 1.9066 3.4120 
5.0000 19.0000 3.0000 -2.0000 1.0000 2.3950 2 -1.0000 1.0000 1.9400 -8.0000 0.0000 8.0000 -4.0000 4.0000 -12.0000 0.2500 0.2500 0.2500 0.2500 0.2500 1.2500 1.9685 3.4758 
5.0000 57.0000 3.0000 4.0000 1.0000 -7.1850 2 -1.0000 0.0000 3.2240 14.0000 6.0000 -6.0000 10.0000 -2.0000 2.0000 0.2500 0.2500 0.2500 0.2500 0.2500 1.2500 1.7845 3.2925 
5.0000 21.0000 3.0000 -2.0000 1.0000 7.1850 2 -1.0000 1.0000 1.1010 -8.0000 4.0000 8.0000 -12.0000 0.0000 -4.0000 0.2500 0.2500 0.2500 0.2500 0.2500 1.2500 1.9113 3.4092 
5.0000 60.0000 3.0000 4.0000 1.0000 0.0000 2 -1.0000 0.0000 2.2840 14.0000 2.0000 -6.0000 6.0000 -2.0000 10.0000 0.2500 0.2500 0.2500 0.2500 0.2500 1.2500 1.9708 3.4592 
5.0000 3.0000 3.0000 -4.0000 1.0000 -2.3950 8 1.0000 1.0000 0.9610 2.0000 -6.0000 -14.0000 -2.0000 -10.0000 6.0000 0.2500 0.2500 0.2500 0.2500 0.2500 1.2500 1.8243 3.3259 
5.0000 64.0000 3.0000 4.0000 0.0000 -7.1850 8 1.0000 1.0000 1.5570 10.0000 2.0000 -2.0000 6.0000 -6.0000 14.0000 0.1992 0.2985 0.2298 0.1807 0.3356 1.2437 1.8291 3.3196 
5.0000 36.0000 3.0000 0.0000 0.0000 -7.1850 8 1.0000 1.0000 1.2930 10.0000 -2.0000 -6.0000 2.0000 -10.0000 6.0000 0.2120 0.2845 0.2023 0.3474 0.2007 1.2468 1.8725 3.3728 
5.0000 22.0000 3.0000 -2.0000 0.0000 -7.1850 8 1.0000 1.0000 0.9570 -12.0000 0.0000 4.0000 -4.0000 8.0000 -8.0000 0.2568 0.1907 0.3467 0.2794 0.1805 1.2542 1.9441 3.4633 
5.0000 40.0000 3.0000 0.0000 0.0000 2.3950 2 -1.0000 1.0000 2.8590 -10.0000 -2.0000 10.0000 -6.0000 6.0000 2.0000 0.1795 0.2107 0.1622 0.3792 0.3202 1.2517 1.8825 3.3944 
5.0000 33.0000 3.0000 0.0000 1.0000 2.3950 2 -1.0000 1.0000 1.2970 -6.0000 2.0000 10.0000 -2.0000 6.0000 -10.0000 0.2500 0.2500 0.2500 0.2500 0.2500 1.2500 1.8200 3.3258 
5.0000 51.0000 3.0000 2.0000 0.0000 -4.7900 8 1.0000 1.0000 1.7700 8.0000 0.0000 -8.0000 4.0000 -4.0000 12.0000 0.3243 0.2226 0.2979 0.2471 0.1535 1.2453 1.9127 3.4046 
5.0000 58.0000 3.0000 4.0000 1.0000 -4.7900 8 1.0000 1.0000 0.7550 14.0000 2.0000 -6.0000 6.0000 -2.0000 10.0000 0.2500 0.2500 0.2500 0.2500 0.2500 1.2500 1.8514 3.3593 
5.0000 44.0000 3.0000 2.0000 1.0000 -4.7900 8 1.0000 1.0000 0.4510 12.0000 0.0000 -4.0000 4.0000 -8.0000 8.0000 0.2500 0.2500 0.2500 0.2500 0.2500 1.2500 1.9175 3.4091 
5.0000 63.0000 3.0000 4.0000 1.0000 7.1850 2 -1.0000 1.0000 1.9140 6.0000 -2.0000 -6.0000 14.0000 2.0000 10.0000 0.2500 0.2500 0.2500 0.2500 0.2500 1.2500 1.8339 3.3259 
5.0000 32.0000 3.0000 0.0000 1.0000 0.0000 8 1.0000 0.0000 2.9760 6.0000 -2.0000 -10.0000 2.0000 -6.0000 10.0000 0.2500 0.2500 0.2500 0.2500 0.2500 1.2500 1.7946 3.2925 
5.0000 38.0000 3.0000 0.0000 0.0000 -2.3950 8 1.0000 1.0000 1.7060 6.0000 -2.0000 -10.0000 2.0000 -6.0000 10.0000 0.1801 0.3860 0.2234 0.1679 0.2906 1.2480 1.8142 3.3072 
5.0000 56.0000 3.0000 2.0000 0.0000 7.1850 2 -1.0000 1.0000 1.9800 12.0000 4.0000 -8.0000 8.0000 -4.0000 0.0000 0.2145 0.2920 0.2079 0.1544 0.3747 1.2435 1.8958 3.3860 
5.0000 62.0000 3.0000 4.0000 1.0000 4.7900 2 -1.0000 1.0000 1.3510 14.0000 6.0000 -6.0000 10.0000 -2.0000 2.0000 0.2500 0.2500 0.2500 0.2500 0.2500 1.2500 1.7724 3.2758 
5.0000 45.0000 3.0000 2.0000 1.0000 -2.3950 2 -1.0000 0.0000 3.0610 -4.0000 4.0000 12.0000 0.0000 8.0000 -8.0000 0.2500 0.2500 0.2500 0.2500 0.2500 1.2500 1.9503 3.4592 
5.0000 67.0000 3.0000 4.0000 0.0000 0.0000 8 1.0000 0.0000 2.8160 14.0000 2.0000 -2.0000 6.0000 -6.0000 10.0000 0.3385 0.1653 0.3632 0.1569 0.2356 1.2595 1.8658 3.3852 
5.0000 27.0000 3.0000 -2.0000 0.0000 4.7900 8 1.0000 0.0000 3.3380 8.0000 0.0000 -8.0000 4.0000 -12.0000 -4.0000 0.2584 0.2317 0.1853 0.2312 0.3366 1.2431 1.9519 3.4523 
5.0000 68.0000 3.0000 4.0000 0.0000 2.3950 2 -1.0000 1.0000 1.7820 14.0000 6.0000 -6.0000 10.0000 -2.0000 2.0000 0.1749 0.2259 0.3102 0.2123 0.3253 1.2487 1.7967 3.2912 
5.0000 12.0000 3.0000 -4.0000 0.0000 2.3950 8 1.0000 0.0000 3.8610 -14.0000 -6.0000 2.0000 -10.0000 6.0000 -2.0000 0.1500 0.3869 0.1826 0.2501 0.2891 1.2587 1.8771 3.3845 
5.0000 1.0000 3.0000 -4.0000 1.0000 -7.1850 8 1.0000 1.0000 1.1560 6.0000 -6.0000 -14.0000 -2.0000 -10.0000 2.0000 0.2500 0.2500 0.2500 0.2500 0.2500 1.2500 1.7652 3.2592 
5.0000 59.0000 3.0000 4.0000 1.0000 -2.3950 8 1.0000 1.0000 2.1010 10.0000 -2.0000 -6.0000 14.0000 2.0000 6.0000 0.2500 0.2500 0.2500 0.2500 0.2500 1.2500 1.8555 3.3592 
5.0000 11.0000 3.0000 -4.0000 0.0000 0.0000 2 -1.0000 0.0000 4.4920 -10.0000 2.0000 6.0000 -14.0000 -2.0000 -6.0000 0.2343 0.1772 0.2546 0.3386 0.2496 1.2543 1.8002 3.2969 
5.0000 5.0000 3.0000 -4.0000 1.0000 2.3950 2 -1.0000 1.0000 3.1890 -14.0000 -6.0000 6.0000 -10.0000 2.0000 -2.0000 0.2500 0.2500 0.2500 0.2500 0.2500 1.2500 1.8739 3.3759 
5.0000 15.0000 3.0000 -2.0000 1.0000 -7.1850 8 1.0000 1.0000 1.3020 8.0000 0.0000 -12.0000 4.0000 -8.0000 -4.0000 0.2500 0.2500 0.2500 0.2500 0.2500 1.2500 1.7824 3.2925 
5.0000 46.0000 3.0000 2.0000 1.0000 0.0000 8 1.0000 0.0000 2.3290 8.0000 -4.0000 -8.0000 12.0000 0.0000 4.0000 0.2500 0.2500 0.2500 0.2500 0.2500 1.2500 1.8855 3.3926 
5.0000 35.0000 3.0000 0.0000 1.0000 7.1850 2 -1.0000 1.0000 1.4580 10.0000 -2.0000 -10.0000 2.0000 -6.0000 6.0000 0.2500 0.2500 0.2500 0.2500 0.2500 1.2500 1.8655 3.3759 
5.0000 70.0000 3.0000 4.0000 0.0000 7.1850 2 -1.0000 1.0000 0.7200 -6.0000 6.0000 10.0000 2.0000 14.0000 -2.0000 0.1935 0.3010 0.3481 0.2496 0.1536 1.2458 1.8641 3.3550 
5.0000 54.0000 3.0000 2.0000 0.0000 2.3950 8 1.0000 0.0000 4.8180 12.0000 0.0000 -8.0000 4.0000 -4.0000 8.0000 0.3493 0.1854 0.2247 0.3087 0.1803 1.2485 1.8361 3.3409 
5.0000 8.0000 3.0000 -4.0000 0.0000 -7.1850 8 1.0000 1.0000 0.7870 -10.0000 -2.0000 2.0000 -6.0000 6.0000 -14.0000 0.3645 0.1562 0.3129 0.2435 0.1668 1.2439 1.7828 3.2697 
5.0000 41.0000 3.0000 0.0000 0.0000 4.7900 2 -1.0000 1.0000 1.9750 -2.0000 6.0000 10.0000 -10.0000 2.0000 -6.0000 0.1746 0.3352 0.2430 0.3543 0.1526 1.2597 1.8178 3.3189 
5.0000 31.0000 3.0000 0.0000 1.0000 -2.3950 8 1.0000 1.0000 1.8090 6.0000 -2.0000 -10.0000 2.0000 -6.0000 10.0000 0.2500 0.2500 0.2500 0.2500 0.2500 1.2500 1.9952 3.4927 
5.0000 16.0000 3.0000 -2.0000 1.0000 -4.7900 8 1.0000 1.0000 0.8150 8.0000 0.0000 -12.0000 4.0000 -8.0000 -4.0000 0.2500 0.2500 0.2500 0.2500 0.2500 1.2500 1.9362 3.4258 
5.0000 47.0000 3.0000 2.0000 1.0000 2.3950 2 -1.0000 1.0000 1.7830 4.0000 -4.0000 -8.0000 12.0000 0.0000 8.0000 0.2500 0.2500 0.2500 0.2500 0.2500 1.2500 1.9840 3.4925 
5.0000 7.0000 3.0000 -4.0000 1.0000 7.1850 2 -1.0000 1.0000 1.1370 6.0000 -2.0000 -14.0000 2.0000 -10.0000 -6.0000 0.2500 0.2500 0.2500 0.2500 0.2500 1.2500 1.7866 3.2925 
5.0000 14.0000 3.0000 -4.0000 0.0000 7.1850 2 -1.0000 1.0000 2.1120 2.0000 -6.0000 -14.0000 -2.0000 -10.0000 6.0000 0.1840 0.3617 0.2145 0.3248 0.1572 1.2422 1.7584 3.2514 
5.0000 2.0000 3.0000 -4.0000 1.0000 -4.7900 8 1.0000 1.0000 1.6010 2.0000 -10.0000 -14.0000 6.0000 -6.0000 -2.0000 0.2500 0.2500 0.2500 0.2500 0.2500 1.2500 1.8754 3.3758 
5.0000 25.0000 3.0000 -2.0000 0.0000 0.0000 8 1.0000 0.0000 0.8590 -4.0000 4.0000 8.0000 -12.0000 0.0000 -8.0000 0.2452 0.1986 0.3863 0.1620 0.2487 1.2408 1.8485 3.3333 
5.0000 48.0000 3.0000 2.0000 1.0000 4.7900 2 -1.0000 1.0000 1.4660 12.0000 0.0000 -4.0000 4.0000 -8.0000 8.0000 0.2500 0.2500 0.2500 0.2500 0.2500 1.2500 1.7820 3.2758 
5.0000 52.0000 3.0000 2.0000 0.0000 -2.3950 8 1.0000 1.0000 2.4410 -4.0000 8.0000 12.0000 -8.0000 4.0000 0.0000 0.2358 0.1605 0.3002 0.1707 0.3799 1.2472 1.8233 3.3231 
5.0000 43.0000 3.0000 2.0000 1.0000 -7.1850 8 1.0000 1.0000 1.8330 -8.0000 0.0000 12.0000 -4.0000 8.0000 4.0000 0.2500 0.2500 0.2500 0.2500 0.2500 1.2500 1.9615 3.4592 
5.0000 37.0000 3.0000 0.0000 0.0000 -4.7900 8 1.0000 1.0000 0.7190 -6.0000 6.0000 10.0000 -10.0000 2.0000 -2.0000 0.2018 0.1675 0.2465 0.3571 0.2692 1.2422 1.9033 3.3848 
5.0000 53.0000 4.0000 2.0000 0.0000 0.0000 2 -1.0000 0.0000 2.6160 12.0000 0.0000 -8.0000 4.0000 -4.0000 8.0000 0.2514 0.3098 0.1500 0.2049 0.3360 1.2521 1.9113 3.4113 
5.0000 41.0000 4.0000 0.0000 0.0000 4.7900 2 -1.0000 1.0000 2.6420 6.0000 -6.0000 -10.0000 10.0000 -2.0000 2.0000 0.2783 0.3979 0.1504 0.2501 0.1736 1.2503 1.7900 3.2760 
5.0000 15.0000 4.0000 -2.0000 1.0000 -7.1850 8 1.0000 1.0000 0.9410 -12.0000 -4.0000 8.0000 -8.0000 4.0000 0.0000 0.2500 0.2500 0.2500 0.2500 0.2500 1.2500 1.9059 3.4092 
5.0000 28.0000 4.0000 -2.0000 0.0000 7.1850 2 -1.0000 1.0000 2.9560 8.0000 -4.0000 -8.0000 0.0000 -12.0000 4.0000 0.3043 0.2308 0.1745 0.2249 0.3070 1.2416 1.9231 3.4175 
5.0000 55.0000 4.0000 2.0000 0.0000 4.7900 2 -1.0000 1.0000 1.7480 8.0000 0.0000 -4.0000 4.0000 -8.0000 12.0000 0.1606 0.2500 0.3682 0.2104 0.2676 1.2568 1.8436 3.3493 
5.0000 24.0000 4.0000 -2.0000 0.0000 -2.3950 8 1.0000 1.0000 2.2190 4.0000 -8.0000 -12.0000 8.0000 -4.0000 0.0000 0.3821 0.1824 0.2420 0.1740 0.2745 1.2549 1.8915 3.3973 
5.0000 25.0000 4.0000 -2.0000 0.0000 0.0000 8 1.0000 0.0000 2.6980 -12.0000 -4.0000 8.0000 -8.0000 4.0000 0.0000 0.1765 0.2059 0.2681 0.2238 0.3659 1.2401 1.8871 3.3826 
5.0000 60.0000 4.0000 4.0000 1.0000 0.0000 2 -1.0000 0.0000 2.5900 14.0000 2.0000 -2.0000 6.0000 -6.0000 10.0000 0.2500 0.2500 0.2500 0.2500 0.2500 1.2500 1.8010 3.2926 
5.0000 27.0000 4.0000 -2.0000 0.0000 4.7900 2 -1.0000 1.0000 1.0850 -8.0000 0.0000 8.0000 -4.0000 4.0000 -12.0000 0.2820 0.2217 0.3410 0.2137 0.1884 1.2468 1.9078 3.4062 
5.0000 67.0000 4.0000 4.0000 0.0000 0.0000 2 -1.0000 0.0000 2.2960 6.0000 -2.0000 -6.0000 14.0000 2.0000 10.0000 0.1531 0.2602 0.3557 0.3022 0.1858 1.2570 1.9027 3.3995 
5.0000 56.0000 4.0000 2.0000 0.0000 7.1850 2 -1.0000 1.0000 2.8240 -8.0000 4.0000 12.0000 0.0000 8.0000 -4.0000 0.3163 0.2532 0.2250 0.2828 0.1754 1.2527 1.7662 3.2619 
5.0000 13.0000 4.0000 -4.0000 0.0000 4.7900 2 -1.0000 1.0000 3.6950 6.0000 -6.0000 -10.0000 -2.0000 -14.0000 2.0000 0.2070 0.1671 0.3456 0.2039 0.3170 1.2407 1.8001 3.2998 
5.0000 7.0000 4.0000 -4.0000 1.0000 7.1850 2 -1.0000 1.0000 1.0180 6.0000 -6.0000 -10.0000 -2.0000 -14.0000 2.0000 0.2500 0.2500 0.2500 0.2500 0.2500 1.2500 1.8243 3.3259 
5.0000 6.0000 4.0000 -4.0000 1.0000 4.7900 2 -1.0000 1.0000 1.3770 -10.0000 -2.0000 6.0000 -6.0000 2.0000 -14.0000 0.2500 0.2500 0.2500 0.2500 0.2500 1.2500 1.8808 3.3925 
5.0000 37.0000 4.0000 0.0000 0.0000 -4.7900 8 1.0000 1.0000 1.0270 -6.0000 6.0000 10.0000 -10.0000 2.0000 -2.0000 0.3514 0.1995 0.1510 0.3502 0.2013 1.2535 1.8211 3.3292 
5.0000 20.0000 4.0000 -2.0000 1.0000 4.7900 2 -1.0000 1.0000 1.8830 8.0000 -4.0000 -8.0000 0.0000 -12.0000 4.0000 0.2500 0.2500 0.2500 0.2500 0.2500 1.2500 1.7753 3.2759 
5.0000 30.0000 4.0000 0.0000 1.0000 -4.7900 8 1.0000 1.0000 1.6740 -2.0000 6.0000 10.0000 -10.0000 2.0000 -6.0000 0.2500 0.2500 0.2500 0.2500 0.2500 1.2500 1.7760 3.2759 
5.0000 2.0000 4.0000 -4.0000 1.0000 -4.7900 8 1.0000 1.0000 1.8590 2.0000 -6.0000 -14.0000 -2.0000 -10.0000 6.0000 0.2500 0.2500 0.2500 0.2500 0.2500 1.2500 1.9786 3.4759 
5.0000 26.0000 4.0000 -2.0000 0.0000 2.3950 8 1.0000 0.0000 3.3540 -4.0000 4.0000 8.0000 -12.0000 0.0000 -8.0000 0.1615 0.2001 0.3637 0.2223 0.2985 1.2462 1.8113 3.3053 
5.0000 66.0000 4.0000 4.0000 0.0000 -2.3950 2 -1.0000 0.0000 3.3760 -6.0000 6.0000 10.0000 2.0000 14.0000 -2.0000 0.2752 0.1916 0.2227 0.1891 0.3780 1.2566 1.9301 3.4325 
5.0000 4.0000 4.0000 -4.0000 1.0000 0.0000 8 1.0000 0.0000 0.9160 2.0000 -10.0000 -14.0000 6.0000 -6.0000 -2.0000 0.2500 0.2500 0.2500 0.2500 0.2500 1.2500 1.7652 3.2592 
5.0000 70.0000 4.0000 4.0000 0.0000 7.1850 2 -1.0000 1.0000 1.1660 -6.0000 6.0000 14.0000 2.0000 10.0000 -2.0000 0.2347 0.2738 0.2424 0.3092 0.1878 1.2480 1.8868 3.3905 
5.0000 42.0000 4.0000 0.0000 0.0000 7.1850 2 -1.0000 1.0000 1.5520 -10.0000 -2.0000 10.0000 -6.0000 6.0000 2.0000 0.2545 0.3764 0.1597 0.2106 0.2587 1.2600 1.7981 3.3192 
5.0000 57.0000 4.0000 4.0000 1.0000 -7.1850 8 1.0000 1.0000 2.0470 14.0000 6.0000 -2.0000 10.0000 -6.0000 2.0000 0.2500 0.2500 0.2500 0.2500 0.2500 1.2500 1.9659 3.4760 
5.0000 16.0000 4.0000 -2.0000 1.0000 -4.7900 8 1.0000 1.0000 1.4250 -8.0000 0.0000 8.0000 -4.0000 4.0000 -12.0000 0.2500 0.2500 0.2500 0.2500 0.2500 1.2500 1.8650 3.3759 
5.0000 40.0000 4.0000 0.0000 0.0000 2.3950 8 1.0000 0.0000 3.1220 6.0000 -2.0000 -6.0000 2.0000 -10.0000 10.0000 0.1889 0.1502 0.3108 0.2652 0.3409 1.2559 1.7677 3.2818 
5.0000 64.0000 4.0000 4.0000 0.0000 -7.1850 8 1.0000 1.0000 0.5680 -6.0000 2.0000 10.0000 -2.0000 14.0000 6.0000 0.2930 0.2572 0.2204 0.1954 0.2842 1.2501 1.9929 3.4929 
5.0000 8.0000 4.0000 -4.0000 0.0000 -7.1850 8 1.0000 1.0000 0.9000 -10.0000 -2.0000 2.0000 -6.0000 6.0000 -14.0000 0.2465 0.3668 0.1767 0.2505 0.2185 1.2591 1.7576 3.2681 
5.0000 68.0000 4.0000 4.0000 0.0000 2.3950 2 -1.0000 1.0000 2.1570 -6.0000 2.0000 10.0000 -2.0000 14.0000 6.0000 0.2270 0.1523 0.3355 0.2885 0.2499 1.2533 1.9348 3.4293 
5.0000 36.0000 4.0000 0.0000 0.0000 -7.1850 2 -1.0000 0.0000 2.2530 -6.0000 6.0000 10.0000 -10.0000 2.0000 -2.0000 0.2933 0.2217 0.2916 0.1879 0.2561 1.2505 1.9055 3.4099 
5.0000 9.0000 4.0000 -4.0000 0.0000 -4.7900 8 1.0000 1.0000 1.4080 6.0000 -6.0000 -14.0000 -2.0000 -10.0000 2.0000 0.2679 0.3295 0.1632 0.3349 0.1536 1.2493 1.9000 3.3918 
5.0000 12.0000 4.0000 -4.0000 0.0000 2.3950 2 -1.0000 1.0000 3.7240 6.0000 -2.0000 -14.0000 2.0000 -10.0000 -6.0000 0.2446 0.1512 0.2223 0.3451 0.2854 1.2486 1.9866 3.4746 
5.0000 14.0000 4.0000 -4.0000 0.0000 7.1850 2 -1.0000 1.0000 1.5340 6.0000 -2.0000 -10.0000 2.0000 -14.0000 -6.0000 0.2587 0.1703 0.3888 0.2413 0.1930 1.2521 1.7872 3.2945 
5.0000 49.0000 4.0000 2.0000 1.0000 7.1850 2 -1.0000 1.0000 0.6350 -4.0000 8.0000 12.0000 -8.0000 4.0000 0.0000 0.2500 0.2500 0.2500 0.2500 0.2500 1.2500 1.8407 3.3426 
5.0000 35.0000 4.0000 0.0000 1.0000 7.1850 2 -1.0000 1.0000 0.5940 6.0000 -6.0000 -10.0000 10.0000 -2.0000 2.0000 0.2500 0.2500 0.2500 0.2500 0.2500 1.2500 1.7844 3.2926 
5.0000 10.0000 4.0000 -4.0000 0.0000 -2.3950 8 1.0000 1.0000 1.6840 2.0000 -6.0000 -10.0000 -2.0000 -14.0000 6.0000 0.2110 0.3691 0.2066 0.2789 0.1785 1.2442 1.8636 3.3534 
5.0000 33.0000 4.0000 0.0000 1.0000 2.3950 2 -1.0000 1.0000 3.5840 -6.0000 2.0000 6.0000 -2.0000 10.0000 -10.0000 0.2500 0.2500 0.2500 0.2500 0.2500 1.2500 1.8461 3.3425 
5.0000 54.0000 4.0000 2.0000 0.0000 2.3950 2 -1.0000 1.0000 2.3870 12.0000 4.0000 -4.0000 8.0000 -8.0000 0.0000 0.1979 0.3125 0.2564 0.3254 0.1663 1.2585 1.9054 3.4178 
5.0000 38.0000 4.0000 0.0000 0.0000 -2.3950 2 -1.0000 0.0000 0.9600 -10.0000 2.0000 6.0000 -2.0000 10.0000 -6.0000 0.3469 0.1653 0.3539 0.2159 0.1613 1.2433 1.9237 3.4193 
5.0000 58.0000 4.0000 4.0000 1.0000 -4.7900 8 1.0000 1.0000 2.4030 -6.0000 6.0000 14.0000 2.0000 10.0000 -2.0000 0.2500 0.2500 0.2500 0.2500 0.2500 1.2500 1.8761 3.3759 
5.0000 61.0000 4.0000 4.0000 1.0000 2.3950 2 -1.0000 1.0000 1.5880 14.0000 6.0000 -2.0000 10.0000 -6.0000 2.0000 0.2500 0.2500 0.2500 0.2500 0.2500 1.2500 1.7845 3.2758 
5.0000 23.0000 4.0000 -2.0000 0.0000 -4.7900 8 1.0000 1.0000 1.5220 4.0000 -4.0000 -12.0000 0.0000 -8.0000 8.0000 0.2135 0.1576 0.2751 0.3448 0.2614 1.2525 1.9422 3.4450 
5.0000 39.0000 4.0000 0.0000 0.0000 0.0000 2 -1.0000 0.0000 2.6200 -6.0000 2.0000 6.0000 -2.0000 10.0000 -10.0000 0.1935 0.2720 0.1526 0.3770 0.2618 1.2569 1.9858 3.4996 
5.0000 69.0000 4.0000 4.0000 0.0000 4.7900 2 -1.0000 1.0000 2.3070 -6.0000 6.0000 10.0000 2.0000 14.0000 -2.0000 0.1807 0.3493 0.2194 0.2768 0.2241 1.2503 1.8686 3.3763 
5.0000 63.0000 4.0000 4.0000 1.0000 7.1850 2 -1.0000 1.0000 0.7260 14.0000 6.0000 -6.0000 10.0000 -2.0000 2.0000 0.2500 0.2500 0.2500 0.2500 0.2500 1.2500 1.8239 3.3260 
5.0000 19.0000 4.0000 -2.0000 1.0000 2.3950 2 -1.0000 1.0000 1.1360 8.0000 0.0000 -8.0000 4.0000 -12.0000 -4.0000 0.2500 0.2500 0.2500 0.2500 0.2500 1.2500 1.8703 3.3759 
5.0000 51.0000 4.0000 2.0000 0.0000 -4.7900 8 1.0000 1.0000 2.8720 -4.0000 8.0000 12.0000 -8.0000 4.0000 0.0000 0.2333 0.1507 0.2279 0.2981 0.3362 1.2461 1.9179 3.4221 
5.0000 43.0000 4.0000 2.0000 1.0000 -7.1850 8 1.0000 1.0000 1.3190 12.0000 0.0000 -8.0000 4.0000 -4.0000 8.0000 0.2500 0.2500 0.2500 0.2500 0.2500 1.2500 1.9566 3.4592 
5.0000 47.0000 4.0000 2.0000 1.0000 2.3950 2 -1.0000 1.0000 2.6050 0.0000 8.0000 12.0000 -8.0000 4.0000 -4.0000 0.2500 0.2500 0.2500 0.2500 0.2500 1.2500 1.9913 3.4926 
5.0000 31.0000 4.0000 0.0000 1.0000 -2.3950 8 1.0000 1.0000 4.3600 -10.0000 -2.0000 6.0000 -6.0000 10.0000 2.0000 0.2500 0.2500 0.2500 0.2500 0.2500 1.2500 1.9536 3.4426 
5.0000 62.0000 4.0000 4.0000 1.0000 4.7900 2 -1.0000 1.0000 1.9780 10.0000 -2.0000 -6.0000 14.0000 2.0000 6.0000 0.2500 0.2500 0.2500 0.2500 0.2500 1.2500 1.8171 3.3092 
5.0000 65.0000 4.0000 4.0000 0.0000 -4.7900 8 1.0000 1.0000 3.1860 10.0000 2.0000 -6.0000 6.0000 -2.0000 14.0000 0.3328 0.1970 0.2861 0.1836 0.2560 1.2554 1.8924 3.3982 
5.0000 59.0000 4.0000 4.0000 1.0000 -2.3950 2 -1.0000 0.0000 1.9900 -2.0000 6.0000 14.0000 2.0000 10.0000 -6.0000 0.2500 0.2500 0.2500 0.2500 0.2500 1.2500 1.9019 3.4092 
5.0000 17.0000 4.0000 -2.0000 1.0000 -2.3950 8 1.0000 1.0000 1.9310 8.0000 0.0000 -12.0000 4.0000 -8.0000 -4.0000 0.2500 0.2500 0.2500 0.2500 0.2500 1.2500 1.7785 3.2758 
5.0000 44.0000 4.0000 2.0000 1.0000 -4.7900 8 1.0000 1.0000 2.8650 8.0000 -4.0000 -8.0000 12.0000 0.0000 4.0000 0.2500 0.2500 0.2500 0.2500 0.2500 1.2500 1.8813 3.3926 
5.0000 45.0000 4.0000 2.0000 1.0000 -2.3950 8 1.0000 1.0000 2.5370 12.0000 4.0000 -8.0000 8.0000 -4.0000 0.0000 0.2500 0.2500 0.2500 0.2500 0.2500 1.2500 1.8049 3.3092 
5.0000 1.0000 4.0000 -4.0000 1.0000 -7.1850 8 1.0000 1.0000 1.0060 2.0000 -10.0000 -14.0000 6.0000 -6.0000 -2.0000 0.2500 0.2500 0.2500 0.2500 0.2500 1.2500 1.9310 3.4258 
5.0000 11.0000 4.0000 -4.0000 0.0000 0.0000 8 1.0000 0.0000 1.8420 2.0000 -6.0000 -14.0000 -2.0000 -10.0000 6.0000 0.2089 0.3695 0.2090 0.1592 0.2937 1.2402 1.8342 3.3161 
5.0000 46.0000 4.0000 2.0000 1.0000 0.0000 2 -1.0000 0.0000 2.1520 -4.0000 4.0000 8.0000 0.0000 12.0000 -8.0000 0.2500 0.2500 0.2500 0.2500 0.2500 1.2500 1.8133 3.3092 
5.0000 18.0000 4.0000 -2.0000 1.0000 0.0000 2 -1.0000 0.0000 3.3530 -8.0000 0.0000 8.0000 -4.0000 4.0000 -12.0000 0.2500 0.2500 0.2500 0.2500 0.2500 1.2500 1.9188 3.4092 
5.0000 32.0000 4.0000 0.0000 1.0000 0.0000 8 1.0000 0.0000 2.3760 -10.0000 -2.0000 6.0000 -6.0000 10.0000 2.0000 0.2500 0.2500 0.2500 0.2500 0.2500 1.2500 1.8727 3.3592 
5.0000 22.0000 4.0000 -2.0000 0.0000 -7.1850 8 1.0000 1.0000 1.2140 8.0000 -4.0000 -12.0000 0.0000 -8.0000 4.0000 0.2817 0.3251 0.2126 0.1835 0.2560 1.2588 1.9055 3.4182 
5.0000 34.0000 4.0000 0.0000 1.0000 4.7900 2 -1.0000 1.0000 1.9220 6.0000 -2.0000 -10.0000 2.0000 -6.0000 10.0000 0.2500 0.2500 0.2500 0.2500 0.2500 1.2500 1.8926 3.3925 
5.0000 50.0000 4.0000 2.0000 0.0000 -7.1850 8 1.0000 1.0000 3.0030 12.0000 4.0000 -8.0000 8.0000 -4.0000 0.0000 0.2513 0.2890 0.2413 0.2774 0.1967 1.2557 1.9289 3.4316 
5.0000 21.0000 4.0000 -2.0000 1.0000 7.1850 2 -1.0000 1.0000 1.4020 -8.0000 0.0000 8.0000 -4.0000 4.0000 -12.0000 0.2500 0.2500 0.2500 0.2500 0.2500 1.2500 1.8389 3.3426 
5.0000 52.0000 4.0000 2.0000 0.0000 -2.3950 2 -1.0000 0.0000 3.5960 -8.0000 4.0000 8.0000 0.0000 12.0000 -4.0000 0.2783 0.2413 0.1790 0.2872 0.2605 1.2464 1.7842 3.2888 
5.0000 5.0000 4.0000 -4.0000 1.0000 2.3950 8 1.0000 0.0000 0.9980 -14.0000 -6.0000 2.0000 -10.0000 6.0000 -2.0000 0.2500 0.2500 0.2500 0.2500 0.2500 1.2500 1.7853 3.2924 
5.0000 48.0000 4.0000 2.0000 1.0000 4.7900 2 -1.0000 1.0000 1.5060 -8.0000 4.0000 12.0000 0.0000 8.0000 -4.0000 0.2500 0.2500 0.2500 0.2500 0.2500 1.2500 1.8980 3.3927 
5.0000 3.0000 4.0000 -4.0000 1.0000 -2.3950 8 1.0000 1.0000 2.2700 -14.0000 -2.0000 6.0000 -6.0000 2.0000 -10.0000 0.2500 0.2500 0.2500 0.2500 0.2500 1.2500 1.8534 3.3425 
5.0000 29.0000 4.0000 0.0000 1.0000 -7.1850 8 1.0000 1.0000 1.4240 -10.0000 -2.0000 6.0000 -6.0000 10.0000 2.0000 0.2500 0.2500 0.2500 0.2500 0.2500 1.2500 1.9868 3.4759 
5.0000 59.0000 5.0000 4.0000 1.0000 -2.3950 8 1.0000 1.0000 1.9870 14.0000 6.0000 -2.0000 10.0000 -6.0000 2.0000 0.2500 0.2500 0.2500 0.2500 0.2500 1.2500 1.7977 3.2926 
5.0000 1.0000 5.0000 -4.0000 1.0000 -7.1850 8 1.0000 1.0000 0.7730 -10.0000 2.0000 6.0000 -14.0000 -2.0000 -6.0000 0.2500 0.2500 0.2500 0.2500 0.2500 1.2500 1.9724 3.4759 
5.0000 16.0000 5.0000 -2.0000 1.0000 -4.7900 8 1.0000 1.0000 0.6090 -12.0000 -4.0000 8.0000 -8.0000 4.0000 0.0000 0.2500 0.2500 0.2500 0.2500 0.2500 1.2500 1.8526 3.3426 
5.0000 17.0000 5.0000 -2.0000 1.0000 -2.3950 8 1.0000 1.0000 1.3920 8.0000 0.0000 -8.0000 4.0000 -12.0000 -4.0000 0.2500 0.2500 0.2500 0.2500 0.2500 1.2500 1.8734 3.3761 
5.0000 65.0000 5.0000 4.0000 0.0000 -4.7900 8 1.0000 1.0000 1.3160 -6.0000 2.0000 14.0000 -2.0000 10.0000 6.0000 0.1541 0.2022 0.3164 0.3491 0.2276 1.2493 1.7680 3.2584 
5.0000 67.0000 5.0000 4.0000 0.0000 0.0000 2 -1.0000 0.0000 2.5670 10.0000 -2.0000 -6.0000 14.0000 2.0000 6.0000 0.2705 0.1707 0.2796 0.1867 0.3385 1.2461 1.8408 3.3387 
5.0000 62.0000 5.0000 4.0000 1.0000 4.7900 2 -1.0000 1.0000 0.7580 -6.0000 6.0000 14.0000 2.0000 10.0000 -2.0000 0.2500 0.2500 0.2500 0.2500 0.2500 1.2500 1.8828 3.3926 
5.0000 6.0000 5.0000 -4.0000 1.0000 4.7900 2 -1.0000 1.0000 2.3260 6.0000 -6.0000 -10.0000 -2.0000 -14.0000 2.0000 0.2500 0.2500 0.2500 0.2500 0.2500 1.2500 1.9079 3.4093 
5.0000 64.0000 5.0000 4.0000 0.0000 -7.1850 8 1.0000 1.0000 1.1880 -6.0000 2.0000 10.0000 -2.0000 14.0000 6.0000 0.2453 0.3225 0.1568 0.2996 0.2266 1.2509 1.9279 3.4267 
5.0000 5.0000 5.0000 -4.0000 1.0000 2.3950 2 -1.0000 1.0000 2.6470 -10.0000 2.0000 6.0000 -14.0000 -2.0000 -6.0000 0.2500 0.2500 0.2500 0.2500 0.2500 1.2500 1.8024 3.3093 
5.0000 25.0000 5.0000 -2.0000 0.0000 0.0000 8 1.0000 0.0000 2.4100 4.0000 -4.0000 -8.0000 0.0000 -12.0000 8.0000 0.2698 0.2350 0.1646 0.3149 0.2662 1.2504 1.9204 3.4265 
5.0000 47.0000 5.0000 2.0000 1.0000 2.3950 2 -1.0000 1.0000 0.9060 -4.0000 4.0000 8.0000 0.0000 12.0000 -8.0000 0.2500 0.2500 0.2500 0.2500 0.2500 1.2500 1.8063 3.3093 
5.0000 45.0000 5.0000 2.0000 1.0000 -2.3950 2 -1.0000 0.0000 2.9140 12.0000 4.0000 -4.0000 8.0000 -8.0000 0.0000 0.2500 0.2500 0.2500 0.2500 0.2500 1.2500 1.9631 3.4592 
5.0000 18.0000 5.0000 -2.0000 1.0000 0.0000 2 -1.0000 0.0000 3.2720 8.0000 0.0000 -8.0000 4.0000 -12.0000 -4.0000 0.2500 0.2500 0.2500 0.2500 0.2500 1.2500 1.7878 3.2758 
5.0000 26.0000 5.0000 -2.0000 0.0000 2.3950 2 -1.0000 1.0000 1.0760 -8.0000 0.0000 4.0000 -4.0000 8.0000 -12.0000 0.2372 0.3579 0.1837 0.2560 0.2224 1.2572 1.8599 3.3665 
5.0000 63.0000 5.0000 4.0000 1.0000 7.1850 2 -1.0000 1.0000 0.6010 -6.0000 2.0000 10.0000 -2.0000 14.0000 6.0000 0.2500 0.2500 0.2500 0.2500 0.2500 1.2500 1.8753 3.3758 
5.0000 27.0000 5.0000 -2.0000 0.0000 4.7900 2 -1.0000 1.0000 0.9570 -12.0000 0.0000 8.0000 -4.0000 4.0000 -8.0000 0.3367 0.2924 0.2183 0.2536 0.1582 1.2592 1.7529 3.2683 
5.0000 39.0000 5.0000 0.0000 0.0000 0.0000 8 1.0000 0.0000 2.5600 2.0000 -6.0000 -10.0000 10.0000 -2.0000 6.0000 0.2068 0.3343 0.2146 0.1647 0.3294 1.2498 1.9529 3.4591 
5.0000 42.0000 5.0000 0.0000 0.0000 7.1850 2 -1.0000 1.0000 0.9770 -10.0000 -2.0000 10.0000 -6.0000 6.0000 2.0000 0.3071 0.2476 0.1688 0.2174 0.3172 1.2581 1.8512 3.3672 
5.0000 36.0000 5.0000 0.0000 0.0000 -7.1850 8 1.0000 1.0000 1.3280 -2.0000 6.0000 10.0000 -10.0000 2.0000 -6.0000 0.2171 0.3245 0.2397 0.3035 0.1603 1.2450 1.8537 3.3542 
5.0000 19.0000 5.0000 -2.0000 1.0000 2.3950 2 -1.0000 1.0000 3.0820 -12.0000 -4.0000 4.0000 -8.0000 8.0000 0.0000 0.2500 0.2500 0.2500 0.2500 0.2500 1.2500 1.8730 3.3759 
5.0000 8.0000 5.0000 -4.0000 0.0000 -7.1850 8 1.0000 1.0000 0.8200 -6.0000 2.0000 6.0000 -14.0000 -2.0000 -10.0000 0.2128 0.3638 0.2321 0.1630 0.2714 1.2430 1.9280 3.4191 
5.0000 53.0000 5.0000 2.0000 0.0000 0.0000 8 1.0000 0.0000 2.1810 12.0000 0.0000 -4.0000 4.0000 -8.0000 8.0000 0.1669 0.3836 0.2170 0.3175 0.1582 1.2432 1.9864 3.4857 
5.0000 11.0000 5.0000 -4.0000 0.0000 0.0000 8 1.0000 0.0000 1.0470 -2.0000 -10.0000 -14.0000 6.0000 -6.0000 2.0000 0.1784 0.2056 0.2832 0.2478 0.3406 1.2556 1.8123 3.3148 
5.0000 56.0000 5.0000 2.0000 0.0000 7.1850 2 -1.0000 1.0000 0.7840 12.0000 0.0000 -8.0000 4.0000 -4.0000 8.0000 0.2554 0.3041 0.1721 0.3308 0.1855 1.2479 1.7832 3.2736 
5.0000 29.0000 5.0000 0.0000 1.0000 -7.1850 8 1.0000 1.0000 2.0650 2.0000 -6.0000 -10.0000 10.0000 -2.0000 6.0000 0.2500 0.2500 0.2500 0.2500 0.2500 1.2500 1.8618 3.3593 
5.0000 60.0000 5.0000 4.0000 1.0000 0.0000 2 -1.0000 0.0000 4.1540 10.0000 2.0000 -2.0000 6.0000 -6.0000 14.0000 0.2500 0.2500 0.2500 0.2500 0.2500 1.2500 1.9096 3.4260 
5.0000 61.0000 5.0000 4.0000 1.0000 2.3950 2 -1.0000 1.0000 0.7380 -6.0000 6.0000 14.0000 2.0000 10.0000 -2.0000 0.2500 0.2500 0.2500 0.2500 0.2500 1.2500 1.9026 3.4092 
5.0000 28.0000 5.0000 -2.0000 0.0000 7.1850 2 -1.0000 1.0000 0.7120 4.0000 -8.0000 -12.0000 8.0000 -4.0000 0.0000 0.1922 0.3189 0.2315 0.1831 0.3276 1.2533 1.9652 3.4793 
5.0000 30.0000 5.0000 0.0000 1.0000 -4.7900 2 -1.0000 0.0000 2.4690 -2.0000 6.0000 10.0000 -10.0000 2.0000 -6.0000 0.2500 0.2500 0.2500 0.2500 0.2500 1.2500 1.9432 3.4425 
5.0000 20.0000 5.0000 -2.0000 1.0000 4.7900 2 -1.0000 1.0000 2.1690 8.0000 0.0000 -12.0000 4.0000 -8.0000 -4.0000 0.2500 0.2500 0.2500 0.2500 0.2500 1.2500 1.9371 3.4425 
5.0000 37.0000 5.0000 0.0000 0.0000 -4.7900 8 1.0000 1.0000 1.0070 -10.0000 -2.0000 10.0000 -6.0000 6.0000 2.0000 0.1931 0.3433 0.2545 0.1881 0.2651 1.2441 1.8651 3.3533 
5.0000 41.0000 5.0000 0.0000 0.0000 4.7900 2 -1.0000 1.0000 1.1700 10.0000 -2.0000 -10.0000 2.0000 -6.0000 6.0000 0.1575 0.2454 0.3012 0.2124 0.3354 1.2520 1.8112 3.3113 
5.0000 24.0000 5.0000 -2.0000 0.0000 -2.3950 8 1.0000 1.0000 2.8920 -8.0000 0.0000 8.0000 -4.0000 4.0000 -12.0000 0.1817 0.2535 0.3875 0.2501 0.1837 1.2566 1.9894 3.4991 
5.0000 12.0000 5.0000 -4.0000 0.0000 2.3950 8 1.0000 0.0000 2.8560 2.0000 -6.0000 -14.0000 -2.0000 -10.0000 6.0000 0.2279 0.1766 0.2081 0.3558 0.2748 1.2431 1.8579 3.3523 
5.0000 69.0000 5.0000 4.0000 0.0000 4.7900 8 1.0000 0.0000 2.4020 14.0000 6.0000 -2.0000 10.0000 -6.0000 2.0000 0.1562 0.2407 0.3351 0.1765 0.3318 1.2402 1.9701 3.4494 
5.0000 70.0000 5.0000 4.0000 0.0000 7.1850 2 -1.0000 1.0000 2.0840 -2.0000 6.0000 10.0000 2.0000 14.0000 -6.0000 0.3250 0.1965 0.2923 0.2017 0.2320 1.2475 1.9879 3.4901 
5.0000 13.0000 5.0000 -4.0000 0.0000 4.7900 2 -1.0000 1.0000 1.9140 6.0000 -2.0000 -14.0000 2.0000 -10.0000 -6.0000 0.1633 0.2623 0.3360 0.1861 0.2962 1.2440 1.8255 3.3199 
5.0000 14.0000 5.0000 -4.0000 0.0000 7.1850 2 -1.0000 1.0000 0.7960 6.0000 -6.0000 -14.0000 -2.0000 -10.0000 2.0000 0.2397 0.3436 0.2304 0.2729 0.1694 1.2561 1.8576 3.3653 
5.0000 40.0000 5.0000 0.0000 0.0000 2.3950 2 -1.0000 1.0000 0.6950 -6.0000 2.0000 10.0000 -2.0000 6.0000 -10.0000 0.1533 0.3758 0.1770 0.3035 0.2457 1.2553 1.7520 3.2645 
5.0000 38.0000 5.0000 0.0000 0.0000 -2.3950 8 1.0000 1.0000 1.9690 -10.0000 2.0000 10.0000 -2.0000 6.0000 -6.0000 0.2362 0.3019 0.1927 0.3523 0.1765 1.2596 1.8368 3.3522 
5.0000 46.0000 5.0000 2.0000 1.0000 0.0000 2 -1.0000 0.0000 1.4090 -4.0000 4.0000 8.0000 0.0000 12.0000 -8.0000 0.2500 0.2500 0.2500 0.2500 0.2500 1.2500 1.9152 3.4092 
5.0000 57.0000 5.0000 4.0000 1.0000 -7.1850 8 1.0000 1.0000 1.8210 14.0000 2.0000 -2.0000 6.0000 -6.0000 10.0000 0.2500 0.2500 0.2500 0.2500 0.2500 1.2500 1.7784 3.2759 
5.0000 58.0000 5.0000 4.0000 1.0000 -4.7900 2 -1.0000 0.0000 4.0710 10.0000 -2.0000 -6.0000 14.0000 2.0000 6.0000 0.2500 0.2500 0.2500 0.2500 0.2500 1.2500 1.9357 3.4258 
5.0000 32.0000 5.0000 0.0000 1.0000 0.0000 8 1.0000 0.0000 2.2160 6.0000 -2.0000 -6.0000 2.0000 -10.0000 10.0000 0.2500 0.2500 0.2500 0.2500 0.2500 1.2500 1.9189 3.4094 
5.0000 31.0000 5.0000 0.0000 1.0000 -2.3950 8 1.0000 1.0000 0.7090 10.0000 -2.0000 -6.0000 2.0000 -10.0000 6.0000 0.2500 0.2500 0.2500 0.2500 0.2500 1.2500 1.9226 3.4092 
5.0000 50.0000 5.0000 2.0000 0.0000 -7.1850 8 1.0000 1.0000 0.6260 8.0000 0.0000 -4.0000 4.0000 -8.0000 12.0000 0.2964 0.2073 0.2352 0.3224 0.1931 1.2544 1.8550 3.3636 
5.0000 21.0000 5.0000 -2.0000 1.0000 7.1850 2 -1.0000 1.0000 1.3630 8.0000 0.0000 -12.0000 4.0000 -8.0000 -4.0000 0.2500 0.2500 0.2500 0.2500 0.2500 1.2500 1.7759 3.2758 
5.0000 15.0000 5.0000 -2.0000 1.0000 -7.1850 8 1.0000 1.0000 2.4310 -12.0000 0.0000 8.0000 -4.0000 4.0000 -8.0000 0.2500 0.2500 0.2500 0.2500 0.2500 1.2500 1.7614 3.2592 
5.0000 51.0000 5.0000 2.0000 0.0000 -4.7900 2 -1.0000 0.0000 2.5940 -8.0000 4.0000 8.0000 0.0000 12.0000 -4.0000 0.3269 0.2444 0.1710 0.3033 0.2005 1.2461 1.9083 3.4052 
5.0000 10.0000 5.0000 -4.0000 0.0000 -2.3950 8 1.0000 1.0000 2.4540 2.0000 -10.0000 -14.0000 6.0000 -6.0000 -2.0000 0.3794 0.2617 0.2166 0.1751 0.2163 1.2491 1.9633 3.4583 
5.0000 3.0000 5.0000 -4.0000 1.0000 -2.3950 8 1.0000 1.0000 2.7730 -2.0000 -10.0000 -14.0000 6.0000 -6.0000 2.0000 0.2500 0.2500 0.2500 0.2500 0.2500 1.2500 1.8031 3.3093 
5.0000 49.0000 5.0000 2.0000 1.0000 7.1850 2 -1.0000 1.0000 2.0210 -4.0000 4.0000 8.0000 0.0000 12.0000 -8.0000 0.2500 0.2500 0.2500 0.2500 0.2500 1.2500 1.8540 3.3591 
5.0000 54.0000 5.0000 2.0000 0.0000 2.3950 2 -1.0000 1.0000 1.8300 -8.0000 0.0000 8.0000 -4.0000 12.0000 4.0000 0.1928 0.3675 0.1792 0.3098 0.1947 1.2440 1.7774 3.2698 
5.0000 48.0000 5.0000 2.0000 1.0000 4.7900 2 -1.0000 1.0000 0.7610 -8.0000 4.0000 8.0000 0.0000 12.0000 -4.0000 0.2500 0.2500 0.2500 0.2500 0.2500 1.2500 1.9739 3.4759 
5.0000 55.0000 5.0000 2.0000 0.0000 4.7900 2 -1.0000 1.0000 0.9080 12.0000 4.0000 -8.0000 8.0000 -4.0000 0.0000 0.1591 0.2167 0.3684 0.3313 0.1704 1.2460 1.8547 3.3385 
5.0000 66.0000 5.0000 4.0000 0.0000 -2.3950 8 1.0000 1.0000 2.0740 -6.0000 2.0000 10.0000 -2.0000 14.0000 6.0000 0.1849 0.2324 0.3604 0.2000 0.2789 1.2566 1.8296 3.3324 
5.0000 2.0000 5.0000 -4.0000 1.0000 -4.7900 8 1.0000 1.0000 0.7120 2.0000 -6.0000 -14.0000 -2.0000 -10.0000 6.0000 0.2500 0.2500 0.2500 0.2500 0.2500 1.2500 1.9665 3.4760 
5.0000 35.0000 5.0000 0.0000 1.0000 7.1850 2 -1.0000 1.0000 1.3900 10.0000 2.0000 -10.0000 6.0000 -6.0000 -2.0000 0.2500 0.2500 0.2500 0.2500 0.2500 1.2500 1.9586 3.4593 
5.0000 52.0000 5.0000 2.0000 0.0000 -2.3950 2 -1.0000 0.0000 2.8840 -4.0000 4.0000 8.0000 0.0000 12.0000 -8.0000 0.1570 0.3532 0.1901 0.3781 0.1638 1.2422 1.9013 3.4013 
5.0000 7.0000 5.0000 -4.0000 1.0000 7.1850 2 -1.0000 1.0000 0.7660 -14.0000 -2.0000 6.0000 -6.0000 2.0000 -10.0000 0.2500 0.2500 0.2500 0.2500 0.2500 1.2500 1.9183 3.4258 
5.0000 22.0000 5.0000 -2.0000 0.0000 -7.1850 8 1.0000 1.0000 1.1780 4.0000 -8.0000 -12.0000 8.0000 -4.0000 0.0000 0.2863 0.2351 0.1872 0.2336 0.3157 1.2579 1.9236 3.4338 
5.0000 23.0000 5.0000 -2.0000 0.0000 -4.7900 8 1.0000 1.0000 1.9820 8.0000 0.0000 -12.0000 4.0000 -8.0000 -4.0000 0.1541 0.2969 0.3861 0.2325 0.1849 1.2545 1.9909 3.4970 
5.0000 34.0000 5.0000 0.0000 1.0000 4.7900 2 -1.0000 1.0000 2.3960 -10.0000 -2.0000 10.0000 -6.0000 6.0000 2.0000 0.2500 0.2500 0.2500 0.2500 0.2500 1.2500 1.9108 3.4091 
5.0000 9.0000 5.0000 -4.0000 0.0000 -4.7900 8 1.0000 1.0000 1.4540 -14.0000 -6.0000 2.0000 -10.0000 6.0000 -2.0000 0.1505 0.3687 0.2909 0.2076 0.2362 1.2540 1.9792 3.4799 
5.0000 68.0000 5.0000 4.0000 0.0000 2.3950 2 -1.0000 1.0000 1.7970 14.0000 2.0000 -2.0000 6.0000 -6.0000 10.0000 0.2140 0.3603 0.1662 0.2133 0.2934 1.2472 1.8250 3.3231 
5.0000 44.0000 5.0000 2.0000 1.0000 -4.7900 8 1.0000 1.0000 1.0500 8.0000 0.0000 -4.0000 4.0000 -8.0000 12.0000 0.2500 0.2500 0.2500 0.2500 0.2500 1.2500 1.9459 3.4425 
5.0000 43.0000 5.0000 2.0000 1.0000 -7.1850 8 1.0000 1.0000 0.5860 8.0000 0.0000 -4.0000 4.0000 -8.0000 12.0000 0.2500 0.2500 0.2500 0.2500 0.2500 1.2500 1.7988 3.2925 
5.0000 4.0000 5.0000 -4.0000 1.0000 0.0000 8 1.0000 0.0000 0.8000 2.0000 -6.0000 -14.0000 -2.0000 -10.0000 6.0000 0.2500 0.2500 0.2500 0.2500 0.2500 1.2500 1.8737 3.3759 
5.0000 33.0000 5.0000 0.0000 1.0000 2.3950 2 -1.0000 1.0000 1.3860 -10.0000 2.0000 10.0000 -2.0000 6.0000 -6.0000 0.2500 0.2500 0.2500 0.2500 0.2500 1.2500 1.8176 3.3259 
5.0000 63.0000 6.0000 4.0000 1.0000 7.1850 2 -1.0000 1.0000 0.9270 14.0000 2.0000 -2.0000 6.0000 -6.0000 10.0000 0.2500 0.2500 0.2500 0.2500 0.2500 1.2500 1.9590 3.4593 
5.0000 11.0000 6.0000 -4.0000 0.0000 0.0000 8 1.0000 0.0000 2.0240 6.0000 -6.0000 -14.0000 -2.0000 -10.0000 2.0000 0.2223 0.2488 0.3977 0.1568 0.2281 1.2536 1.8388 3.3462 
5.0000 70.0000 6.0000 4.0000 0.0000 7.1850 2 -1.0000 1.0000 1.4650 2.0000 10.0000 14.0000 -6.0000 6.0000 -2.0000 0.2465 0.1519 0.2701 0.2115 0.3748 1.2549 1.7697 3.2806 
5.0000 24.0000 6.0000 -2.0000 0.0000 -2.3950 8 1.0000 1.0000 2.8720 -4.0000 4.0000 8.0000 -12.0000 0.0000 -8.0000 0.3344 0.1999 0.3710 0.1602 0.1890 1.2546 1.8168 3.3140 
5.0000 69.0000 6.0000 4.0000 0.0000 4.7900 2 -1.0000 1.0000 1.8920 6.0000 -2.0000 -6.0000 14.0000 2.0000 10.0000 0.2980 0.2701 0.1774 0.2092 0.2876 1.2423 1.9161 3.4016 
5.0000 27.0000 6.0000 -2.0000 0.0000 4.7900 2 -1.0000 1.0000 2.8490 8.0000 0.0000 -8.0000 4.0000 -12.0000 -4.0000 0.3217 0.2901 0.1880 0.2715 0.1703 1.2416 1.8405 3.3343 
5.0000 35.0000 6.0000 0.0000 1.0000 7.1850 2 -1.0000 1.0000 0.9600 -10.0000 2.0000 6.0000 -2.0000 10.0000 -6.0000 0.2500 0.2500 0.2500 0.2500 0.2500 1.2500 1.9853 3.4761 
5.0000 47.0000 6.0000 2.0000 1.0000 2.3950 2 -1.0000 1.0000 0.8740 0.0000 8.0000 12.0000 -8.0000 4.0000 -4.0000 0.2500 0.2500 0.2500 0.2500 0.2500 1.2500 1.8501 3.3424 
5.0000 5.0000 6.0000 -4.0000 1.0000 2.3950 2 -1.0000 1.0000 1.1080 -6.0000 2.0000 6.0000 -14.0000 -2.0000 -10.0000 0.2500 0.2500 0.2500 0.2500 0.2500 1.2500 1.9350 3.4424 
5.0000 21.0000 6.0000 -2.0000 1.0000 7.1850 2 -1.0000 1.0000 0.5420 4.0000 -4.0000 -8.0000 0.0000 -12.0000 8.0000 0.2500 0.2500 0.2500 0.2500 0.2500 1.2500 1.8574 3.3593 
5.0000 13.0000 6.0000 -4.0000 0.0000 4.7900 2 -1.0000 1.0000 0.9950 -14.0000 -2.0000 2.0000 -6.0000 6.0000 -10.0000 0.2141 0.3136 0.2539 0.3132 0.1649 1.2596 1.9672 3.4856 
5.0000 36.0000 6.0000 0.0000 0.0000 -7.1850 8 1.0000 1.0000 0.9060 -10.0000 -2.0000 6.0000 -6.0000 10.0000 2.0000 0.2259 0.1542 0.2929 0.2589 0.3131 1.2450 1.8543 3.3543 
5.0000 67.0000 6.0000 4.0000 0.0000 0.0000 2 -1.0000 0.0000 2.0750 14.0000 6.0000 -2.0000 10.0000 -6.0000 2.0000 0.2834 0.1771 0.2591 0.2105 0.3161 1.2461 1.9225 3.4221 
5.0000 43.0000 6.0000 2.0000 1.0000 -7.1850 8 1.0000 1.0000 2.0500 8.0000 0.0000 -8.0000 4.0000 -4.0000 12.0000 0.2500 0.2500 0.2500 0.2500 0.2500 1.2500 1.7644 3.2592 
5.0000 14.0000 6.0000 -4.0000 0.0000 7.1850 2 -1.0000 1.0000 1.5280 -14.0000 -6.0000 2.0000 -10.0000 6.0000 -2.0000 0.2850 0.1886 0.2752 0.2249 0.2671 1.2408 1.8903 3.3834 
5.0000 8.0000 6.0000 -4.0000 0.0000 -7.1850 8 1.0000 1.0000 0.9530 2.0000 -6.0000 -10.0000 -2.0000 -14.0000 6.0000 0.1600 0.3165 0.1531 0.3441 0.2734 1.2470 1.8536 3.3561 
5.0000 16.0000 6.0000 -2.0000 1.0000 -4.7900 8 1.0000 1.0000 0.5820 -8.0000 4.0000 8.0000 -12.0000 0.0000 -4.0000 0.2500 0.2500 0.2500 0.2500 0.2500 1.2500 1.9803 3.4758 
5.0000 64.0000 6.0000 4.0000 0.0000 -7.1850 8 1.0000 1.0000 1.1700 -2.0000 6.0000 14.0000 2.0000 10.0000 -6.0000 0.1979 0.3309 0.3757 0.1874 0.1589 1.2508 1.9921 3.4935 
5.0000 20.0000 6.0000 -2.0000 1.0000 4.7900 2 -1.0000 1.0000 1.4420 -8.0000 0.0000 4.0000 -4.0000 8.0000 -12.0000 0.2500 0.2500 0.2500 0.2500 0.2500 1.2500 1.8657 3.3592 
5.0000 38.0000 6.0000 0.0000 0.0000 -2.3950 2 -1.0000 0.0000 3.6270 10.0000 -2.0000 -10.0000 2.0000 -6.0000 6.0000 0.3502 0.1640 0.3084 0.1843 0.2463 1.2533 1.9645 3.4625 
5.0000 25.0000 6.0000 -2.0000 0.0000 0.0000 2 -1.0000 0.0000 2.3630 -12.0000 0.0000 8.0000 -4.0000 4.0000 -8.0000 0.1971 0.2782 0.3339 0.2900 0.1584 1.2576 1.9692 3.4835 
5.0000 9.0000 6.0000 -4.0000 0.0000 -4.7900 8 1.0000 1.0000 0.7130 6.0000 -6.0000 -14.0000 -2.0000 -10.0000 2.0000 0.3253 0.2030 0.3033 0.1681 0.2422 1.2419 1.9075 3.4011 
5.0000 19.0000 6.0000 -2.0000 1.0000 2.3950 2 -1.0000 1.0000 2.8950 -12.0000 -4.0000 4.0000 -8.0000 8.0000 0.0000 0.2500 0.2500 0.2500 0.2500 0.2500 1.2500 1.8548 3.3593 
5.0000 39.0000 6.0000 0.0000 0.0000 0.0000 2 -1.0000 0.0000 0.9970 6.0000 -6.0000 -10.0000 10.0000 -2.0000 2.0000 0.2267 0.2710 0.2079 0.3097 0.2444 1.2598 1.9019 3.4189 
5.0000 4.0000 6.0000 -4.0000 1.0000 0.0000 8 1.0000 0.0000 3.1050 -14.0000 -6.0000 2.0000 -10.0000 6.0000 -2.0000 0.2500 0.2500 0.2500 0.2500 0.2500 1.2500 1.7659 3.2592 
5.0000 3.0000 6.0000 -4.0000 1.0000 -2.3950 8 1.0000 1.0000 0.5700 -14.0000 -6.0000 6.0000 -10.0000 2.0000 -2.0000 0.2500 0.2500 0.2500 0.2500 0.2500 1.2500 1.8995 3.3924 
5.0000 51.0000 6.0000 2.0000 0.0000 -4.7900 8 1.0000 1.0000 0.6510 -4.0000 8.0000 12.0000 -8.0000 4.0000 0.0000 0.2034 0.1647 0.3421 0.1598 0.3779 1.2479 1.8723 3.3739 
5.0000 62.0000 6.0000 4.0000 1.0000 4.7900 2 -1.0000 1.0000 0.9910 -2.0000 6.0000 14.0000 2.0000 10.0000 -6.0000 0.2500 0.2500 0.2500 0.2500 0.2500 1.2500 1.9052 3.4094 
5.0000 66.0000 6.0000 4.0000 0.0000 -2.3950 2 -1.0000 0.0000 0.9570 -6.0000 6.0000 10.0000 2.0000 14.0000 -2.0000 0.2614 0.1835 0.3600 0.2647 0.1862 1.2557 1.9116 3.4148 
5.0000 15.0000 6.0000 -2.0000 1.0000 -7.1850 8 1.0000 1.0000 1.1570 4.0000 -4.0000 -12.0000 0.0000 -8.0000 8.0000 0.2500 0.2500 0.2500 0.2500 0.2500 1.2500 1.9488 3.4426 
5.0000 41.0000 6.0000 0.0000 0.0000 4.7900 2 -1.0000 1.0000 1.8070 6.0000 -6.0000 -10.0000 10.0000 -2.0000 2.0000 0.2758 0.1969 0.3298 0.2564 0.1925 1.2514 1.8242 3.3274 
5.0000 7.0000 6.0000 -4.0000 1.0000 7.1850 2 -1.0000 1.0000 1.4150 2.0000 -6.0000 -10.0000 -2.0000 -14.0000 6.0000 0.2500 0.2500 0.2500 0.2500 0.2500 1.2500 1.9935 3.4926 
5.0000 32.0000 6.0000 0.0000 1.0000 0.0000 8 1.0000 0.0000 2.0850 6.0000 -2.0000 -10.0000 2.0000 -6.0000 10.0000 0.2500 0.2500 0.2500 0.2500 0.2500 1.2500 1.8565 3.3591 
5.0000 68.0000 6.0000 4.0000 0.0000 2.3950 2 -1.0000 1.0000 1.8620 -2.0000 10.0000 14.0000 -6.0000 6.0000 2.0000 0.2902 0.2062 0.3466 0.2317 0.1827 1.2573 1.9193 3.4332 
5.0000 55.0000 6.0000 2.0000 0.0000 4.7900 2 -1.0000 1.0000 1.1030 -8.0000 0.0000 8.0000 -4.0000 12.0000 4.0000 0.3039 0.1757 0.2189 0.2523 0.2913 1.2421 1.9499 3.4514 
5.0000 31.0000 6.0000 0.0000 1.0000 -2.3950 8 1.0000 1.0000 2.4500 -10.0000 2.0000 10.0000 -2.0000 6.0000 -6.0000 0.2500 0.2500 0.2500 0.2500 0.2500 1.2500 1.9050 3.4092 
5.0000 22.0000 6.0000 -2.0000 0.0000 -7.1850 8 1.0000 1.0000 0.9510 0.0000 -8.0000 -12.0000 8.0000 -4.0000 4.0000 0.3364 0.2796 0.2087 0.2439 0.1879 1.2565 1.8469 3.3489 
5.0000 46.0000 6.0000 2.0000 1.0000 0.0000 2 -1.0000 0.0000 1.4840 8.0000 0.0000 -8.0000 4.0000 -4.0000 12.0000 0.2500 0.2500 0.2500 0.2500 0.2500 1.2500 1.7640 3.2592 
5.0000 10.0000 6.0000 -4.0000 0.0000 -2.3950 2 -1.0000 0.0000 2.2130 -14.0000 -2.0000 2.0000 -6.0000 6.0000 -10.0000 0.2042 0.3488 0.2031 0.3028 0.1952 1.2541 1.9506 3.4468 
5.0000 57.0000 6.0000 4.0000 1.0000 -7.1850 2 -1.0000 0.0000 1.4320 14.0000 6.0000 -6.0000 10.0000 -2.0000 2.0000 0.2500 0.2500 0.2500 0.2500 0.2500 1.2500 1.7721 3.2592 
5.0000 2.0000 6.0000 -4.0000 1.0000 -4.7900 8 1.0000 1.0000 1.1070 -14.0000 -2.0000 6.0000 -6.0000 2.0000 -10.0000 0.2500 0.2500 0.2500 0.2500 0.2500 1.2500 1.9915 3.4926 
5.0000 6.0000 6.0000 -4.0000 1.0000 4.7900 2 -1.0000 1.0000 1.6470 -14.0000 -2.0000 2.0000 -6.0000 6.0000 -10.0000 0.2500 0.2500 0.2500 0.2500 0.2500 1.2500 1.9964 3.5091 
5.0000 29.0000 6.0000 0.0000 1.0000 -7.1850 8 1.0000 1.0000 1.3020 2.0000 -6.0000 -10.0000 10.0000 -2.0000 6.0000 0.2500 0.2500 0.2500 0.2500 0.2500 1.2500 1.9888 3.4926 
5.0000 48.0000 6.0000 2.0000 1.0000 4.7900 2 -1.0000 1.0000 1.1340 8.0000 0.0000 -4.0000 4.0000 -8.0000 12.0000 0.2500 0.2500 0.2500 0.2500 0.2500 1.2500 1.9128 3.4259 
5.0000 28.0000 6.0000 -2.0000 0.0000 7.1850 2 -1.0000 1.0000 0.6750 -12.0000 0.0000 8.0000 -4.0000 4.0000 -8.0000 0.2071 0.3926 0.2921 0.2026 0.1531 1.2476 1.9941 3.4901 
5.0000 53.0000 6.0000 2.0000 0.0000 0.0000 2 -1.0000 0.0000 2.9380 8.0000 0.0000 -8.0000 4.0000 -4.0000 12.0000 0.1624 0.3229 0.1530 0.3545 0.2610 1.2538 1.9551 3.4629 
5.0000 65.0000 6.0000 4.0000 0.0000 -4.7900 8 1.0000 1.0000 2.0740 6.0000 -2.0000 -6.0000 14.0000 2.0000 10.0000 0.3319 0.1911 0.2547 0.3119 0.1540 1.2438 1.9506 3.4530 
5.0000 37.0000 6.0000 0.0000 0.0000 -4.7900 8 1.0000 1.0000 0.8400 6.0000 -2.0000 -6.0000 2.0000 -10.0000 10.0000 0.2414 0.3147 0.2150 0.1646 0.3100 1.2457 1.7903 3.2883 
5.0000 42.0000 6.0000 0.0000 0.0000 7.1850 2 -1.0000 1.0000 1.1660 -10.0000 2.0000 10.0000 -2.0000 6.0000 -6.0000 0.3169 0.2152 0.3038 0.1663 0.2488 1.2510 1.8657 3.3603 
5.0000 30.0000 6.0000 0.0000 1.0000 -4.7900 8 1.0000 1.0000 1.3120 10.0000 -2.0000 -6.0000 2.0000 -10.0000 6.0000 0.2500 0.2500 0.2500 0.2500 0.2500 1.2500 1.8613 3.3592 
5.0000 60.0000 6.0000 4.0000 1.0000 0.0000 2 -1.0000 0.0000 1.0860 10.0000 -2.0000 -6.0000 14.0000 2.0000 6.0000 0.2500 0.2500 0.2500 0.2500 0.2500 1.2500 1.9890 3.4760 
5.0000 23.0000 6.0000 -2.0000 0.0000 -4.7900 8 1.0000 1.0000 0.9050 -12.0000 -4.0000 8.0000 -8.0000 4.0000 0.0000 0.2021 0.3329 0.2364 0.2907 0.1960 1.2581 1.8762 3.3840 
5.0000 50.0000 6.0000 2.0000 0.0000 -7.1850 8 1.0000 1.0000 0.5300 8.0000 0.0000 -8.0000 4.0000 -4.0000 12.0000 0.2893 0.2304 0.3841 0.1877 0.1537 1.2453 1.7814 3.2878 
5.0000 40.0000 6.0000 0.0000 0.0000 2.3950 8 1.0000 0.0000 1.1400 6.0000 -2.0000 -10.0000 2.0000 -6.0000 10.0000 0.3384 0.1941 0.2281 0.1726 0.3220 1.2552 1.8152 3.3309 
5.0000 1.0000 6.0000 -4.0000 1.0000 -7.1850 8 1.0000 1.0000 0.4850 6.0000 -6.0000 -14.0000 -2.0000 -10.0000 2.0000 0.2500 0.2500 0.2500 0.2500 0.2500 1.2500 1.8640 3.3758 
5.0000 17.0000 6.0000 -2.0000 1.0000 -2.3950 8 1.0000 1.0000 0.3530 -12.0000 -4.0000 8.0000 -8.0000 4.0000 0.0000 0.2500 0.2500 0.2500 0.2500 0.2500 1.2500 1.8794 3.3759 
5.0000 59.0000 6.0000 4.0000 1.0000 -2.3950 8 1.0000 1.0000 0.8460 14.0000 2.0000 -6.0000 6.0000 -2.0000 10.0000 0.2500 0.2500 0.2500 0.2500 0.2500 1.2500 1.9679 3.4760 
5.0000 52.0000 6.0000 2.0000 0.0000 -2.3950 8 1.0000 1.0000 0.8060 -8.0000 0.0000 8.0000 -4.0000 12.0000 4.0000 0.2670 0.1505 0.2599 0.3054 0.2740 1.2568 1.7612 3.2660 
5.0000 44.0000 6.0000 2.0000 1.0000 -4.7900 8 1.0000 1.0000 1.5950 0.0000 8.0000 12.0000 -8.0000 4.0000 -4.0000 0.2500 0.2500 0.2500 0.2500 0.2500 1.2500 1.7836 3.2759 
5.0000 45.0000 6.0000 2.0000 1.0000 -2.3950 8 1.0000 1.0000 1.0270 8.0000 0.0000 -4.0000 4.0000 -8.0000 12.0000 0.2500 0.2500 0.2500 0.2500 0.2500 1.2500 1.8392 3.3425 
5.0000 26.0000 6.0000 -2.0000 0.0000 2.3950 2 -1.0000 1.0000 1.6180 8.0000 0.0000 -12.0000 4.0000 -8.0000 -4.0000 0.1752 0.3752 0.1545 0.2521 0.2955 1.2526 1.8627 3.3617 
5.0000 61.0000 6.0000 4.0000 1.0000 2.3950 2 -1.0000 1.0000 0.6360 -2.0000 6.0000 14.0000 2.0000 10.0000 -6.0000 0.2500 0.2500 0.2500 0.2500 0.2500 1.2500 1.9989 3.4926 
5.0000 34.0000 6.0000 0.0000 1.0000 4.7900 2 -1.0000 1.0000 0.3970 -10.0000 2.0000 10.0000 -2.0000 6.0000 -6.0000 0.2500 0.2500 0.2500 0.2500 0.2500 1.2500 1.9919 3.4926 
5.0000 56.0000 6.0000 2.0000 0.0000 7.1850 2 -1.0000 1.0000 0.4480 -4.0000 4.0000 12.0000 0.0000 8.0000 -8.0000 0.2331 0.1545 0.3115 0.1859 0.3636 1.2487 1.9616 3.4581 
5.0000 49.0000 6.0000 2.0000 1.0000 7.1850 2 -1.0000 1.0000 0.3740 -4.0000 4.0000 8.0000 0.0000 12.0000 -8.0000 0.2500 0.2500 0.2500 0.2500 0.2500 1.2500 1.8809 3.3759 
5.0000 54.0000 6.0000 2.0000 0.0000 2.3950 2 -1.0000 1.0000 0.4720 -8.0000 4.0000 12.0000 0.0000 8.0000 -4.0000 0.2787 0.1634 0.3810 0.2530 0.1775 1.2536 1.8473 3.3628 
5.0000 18.0000 6.0000 -2.0000 1.0000 0.0000 8 1.0000 0.0000 1.9400 -8.0000 0.0000 8.0000 -4.0000 4.0000 -12.0000 0.2500 0.2500 0.2500 0.2500 0.2500 1.2500 1.8441 3.3426 
5.0000 33.0000 6.0000 0.0000 1.0000 2.3950 2 -1.0000 1.0000 1.2020 -6.0000 2.0000 6.0000 -2.0000 10.0000 -10.0000 0.2500 0.2500 0.2500 0.2500 0.2500 1.2500 1.7622 3.2592 
5.0000 58.0000 6.0000 4.0000 1.0000 -4.7900 8 1.0000 1.0000 0.9600 14.0000 6.0000 -6.0000 10.0000 -2.0000 2.0000 0.2500 0.2500 0.2500 0.2500 0.2500 1.2500 1.8542 3.3593 
5.0000 12.0000 6.0000 -4.0000 0.0000 2.3950 8 1.0000 0.0000 2.3720 -2.0000 -10.0000 -14.0000 6.0000 -6.0000 2.0000 0.1901 0.3727 0.1664 0.1981 0.3220 1.2493 1.7708 3.2753 
