subNo index block mean periodicity testLevel pressedKey answer isCorrect rt s1 s2 s3 s4 s5 s6 t1 t2 t3 t4 t5 seqDuration startInterval trialDuration 
14.0000 44.0000 1.0000 2.0000 1.0000 -5.0000 2 1.0000 1.0000 2.4020 -4.0000 4.0000 12.0000 0.0000 8.0000 -8.0000 0.2500 0.2500 0.2500 0.2500 0.2500 1.2500 1.9634 3.4594 
14.0000 23.0000 1.0000 -2.0000 0.0000 -5.0000 2 1.0000 1.0000 0.7610 -12.0000 0.0000 8.0000 -4.0000 4.0000 -8.0000 0.1596 0.2976 0.3896 0.1797 0.2157 1.2423 1.8720 3.3516 
14.0000 61.0000 1.0000 4.0000 1.0000 2.5000 8 -1.0000 1.0000 0.8160 14.0000 2.0000 -6.0000 6.0000 -2.0000 10.0000 0.2500 0.2500 0.2500 0.2500 0.2500 1.2500 1.9037 3.4092 
14.0000 26.0000 1.0000 -2.0000 0.0000 2.5000 8 -1.0000 1.0000 1.3110 4.0000 -4.0000 -12.0000 0.0000 -8.0000 8.0000 0.1829 0.3144 0.1969 0.3908 0.1709 1.2559 1.8097 3.3152 
14.0000 40.0000 1.0000 0.0000 0.0000 2.5000 8 -1.0000 1.0000 1.2130 -10.0000 2.0000 6.0000 -2.0000 10.0000 -6.0000 0.1781 0.3469 0.2179 0.2796 0.2215 1.2440 1.7840 3.2865 
14.0000 10.0000 1.0000 -4.0000 0.0000 -2.5000 2 1.0000 1.0000 0.7230 -10.0000 -2.0000 6.0000 -6.0000 2.0000 -14.0000 0.1962 0.2813 0.2357 0.2079 0.3324 1.2536 1.8432 3.3462 
14.0000 53.0000 1.0000 2.0000 0.0000 0.0000 2 1.0000 0.0000 0.7550 0.0000 8.0000 12.0000 -8.0000 4.0000 -4.0000 0.1747 0.2355 0.2649 0.3238 0.2470 1.2459 1.9671 3.4718 
14.0000 45.0000 1.0000 2.0000 1.0000 -2.5000 8 -1.0000 0.0000 1.6500 -4.0000 4.0000 8.0000 0.0000 12.0000 -8.0000 0.2500 0.2500 0.2500 0.2500 0.2500 1.2500 1.9433 3.4426 
14.0000 5.0000 1.0000 -4.0000 1.0000 2.5000 8 -1.0000 1.0000 1.2650 2.0000 -6.0000 -14.0000 -2.0000 -10.0000 6.0000 0.2500 0.2500 0.2500 0.2500 0.2500 1.2500 1.9812 3.4760 
14.0000 27.0000 1.0000 -2.0000 0.0000 5.0000 8 -1.0000 1.0000 0.7930 -4.0000 4.0000 8.0000 -12.0000 0.0000 -8.0000 0.2220 0.2910 0.2112 0.3543 0.1675 1.2460 1.9762 3.4719 
14.0000 30.0000 1.0000 0.0000 1.0000 -5.0000 2 1.0000 1.0000 1.5340 2.0000 -6.0000 -10.0000 10.0000 -2.0000 6.0000 0.2500 0.2500 0.2500 0.2500 0.2500 1.2500 1.9745 3.4761 
14.0000 18.0000 1.0000 -2.0000 1.0000 0.0000 8 -1.0000 0.0000 1.5130 -12.0000 0.0000 4.0000 -4.0000 8.0000 -8.0000 0.2500 0.2500 0.2500 0.2500 0.2500 1.2500 1.7881 3.2758 
14.0000 6.0000 1.0000 -4.0000 1.0000 5.0000 8 -1.0000 1.0000 1.5750 -14.0000 -2.0000 6.0000 -6.0000 2.0000 -10.0000 0.2500 0.2500 0.2500 0.2500 0.2500 1.2500 1.8447 3.3425 
14.0000 21.0000 1.0000 -2.0000 1.0000 7.5000 8 -1.0000 1.0000 0.7810 -8.0000 0.0000 8.0000 -4.0000 4.0000 -12.0000 0.2500 0.2500 0.2500 0.2500 0.2500 1.2500 1.9318 3.4260 
14.0000 31.0000 1.0000 0.0000 1.0000 -2.5000 2 1.0000 1.0000 0.8320 -2.0000 6.0000 10.0000 -10.0000 2.0000 -6.0000 0.2500 0.2500 0.2500 0.2500 0.2500 1.2500 1.9426 3.4427 
14.0000 12.0000 1.0000 -4.0000 0.0000 2.5000 2 1.0000 0.0000 1.7780 2.0000 -10.0000 -14.0000 6.0000 -6.0000 -2.0000 0.1560 0.3861 0.3192 0.2263 0.1679 1.2556 1.9382 3.4484 
14.0000 20.0000 1.0000 -2.0000 1.0000 5.0000 8 -1.0000 1.0000 1.4000 -8.0000 0.0000 4.0000 -4.0000 8.0000 -12.0000 0.2500 0.2500 0.2500 0.2500 0.2500 1.2500 1.9187 3.4259 
14.0000 59.0000 1.0000 4.0000 1.0000 -2.5000 2 1.0000 1.0000 1.0000 2.0000 10.0000 14.0000 -6.0000 6.0000 -2.0000 0.2500 0.2500 0.2500 0.2500 0.2500 1.2500 1.8452 3.3426 
14.0000 15.0000 1.0000 -2.0000 1.0000 -7.5000 2 1.0000 1.0000 0.6980 8.0000 0.0000 -12.0000 4.0000 -8.0000 -4.0000 0.2500 0.2500 0.2500 0.2500 0.2500 1.2500 1.8164 3.3259 
14.0000 34.0000 1.0000 0.0000 1.0000 5.0000 8 -1.0000 1.0000 1.0870 6.0000 -2.0000 -6.0000 2.0000 -10.0000 10.0000 0.2500 0.2500 0.2500 0.2500 0.2500 1.2500 1.9843 3.4927 
14.0000 22.0000 1.0000 -2.0000 0.0000 -7.5000 2 1.0000 1.0000 0.7280 -12.0000 -4.0000 4.0000 -8.0000 8.0000 0.0000 0.2867 0.3684 0.1972 0.1567 0.2459 1.2549 1.7587 3.2640 
14.0000 58.0000 1.0000 4.0000 1.0000 -5.0000 8 -1.0000 0.0000 1.6390 14.0000 2.0000 -6.0000 6.0000 -2.0000 10.0000 0.2500 0.2500 0.2500 0.2500 0.2500 1.2500 1.7540 3.2592 
14.0000 38.0000 1.0000 0.0000 0.0000 -2.5000 2 1.0000 1.0000 0.9390 6.0000 -2.0000 -6.0000 2.0000 -10.0000 10.0000 0.1512 0.3359 0.1510 0.3649 0.2484 1.2514 1.7554 3.2605 
14.0000 62.0000 1.0000 4.0000 1.0000 5.0000 8 -1.0000 1.0000 0.8960 -2.0000 6.0000 14.0000 2.0000 10.0000 -6.0000 0.2500 0.2500 0.2500 0.2500 0.2500 1.2500 1.9867 3.4760 
14.0000 50.0000 1.0000 2.0000 0.0000 -7.5000 2 1.0000 1.0000 0.7370 8.0000 0.0000 -8.0000 4.0000 -4.0000 12.0000 0.3098 0.1973 0.3110 0.2602 0.1765 1.2547 1.9331 3.4306 
14.0000 9.0000 1.0000 -4.0000 0.0000 -5.0000 2 1.0000 1.0000 0.7230 2.0000 -10.0000 -14.0000 6.0000 -6.0000 -2.0000 0.1698 0.2026 0.3948 0.2580 0.2190 1.2443 1.8821 3.3703 
14.0000 17.0000 1.0000 -2.0000 1.0000 -2.5000 8 -1.0000 0.0000 1.6650 -4.0000 4.0000 8.0000 -12.0000 0.0000 -8.0000 0.2500 0.2500 0.2500 0.2500 0.2500 1.2500 1.9446 3.4593 
14.0000 2.0000 1.0000 -4.0000 1.0000 -5.0000 2 1.0000 1.0000 1.7440 -10.0000 2.0000 6.0000 -14.0000 -2.0000 -6.0000 0.2500 0.2500 0.2500 0.2500 0.2500 1.2500 1.7958 3.3092 
14.0000 51.0000 1.0000 2.0000 0.0000 -5.0000 2 1.0000 1.0000 0.8850 -8.0000 4.0000 12.0000 0.0000 8.0000 -4.0000 0.2758 0.1840 0.3816 0.1618 0.2426 1.2458 1.7570 3.2551 
14.0000 16.0000 1.0000 -2.0000 1.0000 -5.0000 8 -1.0000 0.0000 2.3950 4.0000 -4.0000 -8.0000 0.0000 -12.0000 8.0000 0.2500 0.2500 0.2500 0.2500 0.2500 1.2500 1.8411 3.3426 
14.0000 13.0000 1.0000 -4.0000 0.0000 5.0000 8 -1.0000 1.0000 0.9690 6.0000 -2.0000 -10.0000 2.0000 -14.0000 -6.0000 0.3580 0.2079 0.3147 0.1746 0.2015 1.2566 1.8492 3.3658 
14.0000 11.0000 1.0000 -4.0000 0.0000 0.0000 8 -1.0000 0.0000 1.0700 2.0000 -6.0000 -10.0000 -2.0000 -14.0000 6.0000 0.3212 0.2938 0.2279 0.2584 0.1569 1.2583 1.9468 3.4510 
14.0000 14.0000 1.0000 -4.0000 0.0000 7.5000 8 -1.0000 1.0000 0.7600 2.0000 -6.0000 -10.0000 -2.0000 -14.0000 6.0000 0.2629 0.1685 0.2256 0.1844 0.3997 1.2413 1.9017 3.3839 
14.0000 70.0000 1.0000 4.0000 0.0000 7.5000 8 -1.0000 1.0000 0.8570 10.0000 2.0000 -6.0000 6.0000 -2.0000 14.0000 0.1635 0.3539 0.1961 0.2446 0.2820 1.2402 1.9345 3.4163 
14.0000 1.0000 1.0000 -4.0000 1.0000 -7.5000 2 1.0000 1.0000 0.8370 -14.0000 -6.0000 6.0000 -10.0000 2.0000 -2.0000 0.2500 0.2500 0.2500 0.2500 0.2500 1.2500 1.9366 3.4260 
14.0000 64.0000 1.0000 4.0000 0.0000 -7.5000 2 1.0000 1.0000 1.4940 -6.0000 2.0000 14.0000 -2.0000 10.0000 6.0000 0.2944 0.1524 0.2443 0.3492 0.2145 1.2548 1.9720 3.4641 
14.0000 4.0000 1.0000 -4.0000 1.0000 0.0000 8 -1.0000 0.0000 0.8300 -14.0000 -6.0000 2.0000 -10.0000 6.0000 -2.0000 0.2500 0.2500 0.2500 0.2500 0.2500 1.2500 1.8213 3.3093 
14.0000 43.0000 1.0000 2.0000 1.0000 -7.5000 2 1.0000 1.0000 0.8790 8.0000 0.0000 -8.0000 4.0000 -4.0000 12.0000 0.2500 0.2500 0.2500 0.2500 0.2500 1.2500 1.9446 3.4593 
14.0000 42.0000 1.0000 0.0000 0.0000 7.5000 8 -1.0000 1.0000 0.6290 6.0000 -2.0000 -10.0000 2.0000 -6.0000 10.0000 0.1521 0.3635 0.2549 0.2007 0.2836 1.2547 1.7943 3.3140 
14.0000 56.0000 1.0000 2.0000 0.0000 7.5000 8 -1.0000 1.0000 0.6240 8.0000 0.0000 -4.0000 4.0000 -8.0000 12.0000 0.3024 0.2274 0.2733 0.2479 0.1912 1.2422 1.9203 3.4181 
14.0000 65.0000 1.0000 4.0000 0.0000 -5.0000 2 1.0000 1.0000 0.7340 -2.0000 10.0000 14.0000 -6.0000 6.0000 2.0000 0.2212 0.2949 0.3984 0.1552 0.1875 1.2573 1.8521 3.3664 
14.0000 41.0000 1.0000 0.0000 0.0000 5.0000 8 -1.0000 1.0000 0.7580 -10.0000 -2.0000 10.0000 -6.0000 6.0000 2.0000 0.2245 0.2861 0.2503 0.3329 0.1592 1.2530 1.9055 3.4123 
14.0000 54.0000 1.0000 2.0000 0.0000 2.5000 8 -1.0000 1.0000 0.6970 -8.0000 4.0000 8.0000 0.0000 12.0000 -4.0000 0.1607 0.2262 0.3894 0.2860 0.1868 1.2490 1.8372 3.3416 
14.0000 19.0000 1.0000 -2.0000 1.0000 2.5000 8 -1.0000 1.0000 1.7980 -12.0000 0.0000 4.0000 -4.0000 8.0000 -8.0000 0.2500 0.2500 0.2500 0.2500 0.2500 1.2500 1.8317 3.3259 
14.0000 46.0000 1.0000 2.0000 1.0000 0.0000 8 -1.0000 0.0000 0.9380 -8.0000 0.0000 8.0000 -4.0000 12.0000 4.0000 0.2500 0.2500 0.2500 0.2500 0.2500 1.2500 1.9610 3.4593 
14.0000 25.0000 1.0000 -2.0000 0.0000 0.0000 8 -1.0000 0.0000 2.1440 -8.0000 0.0000 8.0000 -4.0000 4.0000 -12.0000 0.1725 0.2475 0.2021 0.3723 0.2587 1.2531 1.9471 3.4456 
14.0000 39.0000 1.0000 0.0000 0.0000 0.0000 8 -1.0000 0.0000 1.3700 10.0000 -2.0000 -6.0000 2.0000 -10.0000 6.0000 0.1754 0.3276 0.2294 0.3095 0.2030 1.2449 1.8635 3.3541 
14.0000 8.0000 1.0000 -4.0000 0.0000 -7.5000 2 1.0000 1.0000 1.3950 -10.0000 2.0000 6.0000 -14.0000 -2.0000 -6.0000 0.1882 0.1523 0.3527 0.3836 0.1714 1.2481 1.9121 3.4073 
14.0000 67.0000 1.0000 4.0000 0.0000 0.0000 2 1.0000 0.0000 2.3840 -6.0000 2.0000 10.0000 -2.0000 14.0000 6.0000 0.1734 0.3331 0.2094 0.3262 0.2084 1.2505 1.9007 3.3931 
14.0000 57.0000 1.0000 4.0000 1.0000 -7.5000 2 1.0000 1.0000 1.1260 14.0000 6.0000 -6.0000 10.0000 -2.0000 2.0000 0.2500 0.2500 0.2500 0.2500 0.2500 1.2500 1.8715 3.3758 
14.0000 69.0000 1.0000 4.0000 0.0000 5.0000 8 -1.0000 1.0000 0.7720 -6.0000 2.0000 10.0000 -2.0000 14.0000 6.0000 0.1781 0.3645 0.3102 0.1756 0.2247 1.2531 1.9414 3.4457 
14.0000 55.0000 1.0000 2.0000 0.0000 5.0000 8 -1.0000 1.0000 0.8190 -8.0000 0.0000 8.0000 -4.0000 12.0000 4.0000 0.2280 0.3284 0.1671 0.3427 0.1808 1.2470 1.9427 3.4396 
14.0000 29.0000 1.0000 0.0000 1.0000 -7.5000 2 1.0000 1.0000 0.9350 -10.0000 2.0000 10.0000 -2.0000 6.0000 -6.0000 0.2500 0.2500 0.2500 0.2500 0.2500 1.2500 1.8980 3.4092 
14.0000 35.0000 1.0000 0.0000 1.0000 7.5000 8 -1.0000 1.0000 0.6530 10.0000 -2.0000 -10.0000 2.0000 -6.0000 6.0000 0.2500 0.2500 0.2500 0.2500 0.2500 1.2500 1.7716 3.2758 
14.0000 68.0000 1.0000 4.0000 0.0000 2.5000 8 -1.0000 1.0000 0.8080 -2.0000 6.0000 10.0000 2.0000 14.0000 -6.0000 0.2497 0.1518 0.3188 0.1550 0.3705 1.2458 1.9013 3.4050 
14.0000 66.0000 1.0000 4.0000 0.0000 -2.5000 8 -1.0000 0.0000 1.1940 14.0000 6.0000 -2.0000 10.0000 -6.0000 2.0000 0.2416 0.1998 0.3234 0.2253 0.2524 1.2425 1.8027 3.3017 
14.0000 48.0000 1.0000 2.0000 1.0000 5.0000 8 -1.0000 1.0000 1.9600 -4.0000 4.0000 8.0000 0.0000 12.0000 -8.0000 0.2500 0.2500 0.2500 0.2500 0.2500 1.2500 1.8906 3.3926 
14.0000 33.0000 1.0000 0.0000 1.0000 2.5000 2 1.0000 0.0000 2.0050 10.0000 2.0000 -10.0000 6.0000 -6.0000 -2.0000 0.2500 0.2500 0.2500 0.2500 0.2500 1.2500 1.7986 3.2926 
14.0000 63.0000 1.0000 4.0000 1.0000 7.5000 8 -1.0000 1.0000 0.6740 -2.0000 10.0000 14.0000 -6.0000 6.0000 2.0000 0.2500 0.2500 0.2500 0.2500 0.2500 1.2500 1.7574 3.2591 
14.0000 32.0000 1.0000 0.0000 1.0000 0.0000 2 1.0000 0.0000 1.2260 -6.0000 2.0000 10.0000 -2.0000 6.0000 -10.0000 0.2500 0.2500 0.2500 0.2500 0.2500 1.2500 1.9862 3.4758 
14.0000 28.0000 1.0000 -2.0000 0.0000 7.5000 8 -1.0000 1.0000 0.9650 -4.0000 4.0000 8.0000 -12.0000 0.0000 -8.0000 0.2193 0.3721 0.1755 0.3206 0.1710 1.2585 1.9495 3.4511 
14.0000 36.0000 1.0000 0.0000 0.0000 -7.5000 2 1.0000 1.0000 0.7660 -6.0000 2.0000 10.0000 -2.0000 6.0000 -10.0000 0.3041 0.1896 0.2183 0.3266 0.2084 1.2470 1.8338 3.3396 
14.0000 3.0000 1.0000 -4.0000 1.0000 -2.5000 2 1.0000 1.0000 0.7580 -10.0000 -2.0000 2.0000 -6.0000 6.0000 -14.0000 0.2500 0.2500 0.2500 0.2500 0.2500 1.2500 1.8282 3.3427 
14.0000 24.0000 1.0000 -2.0000 0.0000 -2.5000 2 1.0000 1.0000 0.7370 -12.0000 0.0000 4.0000 -4.0000 8.0000 -8.0000 0.2718 0.3500 0.1528 0.2859 0.1850 1.2455 1.7855 3.2882 
14.0000 52.0000 1.0000 2.0000 0.0000 -2.5000 2 1.0000 1.0000 0.9470 12.0000 4.0000 -8.0000 8.0000 -4.0000 0.0000 0.2025 0.2360 0.3373 0.1994 0.2699 1.2451 1.9161 3.4210 
14.0000 60.0000 1.0000 4.0000 1.0000 0.0000 8 -1.0000 0.0000 0.9370 -6.0000 6.0000 14.0000 2.0000 10.0000 -2.0000 0.2500 0.2500 0.2500 0.2500 0.2500 1.2500 1.8995 3.4092 
14.0000 37.0000 1.0000 0.0000 0.0000 -5.0000 2 1.0000 1.0000 0.8690 -10.0000 2.0000 10.0000 -2.0000 6.0000 -6.0000 0.1989 0.2326 0.3818 0.2793 0.1581 1.2506 1.8074 3.3097 
14.0000 47.0000 1.0000 2.0000 1.0000 2.5000 8 -1.0000 1.0000 1.4130 -8.0000 0.0000 12.0000 -4.0000 8.0000 4.0000 0.2500 0.2500 0.2500 0.2500 0.2500 1.2500 1.8167 3.3092 
14.0000 49.0000 1.0000 2.0000 1.0000 7.5000 8 -1.0000 1.0000 0.7850 12.0000 0.0000 -4.0000 4.0000 -8.0000 8.0000 0.2500 0.2500 0.2500 0.2500 0.2500 1.2500 1.9306 3.4259 
14.0000 7.0000 1.0000 -4.0000 1.0000 7.5000 8 -1.0000 1.0000 0.7380 -2.0000 -10.0000 -14.0000 6.0000 -6.0000 2.0000 0.2500 0.2500 0.2500 0.2500 0.2500 1.2500 1.8377 3.3426 
14.0000 13.0000 2.0000 -4.0000 0.0000 5.0000 8 -1.0000 1.0000 1.0200 -10.0000 2.0000 6.0000 -14.0000 -2.0000 -6.0000 0.2737 0.1723 0.2340 0.2750 0.3048 1.2598 1.9051 3.4025 
14.0000 61.0000 2.0000 4.0000 1.0000 2.5000 8 -1.0000 1.0000 1.0240 -6.0000 6.0000 10.0000 2.0000 14.0000 -2.0000 0.2500 0.2500 0.2500 0.2500 0.2500 1.2500 1.9249 3.4260 
14.0000 3.0000 2.0000 -4.0000 1.0000 -2.5000 2 1.0000 1.0000 0.6960 -14.0000 -6.0000 6.0000 -10.0000 2.0000 -2.0000 0.2500 0.2500 0.2500 0.2500 0.2500 1.2500 1.8501 3.3425 
14.0000 18.0000 2.0000 -2.0000 1.0000 0.0000 8 -1.0000 0.0000 1.5150 8.0000 -4.0000 -12.0000 0.0000 -8.0000 4.0000 0.2500 0.2500 0.2500 0.2500 0.2500 1.2500 1.8377 3.3426 
14.0000 42.0000 2.0000 0.0000 0.0000 7.5000 8 -1.0000 1.0000 0.6720 6.0000 -2.0000 -10.0000 2.0000 -6.0000 10.0000 0.3350 0.1879 0.2805 0.1854 0.2552 1.2439 1.8017 3.3031 
14.0000 69.0000 2.0000 4.0000 0.0000 5.0000 8 -1.0000 1.0000 0.6220 -2.0000 10.0000 14.0000 -6.0000 6.0000 2.0000 0.1758 0.3178 0.2914 0.1772 0.2803 1.2426 1.8380 3.3351 
14.0000 49.0000 2.0000 2.0000 1.0000 7.5000 8 -1.0000 1.0000 0.6760 -8.0000 0.0000 8.0000 -4.0000 12.0000 4.0000 0.2500 0.2500 0.2500 0.2500 0.2500 1.2500 1.8642 3.3759 
14.0000 50.0000 2.0000 2.0000 0.0000 -7.5000 2 1.0000 1.0000 0.7450 0.0000 8.0000 12.0000 -8.0000 4.0000 -4.0000 0.2238 0.1611 0.2805 0.3773 0.1992 1.2419 1.8585 3.3510 
14.0000 5.0000 2.0000 -4.0000 1.0000 2.5000 8 -1.0000 1.0000 1.0470 -10.0000 -2.0000 2.0000 -6.0000 6.0000 -14.0000 0.2500 0.2500 0.2500 0.2500 0.2500 1.2500 1.9337 3.4426 
14.0000 31.0000 2.0000 0.0000 1.0000 -2.5000 2 1.0000 1.0000 2.5300 6.0000 -2.0000 -10.0000 2.0000 -6.0000 10.0000 0.2500 0.2500 0.2500 0.2500 0.2500 1.2500 1.9745 3.4761 
14.0000 67.0000 2.0000 4.0000 0.0000 0.0000 8 -1.0000 0.0000 0.6490 14.0000 2.0000 -2.0000 6.0000 -6.0000 10.0000 0.1842 0.2665 0.3186 0.1572 0.3315 1.2581 1.8763 3.3840 
14.0000 23.0000 2.0000 -2.0000 0.0000 -5.0000 2 1.0000 1.0000 0.7680 -8.0000 4.0000 8.0000 -12.0000 0.0000 -4.0000 0.1986 0.1693 0.3277 0.2597 0.2979 1.2532 1.8839 3.3791 
14.0000 35.0000 2.0000 0.0000 1.0000 7.5000 8 -1.0000 1.0000 0.8750 10.0000 -2.0000 -10.0000 2.0000 -6.0000 6.0000 0.2500 0.2500 0.2500 0.2500 0.2500 1.2500 1.7941 3.2926 
14.0000 54.0000 2.0000 2.0000 0.0000 2.5000 8 -1.0000 1.0000 0.6930 -4.0000 4.0000 8.0000 0.0000 12.0000 -8.0000 0.2840 0.1604 0.3289 0.2773 0.2058 1.2564 1.9069 3.4156 
14.0000 46.0000 2.0000 2.0000 1.0000 0.0000 8 -1.0000 0.0000 0.9860 8.0000 0.0000 -8.0000 4.0000 -4.0000 12.0000 0.2500 0.2500 0.2500 0.2500 0.2500 1.2500 1.8668 3.3593 
14.0000 63.0000 2.0000 4.0000 1.0000 7.5000 8 -1.0000 1.0000 0.6700 14.0000 6.0000 -2.0000 10.0000 -6.0000 2.0000 0.2500 0.2500 0.2500 0.2500 0.2500 1.2500 1.9658 3.4760 
14.0000 25.0000 2.0000 -2.0000 0.0000 0.0000 2 1.0000 0.0000 0.8900 8.0000 0.0000 -12.0000 4.0000 -8.0000 -4.0000 0.1575 0.1968 0.3933 0.1575 0.3481 1.2531 1.8589 3.3623 
14.0000 55.0000 2.0000 2.0000 0.0000 5.0000 8 -1.0000 1.0000 0.6670 8.0000 0.0000 -4.0000 4.0000 -8.0000 12.0000 0.2626 0.1589 0.3504 0.1655 0.3044 1.2418 1.9004 3.4010 
14.0000 45.0000 2.0000 2.0000 1.0000 -2.5000 8 -1.0000 0.0000 3.3180 -8.0000 4.0000 8.0000 0.0000 12.0000 -4.0000 0.2500 0.2500 0.2500 0.2500 0.2500 1.2500 1.8705 3.3759 
14.0000 41.0000 2.0000 0.0000 0.0000 5.0000 8 -1.0000 1.0000 0.8010 6.0000 -2.0000 -6.0000 2.0000 -10.0000 10.0000 0.3667 0.1553 0.2363 0.2685 0.2198 1.2466 1.8347 3.3391 
14.0000 24.0000 2.0000 -2.0000 0.0000 -2.5000 8 -1.0000 0.0000 1.2190 -12.0000 0.0000 8.0000 -4.0000 4.0000 -8.0000 0.2525 0.3221 0.2055 0.1766 0.2837 1.2403 1.8389 3.3329 
14.0000 21.0000 2.0000 -2.0000 1.0000 7.5000 8 -1.0000 1.0000 0.7310 4.0000 -8.0000 -12.0000 8.0000 -4.0000 0.0000 0.2500 0.2500 0.2500 0.2500 0.2500 1.2500 1.8186 3.3259 
14.0000 65.0000 2.0000 4.0000 0.0000 -5.0000 2 1.0000 1.0000 1.6880 -2.0000 10.0000 14.0000 -6.0000 6.0000 2.0000 0.3476 0.1685 0.2297 0.1758 0.3197 1.2413 1.7902 3.2839 
14.0000 17.0000 2.0000 -2.0000 1.0000 -2.5000 8 -1.0000 0.0000 1.3280 8.0000 -4.0000 -12.0000 0.0000 -8.0000 4.0000 0.2500 0.2500 0.2500 0.2500 0.2500 1.2500 1.7546 3.2591 
14.0000 11.0000 2.0000 -4.0000 0.0000 0.0000 2 1.0000 0.0000 2.2230 -10.0000 -2.0000 6.0000 -6.0000 2.0000 -14.0000 0.2323 0.1862 0.2995 0.2085 0.3270 1.2534 1.9674 3.4627 
14.0000 7.0000 2.0000 -4.0000 1.0000 7.5000 8 -1.0000 1.0000 0.9130 -14.0000 -2.0000 2.0000 -6.0000 6.0000 -10.0000 0.2500 0.2500 0.2500 0.2500 0.2500 1.2500 1.7812 3.2758 
14.0000 58.0000 2.0000 4.0000 1.0000 -5.0000 8 -1.0000 0.0000 0.9320 14.0000 6.0000 -2.0000 10.0000 -6.0000 2.0000 0.2500 0.2500 0.2500 0.2500 0.2500 1.2500 1.9162 3.4092 
14.0000 20.0000 2.0000 -2.0000 1.0000 5.0000 8 -1.0000 1.0000 0.6090 0.0000 -8.0000 -12.0000 8.0000 -4.0000 4.0000 0.2500 0.2500 0.2500 0.2500 0.2500 1.2500 1.7698 3.2758 
14.0000 38.0000 2.0000 0.0000 0.0000 -2.5000 2 1.0000 1.0000 1.3220 -10.0000 -2.0000 10.0000 -6.0000 6.0000 2.0000 0.1900 0.3362 0.3022 0.1767 0.2412 1.2464 1.7974 3.3056 
14.0000 39.0000 2.0000 0.0000 0.0000 0.0000 8 -1.0000 0.0000 1.2450 -6.0000 2.0000 6.0000 -2.0000 10.0000 -10.0000 0.2678 0.1947 0.2864 0.2049 0.2996 1.2535 1.8241 3.3293 
14.0000 56.0000 2.0000 2.0000 0.0000 7.5000 8 -1.0000 1.0000 0.7500 -8.0000 0.0000 8.0000 -4.0000 12.0000 4.0000 0.3488 0.1883 0.2166 0.2932 0.2112 1.2581 1.9799 3.4842 
14.0000 44.0000 2.0000 2.0000 1.0000 -5.0000 2 1.0000 1.0000 0.8720 12.0000 4.0000 -4.0000 8.0000 -8.0000 0.0000 0.2500 0.2500 0.2500 0.2500 0.2500 1.2500 1.8266 3.3260 
14.0000 66.0000 2.0000 4.0000 0.0000 -2.5000 2 1.0000 1.0000 1.1090 10.0000 2.0000 -6.0000 6.0000 -2.0000 14.0000 0.3271 0.1955 0.2254 0.1529 0.3447 1.2456 1.8517 3.3547 
14.0000 43.0000 2.0000 2.0000 1.0000 -7.5000 2 1.0000 1.0000 0.7730 -8.0000 4.0000 8.0000 0.0000 12.0000 -4.0000 0.2500 0.2500 0.2500 0.2500 0.2500 1.2500 1.9547 3.4594 
14.0000 57.0000 2.0000 4.0000 1.0000 -7.5000 2 1.0000 1.0000 0.7630 2.0000 10.0000 14.0000 -6.0000 6.0000 -2.0000 0.2500 0.2500 0.2500 0.2500 0.2500 1.2500 1.9592 3.4593 
14.0000 52.0000 2.0000 2.0000 0.0000 -2.5000 2 1.0000 1.0000 1.0280 -4.0000 4.0000 12.0000 0.0000 8.0000 -8.0000 0.3398 0.1964 0.2879 0.1786 0.2402 1.2429 1.8561 3.3522 
14.0000 29.0000 2.0000 0.0000 1.0000 -7.5000 2 1.0000 1.0000 0.6970 10.0000 2.0000 -10.0000 6.0000 -6.0000 -2.0000 0.2500 0.2500 0.2500 0.2500 0.2500 1.2500 1.9124 3.4092 
14.0000 53.0000 2.0000 2.0000 0.0000 0.0000 8 -1.0000 0.0000 0.7650 8.0000 0.0000 -8.0000 4.0000 -4.0000 12.0000 0.1527 0.1931 0.3446 0.2104 0.3466 1.2474 1.9076 3.4066 
14.0000 9.0000 2.0000 -4.0000 0.0000 -5.0000 2 1.0000 1.0000 0.5630 -10.0000 -2.0000 6.0000 -6.0000 2.0000 -14.0000 0.2802 0.1678 0.3263 0.2249 0.2519 1.2510 1.9290 3.4270 
14.0000 60.0000 2.0000 4.0000 1.0000 0.0000 8 -1.0000 0.0000 0.5590 -2.0000 6.0000 10.0000 2.0000 14.0000 -6.0000 0.2500 0.2500 0.2500 0.2500 0.2500 1.2500 1.9294 3.4427 
14.0000 48.0000 2.0000 2.0000 1.0000 5.0000 8 -1.0000 1.0000 0.6560 4.0000 -4.0000 -8.0000 12.0000 0.0000 8.0000 0.2500 0.2500 0.2500 0.2500 0.2500 1.2500 1.8932 3.3925 
14.0000 33.0000 2.0000 0.0000 1.0000 2.5000 8 -1.0000 1.0000 1.3690 10.0000 2.0000 -6.0000 6.0000 -10.0000 -2.0000 0.2500 0.2500 0.2500 0.2500 0.2500 1.2500 1.9144 3.4260 
14.0000 36.0000 2.0000 0.0000 0.0000 -7.5000 2 1.0000 1.0000 0.7250 10.0000 -2.0000 -10.0000 2.0000 -6.0000 6.0000 0.2895 0.3349 0.2061 0.1649 0.2455 1.2409 1.7882 3.2834 
14.0000 8.0000 2.0000 -4.0000 0.0000 -7.5000 2 1.0000 1.0000 1.4900 2.0000 -6.0000 -10.0000 -2.0000 -14.0000 6.0000 0.3532 0.2035 0.2663 0.1884 0.2289 1.2403 1.9888 3.4829 
14.0000 16.0000 2.0000 -2.0000 1.0000 -5.0000 2 1.0000 1.0000 1.7130 -8.0000 4.0000 8.0000 -12.0000 0.0000 -4.0000 0.2500 0.2500 0.2500 0.2500 0.2500 1.2500 1.8004 3.3092 
14.0000 62.0000 2.0000 4.0000 1.0000 5.0000 8 -1.0000 1.0000 0.6680 -6.0000 2.0000 10.0000 -2.0000 14.0000 6.0000 0.2500 0.2500 0.2500 0.2500 0.2500 1.2500 1.8794 3.3758 
14.0000 12.0000 2.0000 -4.0000 0.0000 2.5000 8 -1.0000 1.0000 1.2890 -14.0000 -6.0000 6.0000 -10.0000 2.0000 -2.0000 0.2292 0.2695 0.2115 0.1704 0.3736 1.2542 1.8403 3.3467 
14.0000 14.0000 2.0000 -4.0000 0.0000 7.5000 8 -1.0000 1.0000 0.6970 6.0000 -6.0000 -14.0000 -2.0000 -10.0000 2.0000 0.1699 0.2787 0.1867 0.3820 0.2254 1.2427 1.9689 3.4520 
14.0000 19.0000 2.0000 -2.0000 1.0000 2.5000 8 -1.0000 1.0000 1.3220 8.0000 -4.0000 -12.0000 0.0000 -8.0000 4.0000 0.2500 0.2500 0.2500 0.2500 0.2500 1.2500 1.9572 3.4592 
14.0000 59.0000 2.0000 4.0000 1.0000 -2.5000 8 -1.0000 0.0000 1.0670 -6.0000 2.0000 14.0000 -2.0000 10.0000 6.0000 0.2500 0.2500 0.2500 0.2500 0.2500 1.2500 1.9501 3.4425 
14.0000 10.0000 2.0000 -4.0000 0.0000 -2.5000 2 1.0000 1.0000 0.7860 6.0000 -2.0000 -10.0000 2.0000 -14.0000 -6.0000 0.3758 0.1536 0.1977 0.3276 0.2007 1.2554 1.9830 3.4815 
14.0000 2.0000 2.0000 -4.0000 1.0000 -5.0000 2 1.0000 1.0000 0.8610 -10.0000 2.0000 6.0000 -14.0000 -2.0000 -6.0000 0.2500 0.2500 0.2500 0.2500 0.2500 1.2500 1.9730 3.4761 
14.0000 6.0000 2.0000 -4.0000 1.0000 5.0000 8 -1.0000 1.0000 0.7070 -14.0000 -2.0000 2.0000 -6.0000 6.0000 -10.0000 0.2500 0.2500 0.2500 0.2500 0.2500 1.2500 1.8291 3.3425 
14.0000 27.0000 2.0000 -2.0000 0.0000 5.0000 8 -1.0000 1.0000 0.9760 -12.0000 -4.0000 4.0000 -8.0000 8.0000 0.0000 0.3717 0.1577 0.2393 0.2087 0.2660 1.2435 1.9941 3.4859 
14.0000 28.0000 2.0000 -2.0000 0.0000 7.5000 8 -1.0000 1.0000 0.7270 -8.0000 4.0000 8.0000 -12.0000 0.0000 -4.0000 0.2182 0.2814 0.2460 0.2950 0.2036 1.2442 1.9095 3.4033 
14.0000 32.0000 2.0000 0.0000 1.0000 0.0000 8 -1.0000 0.0000 0.6880 10.0000 -2.0000 -10.0000 2.0000 -6.0000 6.0000 0.2500 0.2500 0.2500 0.2500 0.2500 1.2500 1.8702 3.3759 
14.0000 40.0000 2.0000 0.0000 0.0000 2.5000 8 -1.0000 1.0000 0.6800 -6.0000 2.0000 6.0000 -2.0000 10.0000 -10.0000 0.1803 0.2294 0.3566 0.3166 0.1745 1.2574 1.9572 3.4667 
14.0000 26.0000 2.0000 -2.0000 0.0000 2.5000 8 -1.0000 1.0000 1.1410 8.0000 0.0000 -12.0000 4.0000 -8.0000 -4.0000 0.2326 0.3882 0.2143 0.2622 0.1544 1.2517 1.8491 3.3441 
14.0000 34.0000 2.0000 0.0000 1.0000 5.0000 8 -1.0000 1.0000 0.6880 -10.0000 -2.0000 10.0000 -6.0000 6.0000 2.0000 0.2500 0.2500 0.2500 0.2500 0.2500 1.2500 1.8479 3.3425 
14.0000 30.0000 2.0000 0.0000 1.0000 -5.0000 2 1.0000 1.0000 0.8600 10.0000 2.0000 -10.0000 6.0000 -6.0000 -2.0000 0.2500 0.2500 0.2500 0.2500 0.2500 1.2500 1.8985 3.3924 
14.0000 51.0000 2.0000 2.0000 0.0000 -5.0000 2 1.0000 1.0000 0.7480 -4.0000 4.0000 8.0000 0.0000 12.0000 -8.0000 0.3125 0.2517 0.3023 0.2320 0.1604 1.2590 1.7851 3.2848 
14.0000 70.0000 2.0000 4.0000 0.0000 7.5000 8 -1.0000 1.0000 0.7780 14.0000 6.0000 -6.0000 10.0000 -2.0000 2.0000 0.1873 0.2249 0.1594 0.3594 0.3162 1.2472 1.9772 3.4731 
14.0000 64.0000 2.0000 4.0000 0.0000 -7.5000 2 1.0000 1.0000 0.6540 2.0000 10.0000 14.0000 -6.0000 6.0000 -2.0000 0.1686 0.3672 0.2826 0.1740 0.2643 1.2568 1.7958 3.2994 
14.0000 4.0000 2.0000 -4.0000 1.0000 0.0000 2 1.0000 0.0000 0.6580 -14.0000 -2.0000 6.0000 -6.0000 2.0000 -10.0000 0.2500 0.2500 0.2500 0.2500 0.2500 1.2500 1.8634 3.3758 
14.0000 37.0000 2.0000 0.0000 0.0000 -5.0000 2 1.0000 1.0000 0.5890 10.0000 2.0000 -10.0000 6.0000 -6.0000 -2.0000 0.2651 0.1876 0.3843 0.2245 0.1803 1.2417 1.9136 3.4175 
14.0000 22.0000 2.0000 -2.0000 0.0000 -7.5000 2 1.0000 1.0000 0.5350 8.0000 0.0000 -12.0000 4.0000 -8.0000 -4.0000 0.2091 0.2624 0.3815 0.1654 0.2359 1.2543 1.9632 3.4802 
14.0000 68.0000 2.0000 4.0000 0.0000 2.5000 2 1.0000 0.0000 1.0800 -6.0000 6.0000 14.0000 2.0000 10.0000 -2.0000 0.1527 0.2024 0.2933 0.2634 0.3317 1.2435 1.9141 3.4195 
14.0000 1.0000 2.0000 -4.0000 1.0000 -7.5000 2 1.0000 1.0000 0.9670 -2.0000 -10.0000 -14.0000 6.0000 -6.0000 2.0000 0.2500 0.2500 0.2500 0.2500 0.2500 1.2500 1.9950 3.4926 
14.0000 15.0000 2.0000 -2.0000 1.0000 -7.5000 2 1.0000 1.0000 0.5650 8.0000 -4.0000 -8.0000 0.0000 -12.0000 4.0000 0.2500 0.2500 0.2500 0.2500 0.2500 1.2500 1.9319 3.4260 
14.0000 47.0000 2.0000 2.0000 1.0000 2.5000 8 -1.0000 1.0000 0.8790 -4.0000 8.0000 12.0000 -8.0000 4.0000 0.0000 0.2500 0.2500 0.2500 0.2500 0.2500 1.2500 1.8183 3.3259 
14.0000 28.0000 3.0000 -2.0000 0.0000 7.5000 8 -1.0000 1.0000 0.6610 4.0000 -8.0000 -12.0000 8.0000 -4.0000 0.0000 0.1807 0.3260 0.2422 0.2906 0.2199 1.2594 1.7822 3.3019 
14.0000 53.0000 3.0000 2.0000 0.0000 0.0000 2 1.0000 0.0000 1.6170 12.0000 0.0000 -4.0000 4.0000 -8.0000 8.0000 0.3637 0.1577 0.2063 0.3203 0.2101 1.2581 1.8665 3.3840 
14.0000 48.0000 3.0000 2.0000 1.0000 5.0000 8 -1.0000 1.0000 0.6010 4.0000 -4.0000 -8.0000 12.0000 0.0000 8.0000 0.2500 0.2500 0.2500 0.2500 0.2500 1.2500 1.7870 3.2924 
14.0000 50.0000 3.0000 2.0000 0.0000 -7.5000 2 1.0000 1.0000 0.7170 8.0000 0.0000 -8.0000 4.0000 -4.0000 12.0000 0.2110 0.2868 0.1530 0.3551 0.2472 1.2531 1.9835 3.4957 
14.0000 54.0000 3.0000 2.0000 0.0000 2.5000 2 1.0000 0.0000 1.4560 -4.0000 4.0000 12.0000 0.0000 8.0000 -8.0000 0.1786 0.2488 0.2911 0.3484 0.1927 1.2596 1.8165 3.3355 
14.0000 23.0000 3.0000 -2.0000 0.0000 -5.0000 2 1.0000 1.0000 0.7920 0.0000 -8.0000 -12.0000 8.0000 -4.0000 4.0000 0.1585 0.2651 0.3479 0.2607 0.2078 1.2400 1.9861 3.4825 
14.0000 20.0000 3.0000 -2.0000 1.0000 5.0000 8 -1.0000 1.0000 0.8120 -8.0000 0.0000 4.0000 -4.0000 8.0000 -12.0000 0.2500 0.2500 0.2500 0.2500 0.2500 1.2500 1.9738 3.4758 
14.0000 27.0000 3.0000 -2.0000 0.0000 5.0000 8 -1.0000 1.0000 0.6270 -12.0000 -4.0000 8.0000 -8.0000 4.0000 0.0000 0.2291 0.2912 0.2525 0.2130 0.2712 1.2570 1.8934 3.3996 
14.0000 39.0000 3.0000 0.0000 0.0000 0.0000 2 1.0000 0.0000 1.6960 10.0000 -2.0000 -6.0000 2.0000 -10.0000 6.0000 0.2378 0.2083 0.2471 0.2930 0.2592 1.2454 1.8975 3.3879 
14.0000 30.0000 3.0000 0.0000 1.0000 -5.0000 2 1.0000 1.0000 0.5460 -10.0000 2.0000 10.0000 -2.0000 6.0000 -6.0000 0.2500 0.2500 0.2500 0.2500 0.2500 1.2500 1.7628 3.2592 
14.0000 10.0000 3.0000 -4.0000 0.0000 -2.5000 2 1.0000 1.0000 0.6900 6.0000 -2.0000 -14.0000 2.0000 -10.0000 -6.0000 0.1615 0.2274 0.3777 0.3179 0.1740 1.2587 1.9062 3.4013 
14.0000 38.0000 3.0000 0.0000 0.0000 -2.5000 2 1.0000 1.0000 1.1020 6.0000 -2.0000 -6.0000 2.0000 -10.0000 10.0000 0.2104 0.3718 0.2042 0.2490 0.2211 1.2565 1.8407 3.3491 
14.0000 9.0000 3.0000 -4.0000 0.0000 -5.0000 2 1.0000 1.0000 0.8700 -10.0000 2.0000 6.0000 -14.0000 -2.0000 -6.0000 0.2568 0.2282 0.1753 0.2309 0.3625 1.2537 1.8924 3.3964 
14.0000 65.0000 3.0000 4.0000 0.0000 -5.0000 2 1.0000 1.0000 0.8170 14.0000 2.0000 -6.0000 6.0000 -2.0000 10.0000 0.1581 0.3217 0.2276 0.2861 0.2605 1.2541 1.9242 3.4300 
14.0000 68.0000 3.0000 4.0000 0.0000 2.5000 8 -1.0000 1.0000 2.1830 2.0000 10.0000 14.0000 -6.0000 6.0000 -2.0000 0.1947 0.2540 0.3112 0.1504 0.3389 1.2493 1.8757 3.3753 
14.0000 33.0000 3.0000 0.0000 1.0000 2.5000 8 -1.0000 1.0000 0.8820 -6.0000 2.0000 10.0000 -2.0000 6.0000 -10.0000 0.2500 0.2500 0.2500 0.2500 0.2500 1.2500 1.9601 3.4592 
14.0000 8.0000 3.0000 -4.0000 0.0000 -7.5000 2 1.0000 1.0000 0.7680 -14.0000 -6.0000 2.0000 -10.0000 6.0000 -2.0000 0.2448 0.1717 0.2655 0.2139 0.3489 1.2448 1.8359 3.3374 
14.0000 21.0000 3.0000 -2.0000 1.0000 7.5000 8 -1.0000 1.0000 0.5940 -12.0000 0.0000 8.0000 -4.0000 4.0000 -8.0000 0.2500 0.2500 0.2500 0.2500 0.2500 1.2500 1.8488 3.3425 
14.0000 19.0000 3.0000 -2.0000 1.0000 2.5000 8 -1.0000 1.0000 0.5840 -12.0000 -4.0000 8.0000 -8.0000 4.0000 0.0000 0.2500 0.2500 0.2500 0.2500 0.2500 1.2500 1.9263 3.4259 
14.0000 45.0000 3.0000 2.0000 1.0000 -2.5000 2 1.0000 1.0000 1.0680 -4.0000 4.0000 8.0000 0.0000 12.0000 -8.0000 0.2500 0.2500 0.2500 0.2500 0.2500 1.2500 1.9285 3.4258 
14.0000 67.0000 3.0000 4.0000 0.0000 0.0000 8 -1.0000 0.0000 0.7720 -6.0000 6.0000 14.0000 2.0000 10.0000 -2.0000 0.2598 0.3654 0.2622 0.1667 0.1960 1.2501 1.7939 3.2925 
14.0000 13.0000 3.0000 -4.0000 0.0000 5.0000 8 -1.0000 1.0000 0.5970 2.0000 -6.0000 -14.0000 -2.0000 -10.0000 6.0000 0.2952 0.2408 0.2801 0.1792 0.2575 1.2528 1.9161 3.4122 
14.0000 2.0000 3.0000 -4.0000 1.0000 -5.0000 2 1.0000 1.0000 0.6340 6.0000 -2.0000 -10.0000 2.0000 -14.0000 -6.0000 0.2500 0.2500 0.2500 0.2500 0.2500 1.2500 1.7501 3.2424 
14.0000 4.0000 3.0000 -4.0000 1.0000 0.0000 8 -1.0000 0.0000 0.6770 -14.0000 -6.0000 2.0000 -10.0000 6.0000 -2.0000 0.2500 0.2500 0.2500 0.2500 0.2500 1.2500 1.8763 3.3927 
14.0000 69.0000 3.0000 4.0000 0.0000 5.0000 8 -1.0000 1.0000 0.9010 -6.0000 6.0000 14.0000 2.0000 10.0000 -2.0000 0.2610 0.2162 0.2509 0.1825 0.3397 1.2504 1.7569 3.2596 
14.0000 29.0000 3.0000 0.0000 1.0000 -7.5000 2 1.0000 1.0000 0.6030 -2.0000 6.0000 10.0000 -10.0000 2.0000 -6.0000 0.2500 0.2500 0.2500 0.2500 0.2500 1.2500 1.9856 3.4926 
14.0000 61.0000 3.0000 4.0000 1.0000 2.5000 8 -1.0000 1.0000 0.7320 2.0000 10.0000 14.0000 -6.0000 6.0000 -2.0000 0.2500 0.2500 0.2500 0.2500 0.2500 1.2500 1.8857 3.3925 
14.0000 70.0000 3.0000 4.0000 0.0000 7.5000 8 -1.0000 1.0000 0.6080 -2.0000 10.0000 14.0000 -6.0000 6.0000 2.0000 0.2766 0.3616 0.1636 0.1998 0.2440 1.2456 1.8105 3.3047 
14.0000 34.0000 3.0000 0.0000 1.0000 5.0000 8 -1.0000 1.0000 0.6090 6.0000 -6.0000 -10.0000 10.0000 -2.0000 2.0000 0.2500 0.2500 0.2500 0.2500 0.2500 1.2500 1.7713 3.2758 
14.0000 60.0000 3.0000 4.0000 1.0000 0.0000 2 1.0000 0.0000 0.8850 10.0000 -2.0000 -6.0000 14.0000 2.0000 6.0000 0.2500 0.2500 0.2500 0.2500 0.2500 1.2500 1.9562 3.4591 
14.0000 17.0000 3.0000 -2.0000 1.0000 -2.5000 2 1.0000 1.0000 0.9430 4.0000 -4.0000 -12.0000 0.0000 -8.0000 8.0000 0.2500 0.2500 0.2500 0.2500 0.2500 1.2500 1.7652 3.2592 
14.0000 26.0000 3.0000 -2.0000 0.0000 2.5000 8 -1.0000 1.0000 0.6680 -4.0000 4.0000 8.0000 -12.0000 0.0000 -8.0000 0.2305 0.3756 0.2383 0.1671 0.2401 1.2516 1.9444 3.4442 
14.0000 16.0000 3.0000 -2.0000 1.0000 -5.0000 2 1.0000 1.0000 0.6300 4.0000 -4.0000 -8.0000 0.0000 -12.0000 8.0000 0.2500 0.2500 0.2500 0.2500 0.2500 1.2500 1.9687 3.4592 
14.0000 66.0000 3.0000 4.0000 0.0000 -2.5000 8 -1.0000 0.0000 0.7520 14.0000 2.0000 -6.0000 6.0000 -2.0000 10.0000 0.1550 0.3659 0.1977 0.3549 0.1797 1.2532 1.7630 3.2624 
14.0000 3.0000 3.0000 -4.0000 1.0000 -2.5000 2 1.0000 1.0000 0.5810 -10.0000 -2.0000 2.0000 -6.0000 6.0000 -14.0000 0.2500 0.2500 0.2500 0.2500 0.2500 1.2500 1.8108 3.3092 
14.0000 43.0000 3.0000 2.0000 1.0000 -7.5000 8 -1.0000 0.0000 1.3000 -4.0000 4.0000 8.0000 0.0000 12.0000 -8.0000 0.2500 0.2500 0.2500 0.2500 0.2500 1.2500 1.9065 3.3926 
14.0000 22.0000 3.0000 -2.0000 0.0000 -7.5000 2 1.0000 1.0000 0.5800 -4.0000 4.0000 8.0000 -12.0000 0.0000 -8.0000 0.3059 0.2084 0.2493 0.1550 0.3352 1.2538 1.9565 3.4631 
14.0000 24.0000 3.0000 -2.0000 0.0000 -2.5000 8 -1.0000 0.0000 0.7270 -4.0000 4.0000 8.0000 -12.0000 0.0000 -8.0000 0.2660 0.2310 0.1536 0.2707 0.3322 1.2535 1.7519 3.2628 
14.0000 18.0000 3.0000 -2.0000 1.0000 0.0000 2 1.0000 0.0000 0.5890 -8.0000 4.0000 8.0000 -12.0000 0.0000 -4.0000 0.2500 0.2500 0.2500 0.2500 0.2500 1.2500 1.9564 3.4593 
14.0000 51.0000 3.0000 2.0000 0.0000 -5.0000 2 1.0000 1.0000 1.9620 8.0000 0.0000 -4.0000 4.0000 -8.0000 12.0000 0.3413 0.1904 0.2883 0.1888 0.2379 1.2467 1.9276 3.4226 
14.0000 11.0000 3.0000 -4.0000 0.0000 0.0000 2 1.0000 0.0000 0.8310 6.0000 -2.0000 -10.0000 2.0000 -14.0000 -6.0000 0.3649 0.1950 0.2701 0.1817 0.2293 1.2409 1.9355 3.4333 
14.0000 12.0000 3.0000 -4.0000 0.0000 2.5000 8 -1.0000 1.0000 0.6520 -14.0000 -2.0000 2.0000 -6.0000 6.0000 -10.0000 0.1582 0.3928 0.2512 0.2783 0.1670 1.2475 1.9033 3.4067 
14.0000 5.0000 3.0000 -4.0000 1.0000 2.5000 8 -1.0000 1.0000 0.6950 -2.0000 -10.0000 -14.0000 6.0000 -6.0000 2.0000 0.2500 0.2500 0.2500 0.2500 0.2500 1.2500 1.9496 3.4426 
14.0000 40.0000 3.0000 0.0000 0.0000 2.5000 8 -1.0000 1.0000 0.6510 -10.0000 2.0000 6.0000 -2.0000 10.0000 -6.0000 0.1744 0.3609 0.1776 0.2493 0.2785 1.2407 1.8562 3.3500 
14.0000 55.0000 3.0000 2.0000 0.0000 5.0000 8 -1.0000 1.0000 0.5760 -8.0000 0.0000 12.0000 -4.0000 8.0000 4.0000 0.2679 0.2972 0.2230 0.2881 0.1739 1.2501 1.8823 3.3759 
14.0000 41.0000 3.0000 0.0000 0.0000 5.0000 8 -1.0000 1.0000 0.5360 -10.0000 2.0000 10.0000 -2.0000 6.0000 -6.0000 0.3625 0.2032 0.1565 0.1859 0.3429 1.2509 1.8968 3.3933 
14.0000 59.0000 3.0000 4.0000 1.0000 -2.5000 8 -1.0000 0.0000 0.5240 -6.0000 6.0000 14.0000 2.0000 10.0000 -2.0000 0.2500 0.2500 0.2500 0.2500 0.2500 1.2500 1.8490 3.3426 
14.0000 52.0000 3.0000 2.0000 0.0000 -2.5000 8 -1.0000 0.0000 1.1900 12.0000 4.0000 -4.0000 8.0000 -8.0000 0.0000 0.2501 0.3107 0.3437 0.1520 0.2030 1.2595 1.8730 3.3687 
14.0000 42.0000 3.0000 0.0000 0.0000 7.5000 8 -1.0000 1.0000 0.8030 -6.0000 6.0000 10.0000 -10.0000 2.0000 -2.0000 0.1622 0.3650 0.1542 0.3797 0.1862 1.2473 1.7658 3.2565 
14.0000 46.0000 3.0000 2.0000 1.0000 0.0000 2 1.0000 0.0000 1.2600 12.0000 0.0000 -4.0000 4.0000 -8.0000 8.0000 0.2500 0.2500 0.2500 0.2500 0.2500 1.2500 1.7974 3.3092 
14.0000 15.0000 3.0000 -2.0000 1.0000 -7.5000 2 1.0000 1.0000 0.6800 -8.0000 0.0000 8.0000 -4.0000 4.0000 -12.0000 0.2500 0.2500 0.2500 0.2500 0.2500 1.2500 1.8523 3.3591 
14.0000 25.0000 3.0000 -2.0000 0.0000 0.0000 8 -1.0000 0.0000 2.4650 -4.0000 4.0000 8.0000 -12.0000 0.0000 -8.0000 0.1775 0.2858 0.2198 0.3245 0.2426 1.2501 1.9222 3.4260 
14.0000 62.0000 3.0000 4.0000 1.0000 5.0000 2 1.0000 0.0000 1.1370 10.0000 -2.0000 -6.0000 14.0000 2.0000 6.0000 0.2500 0.2500 0.2500 0.2500 0.2500 1.2500 1.9789 3.4759 
14.0000 63.0000 3.0000 4.0000 1.0000 7.5000 2 1.0000 0.0000 2.6180 -6.0000 6.0000 10.0000 2.0000 14.0000 -2.0000 0.2500 0.2500 0.2500 0.2500 0.2500 1.2500 1.8840 3.3925 
14.0000 36.0000 3.0000 0.0000 0.0000 -7.5000 2 1.0000 1.0000 0.7010 10.0000 -2.0000 -6.0000 2.0000 -10.0000 6.0000 0.3035 0.1818 0.2621 0.2949 0.2077 1.2500 1.9245 3.4259 
14.0000 56.0000 3.0000 2.0000 0.0000 7.5000 8 -1.0000 1.0000 0.9080 -8.0000 0.0000 12.0000 -4.0000 8.0000 4.0000 0.2705 0.1891 0.2407 0.3127 0.2458 1.2588 1.7737 3.2848 
14.0000 58.0000 3.0000 4.0000 1.0000 -5.0000 2 1.0000 1.0000 0.9380 -6.0000 2.0000 10.0000 -2.0000 14.0000 6.0000 0.2500 0.2500 0.2500 0.2500 0.2500 1.2500 1.9930 3.4925 
14.0000 1.0000 3.0000 -4.0000 1.0000 -7.5000 2 1.0000 1.0000 0.8030 -14.0000 -6.0000 2.0000 -10.0000 6.0000 -2.0000 0.2500 0.2500 0.2500 0.2500 0.2500 1.2500 1.9414 3.4424 
14.0000 7.0000 3.0000 -4.0000 1.0000 7.5000 2 1.0000 0.0000 1.3350 2.0000 -6.0000 -10.0000 -2.0000 -14.0000 6.0000 0.2500 0.2500 0.2500 0.2500 0.2500 1.2500 1.9396 3.4259 
14.0000 47.0000 3.0000 2.0000 1.0000 2.5000 8 -1.0000 1.0000 0.5640 -8.0000 0.0000 8.0000 -4.0000 12.0000 4.0000 0.2500 0.2500 0.2500 0.2500 0.2500 1.2500 1.8142 3.3091 
14.0000 31.0000 3.0000 0.0000 1.0000 -2.5000 2 1.0000 1.0000 0.7680 -10.0000 2.0000 10.0000 -2.0000 6.0000 -6.0000 0.2500 0.2500 0.2500 0.2500 0.2500 1.2500 1.7990 3.3093 
14.0000 37.0000 3.0000 0.0000 0.0000 -5.0000 2 1.0000 1.0000 0.9930 6.0000 -6.0000 -10.0000 10.0000 -2.0000 2.0000 0.2594 0.3713 0.1914 0.1638 0.2704 1.2563 1.9883 3.4988 
14.0000 64.0000 3.0000 4.0000 0.0000 -7.5000 2 1.0000 1.0000 0.6760 -6.0000 2.0000 14.0000 -2.0000 10.0000 6.0000 0.3142 0.1681 0.2494 0.3593 0.1520 1.2430 1.8004 3.3023 
14.0000 6.0000 3.0000 -4.0000 1.0000 5.0000 8 -1.0000 1.0000 0.6160 -14.0000 -2.0000 6.0000 -6.0000 2.0000 -10.0000 0.2500 0.2500 0.2500 0.2500 0.2500 1.2500 1.8137 3.3258 
14.0000 44.0000 3.0000 2.0000 1.0000 -5.0000 2 1.0000 1.0000 0.4940 -8.0000 4.0000 12.0000 0.0000 8.0000 -4.0000 0.2500 0.2500 0.2500 0.2500 0.2500 1.2500 1.9582 3.4592 
14.0000 35.0000 3.0000 0.0000 1.0000 7.5000 8 -1.0000 1.0000 0.6820 10.0000 2.0000 -10.0000 6.0000 -6.0000 -2.0000 0.2500 0.2500 0.2500 0.2500 0.2500 1.2500 1.9970 3.4926 
14.0000 49.0000 3.0000 2.0000 1.0000 7.5000 8 -1.0000 1.0000 0.4190 -4.0000 4.0000 12.0000 0.0000 8.0000 -8.0000 0.2500 0.2500 0.2500 0.2500 0.2500 1.2500 1.9542 3.4592 
14.0000 14.0000 3.0000 -4.0000 0.0000 7.5000 8 -1.0000 1.0000 0.5090 6.0000 -2.0000 -14.0000 2.0000 -10.0000 -6.0000 0.1879 0.1525 0.2233 0.3191 0.3634 1.2462 1.9879 3.4888 
14.0000 32.0000 3.0000 0.0000 1.0000 0.0000 8 -1.0000 0.0000 0.8120 10.0000 -2.0000 -6.0000 2.0000 -10.0000 6.0000 0.2500 0.2500 0.2500 0.2500 0.2500 1.2500 1.9825 3.4760 
14.0000 57.0000 3.0000 4.0000 1.0000 -7.5000 2 1.0000 1.0000 0.5010 14.0000 2.0000 -2.0000 6.0000 -6.0000 10.0000 0.2500 0.2500 0.2500 0.2500 0.2500 1.2500 1.8242 3.3258 
14.0000 50.0000 4.0000 2.0000 0.0000 -7.5000 2 1.0000 1.0000 0.5190 -8.0000 0.0000 12.0000 -4.0000 8.0000 4.0000 0.3735 0.2210 0.2648 0.1788 0.2094 1.2476 1.9465 3.4402 
14.0000 47.0000 4.0000 2.0000 1.0000 2.5000 2 1.0000 0.0000 1.5480 12.0000 4.0000 -4.0000 8.0000 -8.0000 0.0000 0.2500 0.2500 0.2500 0.2500 0.2500 1.2500 1.7958 3.2924 
14.0000 38.0000 4.0000 0.0000 0.0000 -2.5000 2 1.0000 1.0000 0.7920 2.0000 -6.0000 -10.0000 10.0000 -2.0000 6.0000 0.1935 0.3010 0.3481 0.2496 0.1536 1.2458 1.8641 3.3550 
14.0000 59.0000 4.0000 4.0000 1.0000 -2.5000 2 1.0000 1.0000 1.1040 14.0000 2.0000 -6.0000 6.0000 -2.0000 10.0000 0.2500 0.2500 0.2500 0.2500 0.2500 1.2500 1.9951 3.5094 
14.0000 64.0000 4.0000 4.0000 0.0000 -7.5000 2 1.0000 1.0000 0.6290 10.0000 2.0000 -6.0000 6.0000 -2.0000 14.0000 0.3194 0.1748 0.3367 0.1736 0.2530 1.2575 1.9722 3.4834 
14.0000 32.0000 4.0000 0.0000 1.0000 0.0000 2 1.0000 0.0000 1.6080 -2.0000 6.0000 10.0000 -10.0000 2.0000 -6.0000 0.2500 0.2500 0.2500 0.2500 0.2500 1.2500 1.7728 3.2758 
14.0000 9.0000 4.0000 -4.0000 0.0000 -5.0000 2 1.0000 1.0000 0.8910 -2.0000 -10.0000 -14.0000 6.0000 -6.0000 2.0000 0.2935 0.2071 0.3095 0.2312 0.1996 1.2408 1.9180 3.4168 
14.0000 65.0000 4.0000 4.0000 0.0000 -5.0000 2 1.0000 1.0000 0.8820 -6.0000 6.0000 14.0000 2.0000 10.0000 -2.0000 0.3093 0.1909 0.2808 0.1888 0.2820 1.2519 1.9823 3.4945 
14.0000 16.0000 4.0000 -2.0000 1.0000 -5.0000 2 1.0000 1.0000 0.7530 4.0000 -8.0000 -12.0000 8.0000 -4.0000 0.0000 0.2500 0.2500 0.2500 0.2500 0.2500 1.2500 1.8067 3.3092 
14.0000 20.0000 4.0000 -2.0000 1.0000 5.0000 8 -1.0000 1.0000 0.7290 -8.0000 4.0000 8.0000 -12.0000 0.0000 -4.0000 0.2500 0.2500 0.2500 0.2500 0.2500 1.2500 1.8727 3.3760 
14.0000 60.0000 4.0000 4.0000 1.0000 0.0000 8 -1.0000 0.0000 0.6790 -2.0000 6.0000 14.0000 2.0000 10.0000 -6.0000 0.2500 0.2500 0.2500 0.2500 0.2500 1.2500 1.7879 3.2925 
14.0000 10.0000 4.0000 -4.0000 0.0000 -2.5000 2 1.0000 1.0000 0.5050 6.0000 -6.0000 -10.0000 -2.0000 -14.0000 2.0000 0.2360 0.1764 0.3657 0.2985 0.1657 1.2423 1.7507 3.2348 
14.0000 51.0000 4.0000 2.0000 0.0000 -5.0000 2 1.0000 1.0000 1.4220 -4.0000 4.0000 8.0000 0.0000 12.0000 -8.0000 0.2452 0.1986 0.3863 0.1620 0.2487 1.2408 1.8485 3.3334 
14.0000 43.0000 4.0000 2.0000 1.0000 -7.5000 2 1.0000 1.0000 0.4890 12.0000 0.0000 -4.0000 4.0000 -8.0000 8.0000 0.2500 0.2500 0.2500 0.2500 0.2500 1.2500 1.7820 3.2760 
14.0000 1.0000 4.0000 -4.0000 1.0000 -7.5000 2 1.0000 1.0000 0.5530 -10.0000 2.0000 6.0000 -14.0000 -2.0000 -6.0000 0.2500 0.2500 0.2500 0.2500 0.2500 1.2500 1.9409 3.4427 
14.0000 67.0000 4.0000 4.0000 0.0000 0.0000 2 1.0000 0.0000 0.4510 6.0000 -2.0000 -6.0000 14.0000 2.0000 10.0000 0.2435 0.1898 0.3139 0.2749 0.2307 1.2529 1.8648 3.3621 
14.0000 42.0000 4.0000 0.0000 0.0000 7.5000 8 -1.0000 1.0000 0.7560 -10.0000 2.0000 6.0000 -2.0000 10.0000 -6.0000 0.2172 0.3528 0.2899 0.2164 0.1729 1.2493 1.9461 3.4585 
14.0000 11.0000 4.0000 -4.0000 0.0000 0.0000 2 1.0000 0.0000 0.8620 2.0000 -6.0000 -10.0000 -2.0000 -14.0000 6.0000 0.2028 0.3271 0.1637 0.2255 0.3218 1.2409 1.8349 3.3334 
14.0000 62.0000 4.0000 4.0000 1.0000 5.0000 8 -1.0000 1.0000 1.9820 14.0000 2.0000 -6.0000 6.0000 -2.0000 10.0000 0.2500 0.2500 0.2500 0.2500 0.2500 1.2500 1.7913 3.2925 
14.0000 58.0000 4.0000 4.0000 1.0000 -5.0000 2 1.0000 1.0000 0.7210 14.0000 2.0000 -6.0000 6.0000 -2.0000 10.0000 0.2500 0.2500 0.2500 0.2500 0.2500 1.2500 1.8009 3.3091 
14.0000 4.0000 4.0000 -4.0000 1.0000 0.0000 8 -1.0000 0.0000 0.8510 -10.0000 2.0000 6.0000 -14.0000 -2.0000 -6.0000 0.2500 0.2500 0.2500 0.2500 0.2500 1.2500 1.8546 3.3592 
14.0000 46.0000 4.0000 2.0000 1.0000 0.0000 2 1.0000 0.0000 0.6680 12.0000 4.0000 -8.0000 8.0000 -4.0000 0.0000 0.2500 0.2500 0.2500 0.2500 0.2500 1.2500 1.9755 3.4758 
14.0000 30.0000 4.0000 0.0000 1.0000 -5.0000 8 -1.0000 0.0000 1.7580 -10.0000 -2.0000 6.0000 -6.0000 10.0000 2.0000 0.2500 0.2500 0.2500 0.2500 0.2500 1.2500 1.9505 3.4426 
14.0000 28.0000 4.0000 -2.0000 0.0000 7.5000 8 -1.0000 1.0000 0.6140 0.0000 -8.0000 -12.0000 8.0000 -4.0000 4.0000 0.2145 0.2428 0.3322 0.2136 0.2485 1.2517 1.9413 3.4444 
14.0000 39.0000 4.0000 0.0000 0.0000 0.0000 8 -1.0000 0.0000 0.4960 -6.0000 2.0000 10.0000 -2.0000 6.0000 -10.0000 0.2394 0.1971 0.3665 0.2630 0.1818 1.2479 1.7868 3.2737 
14.0000 25.0000 4.0000 -2.0000 0.0000 0.0000 8 -1.0000 0.0000 0.6960 -12.0000 0.0000 8.0000 -4.0000 4.0000 -8.0000 0.2246 0.2920 0.2174 0.1534 0.3604 1.2478 1.9238 3.4237 
14.0000 63.0000 4.0000 4.0000 1.0000 7.5000 8 -1.0000 1.0000 0.7280 10.0000 2.0000 -6.0000 6.0000 -2.0000 14.0000 0.2500 0.2500 0.2500 0.2500 0.2500 1.2500 1.7857 3.2759 
14.0000 31.0000 4.0000 0.0000 1.0000 -2.5000 8 -1.0000 0.0000 1.3600 6.0000 -2.0000 -10.0000 2.0000 -6.0000 10.0000 0.2500 0.2500 0.2500 0.2500 0.2500 1.2500 1.7569 3.2425 
14.0000 44.0000 4.0000 2.0000 1.0000 -5.0000 8 -1.0000 0.0000 1.1600 -8.0000 4.0000 8.0000 0.0000 12.0000 -4.0000 0.2500 0.2500 0.2500 0.2500 0.2500 1.2500 1.8654 3.3758 
14.0000 55.0000 4.0000 2.0000 0.0000 5.0000 8 -1.0000 1.0000 0.7420 12.0000 0.0000 -8.0000 4.0000 -4.0000 8.0000 0.2540 0.2103 0.3205 0.2445 0.2144 1.2436 1.9189 3.4196 
14.0000 8.0000 4.0000 -4.0000 0.0000 -7.5000 2 1.0000 1.0000 0.8910 -14.0000 -2.0000 6.0000 -6.0000 2.0000 -10.0000 0.2457 0.3657 0.1574 0.3281 0.1628 1.2596 1.9791 3.4856 
14.0000 6.0000 4.0000 -4.0000 1.0000 5.0000 8 -1.0000 1.0000 0.5350 -2.0000 -10.0000 -14.0000 6.0000 -6.0000 2.0000 0.2500 0.2500 0.2500 0.2500 0.2500 1.2500 1.8349 3.3425 
14.0000 17.0000 4.0000 -2.0000 1.0000 -2.5000 2 1.0000 1.0000 1.1680 -12.0000 -4.0000 4.0000 -8.0000 8.0000 0.0000 0.2500 0.2500 0.2500 0.2500 0.2500 1.2500 1.8851 3.3927 
14.0000 48.0000 4.0000 2.0000 1.0000 5.0000 8 -1.0000 1.0000 0.6040 -4.0000 4.0000 8.0000 0.0000 12.0000 -8.0000 0.2500 0.2500 0.2500 0.2500 0.2500 1.2500 1.8464 3.3425 
14.0000 5.0000 4.0000 -4.0000 1.0000 2.5000 8 -1.0000 1.0000 0.5800 -2.0000 -10.0000 -14.0000 6.0000 -6.0000 2.0000 0.2500 0.2500 0.2500 0.2500 0.2500 1.2500 1.8028 3.3092 
14.0000 24.0000 4.0000 -2.0000 0.0000 -2.5000 8 -1.0000 0.0000 0.6810 -12.0000 -4.0000 4.0000 -8.0000 8.0000 0.0000 0.2070 0.1671 0.3456 0.2039 0.3170 1.2407 1.8001 3.2831 
14.0000 29.0000 4.0000 0.0000 1.0000 -7.5000 2 1.0000 1.0000 0.6620 10.0000 -2.0000 -6.0000 2.0000 -10.0000 6.0000 0.2500 0.2500 0.2500 0.2500 0.2500 1.2500 1.8243 3.3260 
14.0000 61.0000 4.0000 4.0000 1.0000 2.5000 2 1.0000 0.0000 0.7400 -2.0000 6.0000 14.0000 2.0000 10.0000 -6.0000 0.2500 0.2500 0.2500 0.2500 0.2500 1.2500 1.8808 3.3758 
14.0000 19.0000 4.0000 -2.0000 1.0000 2.5000 8 -1.0000 1.0000 0.6880 -8.0000 4.0000 8.0000 -12.0000 0.0000 -4.0000 0.2500 0.2500 0.2500 0.2500 0.2500 1.2500 1.9741 3.4760 
14.0000 40.0000 4.0000 0.0000 0.0000 2.5000 8 -1.0000 1.0000 0.6840 10.0000 2.0000 -10.0000 6.0000 -6.0000 -2.0000 0.1844 0.2921 0.3442 0.2654 0.1612 1.2473 1.9013 3.3898 
14.0000 14.0000 4.0000 -4.0000 0.0000 7.5000 8 -1.0000 1.0000 0.9090 -10.0000 2.0000 6.0000 -14.0000 -2.0000 -6.0000 0.2121 0.2713 0.2319 0.1793 0.3641 1.2587 1.7641 3.2679 
14.0000 54.0000 4.0000 2.0000 0.0000 2.5000 8 -1.0000 1.0000 0.8280 -4.0000 8.0000 12.0000 -8.0000 4.0000 0.0000 0.3301 0.2295 0.3108 0.1592 0.2109 1.2405 1.7643 3.2663 
14.0000 21.0000 4.0000 -2.0000 1.0000 7.5000 8 -1.0000 1.0000 0.9950 4.0000 -8.0000 -12.0000 8.0000 -4.0000 0.0000 0.2500 0.2500 0.2500 0.2500 0.2500 1.2500 1.8144 3.3258 
14.0000 41.0000 4.0000 0.0000 0.0000 5.0000 8 -1.0000 1.0000 2.1580 2.0000 -6.0000 -10.0000 10.0000 -2.0000 6.0000 0.1965 0.1670 0.3825 0.3279 0.1698 1.2436 1.9579 3.4528 
14.0000 2.0000 4.0000 -4.0000 1.0000 -5.0000 2 1.0000 1.0000 0.5470 6.0000 -6.0000 -10.0000 -2.0000 -14.0000 2.0000 0.2500 0.2500 0.2500 0.2500 0.2500 1.2500 1.9554 3.4592 
14.0000 26.0000 4.0000 -2.0000 0.0000 2.5000 2 1.0000 0.0000 1.5660 0.0000 -8.0000 -12.0000 8.0000 -4.0000 4.0000 0.2804 0.2218 0.1659 0.2256 0.3642 1.2579 1.8241 3.3337 
14.0000 34.0000 4.0000 0.0000 1.0000 5.0000 2 1.0000 0.0000 1.2350 6.0000 -2.0000 -6.0000 2.0000 -10.0000 10.0000 0.2500 0.2500 0.2500 0.2500 0.2500 1.2500 1.9505 3.4425 
14.0000 57.0000 4.0000 4.0000 1.0000 -7.5000 2 1.0000 1.0000 0.6530 -2.0000 6.0000 14.0000 2.0000 10.0000 -6.0000 0.2500 0.2500 0.2500 0.2500 0.2500 1.2500 1.9679 3.4593 
14.0000 7.0000 4.0000 -4.0000 1.0000 7.5000 2 1.0000 0.0000 0.9840 -6.0000 2.0000 6.0000 -14.0000 -2.0000 -10.0000 0.2500 0.2500 0.2500 0.2500 0.2500 1.2500 1.7528 3.2424 
14.0000 53.0000 4.0000 2.0000 0.0000 0.0000 2 1.0000 0.0000 0.9520 8.0000 -4.0000 -8.0000 12.0000 0.0000 4.0000 0.2347 0.2738 0.2424 0.3092 0.1878 1.2480 1.8868 3.3739 
14.0000 70.0000 4.0000 4.0000 0.0000 7.5000 8 -1.0000 1.0000 0.6920 -6.0000 2.0000 14.0000 -2.0000 10.0000 6.0000 0.2545 0.3764 0.1597 0.2106 0.2587 1.2600 1.7981 3.3026 
14.0000 37.0000 4.0000 0.0000 0.0000 -5.0000 2 1.0000 1.0000 0.6530 10.0000 2.0000 -6.0000 6.0000 -10.0000 -2.0000 0.3524 0.1543 0.2267 0.3136 0.1993 1.2463 1.7583 3.2555 
14.0000 36.0000 4.0000 0.0000 0.0000 -7.5000 2 1.0000 1.0000 0.5570 2.0000 -6.0000 -10.0000 10.0000 -2.0000 6.0000 0.3590 0.2487 0.2017 0.2395 0.2077 1.2565 1.9922 3.4991 
14.0000 49.0000 4.0000 2.0000 1.0000 7.5000 8 -1.0000 1.0000 0.6820 8.0000 0.0000 -4.0000 4.0000 -8.0000 12.0000 0.2500 0.2500 0.2500 0.2500 0.2500 1.2500 1.7684 3.2760 
14.0000 23.0000 4.0000 -2.0000 0.0000 -5.0000 2 1.0000 1.0000 0.6530 -12.0000 0.0000 4.0000 -4.0000 8.0000 -8.0000 0.2451 0.1555 0.2203 0.2617 0.3754 1.2580 1.8955 3.4173 
14.0000 69.0000 4.0000 4.0000 0.0000 5.0000 8 -1.0000 1.0000 0.9530 14.0000 2.0000 -2.0000 6.0000 -6.0000 10.0000 0.2064 0.3377 0.2776 0.2337 0.1909 1.2462 1.8598 3.3555 
14.0000 33.0000 4.0000 0.0000 1.0000 2.5000 8 -1.0000 1.0000 1.0750 -10.0000 -2.0000 10.0000 -6.0000 6.0000 2.0000 0.2500 0.2500 0.2500 0.2500 0.2500 1.2500 1.8911 3.3926 
14.0000 3.0000 4.0000 -4.0000 1.0000 -2.5000 2 1.0000 1.0000 0.9330 -14.0000 -6.0000 6.0000 -10.0000 2.0000 -2.0000 0.2500 0.2500 0.2500 0.2500 0.2500 1.2500 1.9103 3.4092 
14.0000 15.0000 4.0000 -2.0000 1.0000 -7.5000 2 1.0000 1.0000 0.7660 -8.0000 0.0000 4.0000 -4.0000 8.0000 -12.0000 0.2500 0.2500 0.2500 0.2500 0.2500 1.2500 1.8799 3.3758 
14.0000 68.0000 4.0000 4.0000 0.0000 2.5000 8 -1.0000 1.0000 1.9490 10.0000 -2.0000 -6.0000 14.0000 2.0000 6.0000 0.3548 0.1738 0.2187 0.2880 0.2130 1.2484 1.9099 3.4076 
14.0000 13.0000 4.0000 -4.0000 0.0000 5.0000 8 -1.0000 1.0000 0.7210 -14.0000 -6.0000 6.0000 -10.0000 2.0000 -2.0000 0.3847 0.1696 0.2958 0.2405 0.1625 1.2531 1.8124 3.3124 
14.0000 45.0000 4.0000 2.0000 1.0000 -2.5000 8 -1.0000 0.0000 0.8070 -8.0000 0.0000 8.0000 -4.0000 12.0000 4.0000 0.2500 0.2500 0.2500 0.2500 0.2500 1.2500 1.9767 3.4761 
14.0000 22.0000 4.0000 -2.0000 0.0000 -7.5000 2 1.0000 1.0000 0.8340 -8.0000 4.0000 8.0000 -12.0000 0.0000 -4.0000 0.2736 0.2060 0.2690 0.3088 0.1904 1.2478 1.9834 3.4737 
14.0000 52.0000 4.0000 2.0000 0.0000 -2.5000 2 1.0000 1.0000 0.9320 8.0000 0.0000 -4.0000 4.0000 -8.0000 12.0000 0.3224 0.1904 0.3223 0.2411 0.1642 1.2404 1.9887 3.4663 
14.0000 66.0000 4.0000 4.0000 0.0000 -2.5000 2 1.0000 1.0000 1.9620 -2.0000 6.0000 14.0000 2.0000 10.0000 -6.0000 0.1767 0.2506 0.3489 0.2174 0.2503 1.2438 1.9888 3.4697 
14.0000 18.0000 4.0000 -2.0000 1.0000 0.0000 2 1.0000 0.0000 0.8880 -12.0000 0.0000 8.0000 -4.0000 4.0000 -8.0000 0.2500 0.2500 0.2500 0.2500 0.2500 1.2500 1.9059 3.4093 
14.0000 12.0000 4.0000 -4.0000 0.0000 2.5000 8 -1.0000 1.0000 0.9690 -2.0000 -10.0000 -14.0000 6.0000 -6.0000 2.0000 0.1503 0.3361 0.1580 0.3244 0.2839 1.2527 1.9429 3.4453 
14.0000 27.0000 4.0000 -2.0000 0.0000 5.0000 8 -1.0000 1.0000 0.7950 8.0000 0.0000 -12.0000 4.0000 -8.0000 -4.0000 0.3461 0.2315 0.1689 0.2768 0.2171 1.2404 1.7665 3.2661 
14.0000 35.0000 4.0000 0.0000 1.0000 7.5000 8 -1.0000 1.0000 0.5810 10.0000 2.0000 -10.0000 6.0000 -6.0000 -2.0000 0.2500 0.2500 0.2500 0.2500 0.2500 1.2500 1.8039 3.3092 
14.0000 56.0000 4.0000 2.0000 0.0000 7.5000 8 -1.0000 1.0000 0.5360 8.0000 0.0000 -4.0000 4.0000 -8.0000 12.0000 0.1649 0.3746 0.1562 0.3424 0.2063 1.2444 1.8087 3.3035 
14.0000 16.0000 5.0000 -2.0000 1.0000 -5.0000 2 1.0000 1.0000 0.8760 4.0000 -8.0000 -12.0000 8.0000 -4.0000 0.0000 0.2500 0.2500 0.2500 0.2500 0.2500 1.2500 1.8255 3.3259 
14.0000 53.0000 5.0000 2.0000 0.0000 0.0000 8 -1.0000 0.0000 0.7100 8.0000 0.0000 -8.0000 4.0000 -4.0000 12.0000 0.3288 0.2857 0.1766 0.2137 0.2404 1.2452 1.9541 3.4545 
14.0000 35.0000 5.0000 0.0000 1.0000 7.5000 8 -1.0000 1.0000 0.6900 -10.0000 2.0000 6.0000 -2.0000 10.0000 -6.0000 0.2500 0.2500 0.2500 0.2500 0.2500 1.2500 1.8636 3.3591 
14.0000 39.0000 5.0000 0.0000 0.0000 0.0000 8 -1.0000 0.0000 1.8450 10.0000 -2.0000 -6.0000 2.0000 -10.0000 6.0000 0.2681 0.3335 0.2591 0.1670 0.2230 1.2507 1.8543 3.3601 
14.0000 21.0000 5.0000 -2.0000 1.0000 7.5000 8 -1.0000 1.0000 0.8590 8.0000 0.0000 -8.0000 4.0000 -12.0000 -4.0000 0.2500 0.2500 0.2500 0.2500 0.2500 1.2500 1.8564 3.3591 
14.0000 50.0000 5.0000 2.0000 0.0000 -7.5000 2 1.0000 1.0000 0.8180 -4.0000 4.0000 8.0000 0.0000 12.0000 -8.0000 0.1642 0.3663 0.1794 0.3388 0.2113 1.2599 1.8231 3.3357 
14.0000 25.0000 5.0000 -2.0000 0.0000 0.0000 8 -1.0000 0.0000 0.7170 8.0000 0.0000 -8.0000 4.0000 -12.0000 -4.0000 0.2975 0.1916 0.2574 0.3326 0.1657 1.2449 1.9840 3.4709 
14.0000 26.0000 5.0000 -2.0000 0.0000 2.5000 2 1.0000 0.0000 2.6280 8.0000 -4.0000 -8.0000 0.0000 -12.0000 4.0000 0.1706 0.2411 0.3163 0.1556 0.3591 1.2427 1.9620 3.4519 
14.0000 63.0000 5.0000 4.0000 1.0000 7.5000 8 -1.0000 1.0000 0.5370 10.0000 2.0000 -2.0000 6.0000 -6.0000 14.0000 0.2500 0.2500 0.2500 0.2500 0.2500 1.2500 1.9095 3.4092 
14.0000 62.0000 5.0000 4.0000 1.0000 5.0000 8 -1.0000 1.0000 0.5170 2.0000 10.0000 14.0000 -6.0000 6.0000 -2.0000 0.2500 0.2500 0.2500 0.2500 0.2500 1.2500 1.7669 3.2758 
14.0000 52.0000 5.0000 2.0000 0.0000 -2.5000 8 -1.0000 0.0000 0.6400 -8.0000 4.0000 8.0000 0.0000 12.0000 -4.0000 0.2976 0.1606 0.2523 0.3373 0.1935 1.2412 1.8775 3.3836 
14.0000 15.0000 5.0000 -2.0000 1.0000 -7.5000 2 1.0000 1.0000 0.6670 0.0000 -8.0000 -12.0000 8.0000 -4.0000 4.0000 0.2500 0.2500 0.2500 0.2500 0.2500 1.2500 1.9188 3.4260 
14.0000 11.0000 5.0000 -4.0000 0.0000 0.0000 8 -1.0000 0.0000 0.8730 -14.0000 -6.0000 2.0000 -10.0000 6.0000 -2.0000 0.1599 0.2116 0.3576 0.3199 0.2040 1.2531 1.8099 3.3123 
14.0000 56.0000 5.0000 2.0000 0.0000 7.5000 8 -1.0000 1.0000 0.8900 12.0000 4.0000 -4.0000 8.0000 -8.0000 0.0000 0.2699 0.1874 0.3573 0.1711 0.2672 1.2529 1.9804 3.4788 
14.0000 4.0000 5.0000 -4.0000 1.0000 0.0000 8 -1.0000 0.0000 0.8160 -14.0000 -6.0000 2.0000 -10.0000 6.0000 -2.0000 0.2500 0.2500 0.2500 0.2500 0.2500 1.2500 1.7838 3.2926 
14.0000 57.0000 5.0000 4.0000 1.0000 -7.5000 2 1.0000 1.0000 0.8990 10.0000 2.0000 -6.0000 6.0000 -2.0000 14.0000 0.2500 0.2500 0.2500 0.2500 0.2500 1.2500 1.8031 3.3092 
14.0000 9.0000 5.0000 -4.0000 0.0000 -5.0000 2 1.0000 1.0000 2.0250 2.0000 -6.0000 -10.0000 -2.0000 -14.0000 6.0000 0.2965 0.2330 0.3091 0.2326 0.1765 1.2478 1.7556 3.2569 
14.0000 43.0000 5.0000 2.0000 1.0000 -7.5000 2 1.0000 1.0000 0.7190 -4.0000 8.0000 12.0000 -8.0000 4.0000 0.0000 0.2500 0.2500 0.2500 0.2500 0.2500 1.2500 1.8730 3.3760 
14.0000 30.0000 5.0000 0.0000 1.0000 -5.0000 2 1.0000 1.0000 0.7970 -2.0000 6.0000 10.0000 -10.0000 2.0000 -6.0000 0.2500 0.2500 0.2500 0.2500 0.2500 1.2500 1.7927 3.2925 
14.0000 58.0000 5.0000 4.0000 1.0000 -5.0000 2 1.0000 1.0000 0.5930 -2.0000 10.0000 14.0000 -6.0000 6.0000 2.0000 0.2500 0.2500 0.2500 0.2500 0.2500 1.2500 1.7886 3.2759 
14.0000 64.0000 5.0000 4.0000 0.0000 -7.5000 2 1.0000 1.0000 0.5180 10.0000 2.0000 -2.0000 6.0000 -6.0000 14.0000 0.2231 0.3603 0.1988 0.3161 0.1540 1.2523 1.7825 3.2781 
14.0000 7.0000 5.0000 -4.0000 1.0000 7.5000 8 -1.0000 1.0000 0.5450 6.0000 -2.0000 -14.0000 2.0000 -10.0000 -6.0000 0.2500 0.2500 0.2500 0.2500 0.2500 1.2500 1.8526 3.3425 
14.0000 59.0000 5.0000 4.0000 1.0000 -2.5000 8 -1.0000 0.0000 1.0180 10.0000 2.0000 -6.0000 6.0000 -2.0000 14.0000 0.2500 0.2500 0.2500 0.2500 0.2500 1.2500 1.8660 3.3759 
14.0000 49.0000 5.0000 2.0000 1.0000 7.5000 8 -1.0000 1.0000 0.7490 12.0000 0.0000 -4.0000 4.0000 -8.0000 8.0000 0.2500 0.2500 0.2500 0.2500 0.2500 1.2500 1.9494 3.4592 
14.0000 51.0000 5.0000 2.0000 0.0000 -5.0000 2 1.0000 1.0000 0.6010 -4.0000 8.0000 12.0000 -8.0000 4.0000 0.0000 0.1887 0.2329 0.3249 0.1700 0.3338 1.2504 1.9823 3.4931 
14.0000 40.0000 5.0000 0.0000 0.0000 2.5000 8 -1.0000 1.0000 0.8350 6.0000 -2.0000 -6.0000 2.0000 -10.0000 10.0000 0.2181 0.2906 0.2135 0.3083 0.2188 1.2493 1.7715 3.2752 
14.0000 34.0000 5.0000 0.0000 1.0000 5.0000 8 -1.0000 1.0000 0.5430 -10.0000 -2.0000 6.0000 -6.0000 10.0000 2.0000 0.2500 0.2500 0.2500 0.2500 0.2500 1.2500 1.9614 3.4592 
14.0000 45.0000 5.0000 2.0000 1.0000 -2.5000 8 -1.0000 0.0000 0.6590 4.0000 -4.0000 -8.0000 12.0000 0.0000 8.0000 0.2500 0.2500 0.2500 0.2500 0.2500 1.2500 1.7942 3.2925 
14.0000 42.0000 5.0000 0.0000 0.0000 7.5000 8 -1.0000 1.0000 1.0830 -6.0000 6.0000 10.0000 -10.0000 2.0000 -2.0000 0.3081 0.1693 0.2569 0.2250 0.2984 1.2576 1.8269 3.3334 
14.0000 1.0000 5.0000 -4.0000 1.0000 -7.5000 2 1.0000 1.0000 0.6240 -14.0000 -6.0000 2.0000 -10.0000 6.0000 -2.0000 0.2500 0.2500 0.2500 0.2500 0.2500 1.2500 1.8279 3.3260 
14.0000 47.0000 5.0000 2.0000 1.0000 2.5000 8 -1.0000 1.0000 0.5670 12.0000 4.0000 -8.0000 8.0000 -4.0000 0.0000 0.2500 0.2500 0.2500 0.2500 0.2500 1.2500 1.8402 3.3425 
14.0000 48.0000 5.0000 2.0000 1.0000 5.0000 8 -1.0000 1.0000 0.6280 -8.0000 4.0000 12.0000 0.0000 8.0000 -4.0000 0.2500 0.2500 0.2500 0.2500 0.2500 1.2500 1.7897 3.2924 
14.0000 20.0000 5.0000 -2.0000 1.0000 5.0000 8 -1.0000 1.0000 0.4820 8.0000 -4.0000 -8.0000 0.0000 -12.0000 4.0000 0.2500 0.2500 0.2500 0.2500 0.2500 1.2500 1.8863 3.3760 
14.0000 70.0000 5.0000 4.0000 0.0000 7.5000 8 -1.0000 1.0000 0.4310 2.0000 10.0000 14.0000 -6.0000 6.0000 -2.0000 0.1874 0.3011 0.2006 0.3332 0.2177 1.2401 1.9094 3.3992 
14.0000 13.0000 5.0000 -4.0000 0.0000 5.0000 8 -1.0000 1.0000 0.6260 2.0000 -10.0000 -14.0000 6.0000 -6.0000 -2.0000 0.2001 0.1544 0.2806 0.3301 0.2820 1.2472 1.9612 3.4564 
14.0000 18.0000 5.0000 -2.0000 1.0000 0.0000 8 -1.0000 0.0000 1.2650 8.0000 -4.0000 -8.0000 0.0000 -12.0000 4.0000 0.2500 0.2500 0.2500 0.2500 0.2500 1.2500 1.9977 3.5093 
14.0000 14.0000 5.0000 -4.0000 0.0000 7.5000 8 -1.0000 1.0000 0.5270 2.0000 -6.0000 -14.0000 -2.0000 -10.0000 6.0000 0.1784 0.2056 0.2832 0.2478 0.3406 1.2556 1.8123 3.3315 
14.0000 55.0000 5.0000 2.0000 0.0000 5.0000 8 -1.0000 1.0000 0.5010 12.0000 0.0000 -8.0000 4.0000 -4.0000 8.0000 0.2554 0.3041 0.1721 0.3308 0.1855 1.2479 1.7832 3.2904 
14.0000 41.0000 5.0000 0.0000 0.0000 5.0000 8 -1.0000 1.0000 0.3630 2.0000 -6.0000 -10.0000 10.0000 -2.0000 6.0000 0.2509 0.1665 0.3262 0.2049 0.3001 1.2485 1.9907 3.4910 
14.0000 27.0000 5.0000 -2.0000 0.0000 5.0000 8 -1.0000 1.0000 0.4740 -12.0000 -4.0000 8.0000 -8.0000 4.0000 0.0000 0.1948 0.2895 0.3461 0.1718 0.2436 1.2458 1.8829 3.3883 
14.0000 24.0000 5.0000 -2.0000 0.0000 -2.5000 2 1.0000 1.0000 0.8000 8.0000 0.0000 -8.0000 4.0000 -12.0000 -4.0000 0.2161 0.1866 0.3009 0.3576 0.1806 1.2418 1.8276 3.3177 
14.0000 22.0000 5.0000 -2.0000 0.0000 -7.5000 2 1.0000 1.0000 0.9260 8.0000 -4.0000 -8.0000 0.0000 -12.0000 4.0000 0.1662 0.3169 0.2328 0.3531 0.1854 1.2544 1.7659 3.2636 
14.0000 54.0000 5.0000 2.0000 0.0000 2.5000 8 -1.0000 1.0000 0.6500 8.0000 -4.0000 -8.0000 12.0000 0.0000 4.0000 0.3408 0.2178 0.3273 0.2061 0.1587 1.2508 1.8007 3.2933 
14.0000 12.0000 5.0000 -4.0000 0.0000 2.5000 8 -1.0000 1.0000 1.0200 2.0000 -6.0000 -10.0000 -2.0000 -14.0000 6.0000 0.1795 0.2125 0.2958 0.3549 0.2123 1.2549 1.7811 3.2808 
14.0000 66.0000 5.0000 4.0000 0.0000 -2.5000 8 -1.0000 0.0000 0.9270 2.0000 10.0000 14.0000 -6.0000 6.0000 -2.0000 0.2808 0.2167 0.3296 0.2802 0.1524 1.2597 1.9576 3.4689 
14.0000 17.0000 5.0000 -2.0000 1.0000 -2.5000 2 1.0000 1.0000 0.7030 -4.0000 4.0000 8.0000 -12.0000 0.0000 -8.0000 0.2500 0.2500 0.2500 0.2500 0.2500 1.2500 1.7511 3.2425 
14.0000 28.0000 5.0000 -2.0000 0.0000 7.5000 8 -1.0000 1.0000 0.8700 -8.0000 0.0000 4.0000 -4.0000 8.0000 -12.0000 0.1923 0.3178 0.1508 0.3495 0.2374 1.2478 1.8052 3.2903 
14.0000 67.0000 5.0000 4.0000 0.0000 0.0000 8 -1.0000 0.0000 0.5860 10.0000 2.0000 -2.0000 6.0000 -6.0000 14.0000 0.2737 0.2020 0.1617 0.3851 0.2283 1.2508 1.8297 3.3434 
14.0000 19.0000 5.0000 -2.0000 1.0000 2.5000 2 1.0000 0.0000 1.1650 8.0000 0.0000 -8.0000 4.0000 -12.0000 -4.0000 0.2500 0.2500 0.2500 0.2500 0.2500 1.2500 1.7779 3.2926 
14.0000 23.0000 5.0000 -2.0000 0.0000 -5.0000 2 1.0000 1.0000 0.6550 -12.0000 -4.0000 8.0000 -8.0000 4.0000 0.0000 0.2711 0.2134 0.2673 0.3328 0.1654 1.2499 1.9754 3.4759 
14.0000 6.0000 5.0000 -4.0000 1.0000 5.0000 2 1.0000 0.0000 1.4820 -14.0000 -2.0000 2.0000 -6.0000 6.0000 -10.0000 0.2500 0.2500 0.2500 0.2500 0.2500 1.2500 1.7764 3.2757 
14.0000 61.0000 5.0000 4.0000 1.0000 2.5000 8 -1.0000 1.0000 1.7340 14.0000 6.0000 -2.0000 10.0000 -6.0000 2.0000 0.2500 0.2500 0.2500 0.2500 0.2500 1.2500 1.8281 3.3259 
14.0000 38.0000 5.0000 0.0000 0.0000 -2.5000 2 1.0000 1.0000 0.8120 6.0000 -2.0000 -10.0000 2.0000 -6.0000 10.0000 0.3009 0.2016 0.1534 0.3295 0.2607 1.2461 1.7592 3.2552 
14.0000 5.0000 5.0000 -4.0000 1.0000 2.5000 8 -1.0000 1.0000 1.0130 2.0000 -10.0000 -14.0000 6.0000 -6.0000 -2.0000 0.2500 0.2500 0.2500 0.2500 0.2500 1.2500 1.8582 3.3592 
14.0000 31.0000 5.0000 0.0000 1.0000 -2.5000 8 -1.0000 0.0000 1.1530 -10.0000 2.0000 6.0000 -2.0000 10.0000 -6.0000 0.2500 0.2500 0.2500 0.2500 0.2500 1.2500 1.9153 3.4093 
14.0000 3.0000 5.0000 -4.0000 1.0000 -2.5000 2 1.0000 1.0000 0.6310 -6.0000 2.0000 6.0000 -14.0000 -2.0000 -10.0000 0.2500 0.2500 0.2500 0.2500 0.2500 1.2500 1.7646 3.2592 
14.0000 8.0000 5.0000 -4.0000 0.0000 -7.5000 2 1.0000 1.0000 0.5200 2.0000 -6.0000 -10.0000 -2.0000 -14.0000 6.0000 0.2129 0.1834 0.2823 0.2485 0.3147 1.2419 1.8019 3.2845 
14.0000 29.0000 5.0000 0.0000 1.0000 -7.5000 8 -1.0000 0.0000 1.7820 2.0000 -6.0000 -10.0000 10.0000 -2.0000 6.0000 0.2500 0.2500 0.2500 0.2500 0.2500 1.2500 1.9802 3.4761 
14.0000 33.0000 5.0000 0.0000 1.0000 2.5000 8 -1.0000 1.0000 0.5630 -10.0000 -2.0000 6.0000 -6.0000 10.0000 2.0000 0.2500 0.2500 0.2500 0.2500 0.2500 1.2500 1.7745 3.2758 
14.0000 2.0000 5.0000 -4.0000 1.0000 -5.0000 2 1.0000 1.0000 0.5960 -14.0000 -6.0000 6.0000 -10.0000 2.0000 -2.0000 0.2500 0.2500 0.2500 0.2500 0.2500 1.2500 1.8511 3.3426 
14.0000 68.0000 5.0000 4.0000 0.0000 2.5000 8 -1.0000 1.0000 0.4560 10.0000 -2.0000 -6.0000 14.0000 2.0000 6.0000 0.2153 0.1855 0.3540 0.3083 0.1899 1.2531 1.7640 3.2789 
14.0000 32.0000 5.0000 0.0000 1.0000 0.0000 2 1.0000 0.0000 0.6560 6.0000 -2.0000 -6.0000 2.0000 -10.0000 10.0000 0.2500 0.2500 0.2500 0.2500 0.2500 1.2500 1.9471 3.4592 
14.0000 46.0000 5.0000 2.0000 1.0000 0.0000 8 -1.0000 0.0000 0.5510 0.0000 8.0000 12.0000 -8.0000 4.0000 -4.0000 0.2500 0.2500 0.2500 0.2500 0.2500 1.2500 1.8338 3.3426 
14.0000 44.0000 5.0000 2.0000 1.0000 -5.0000 8 -1.0000 0.0000 1.4610 -8.0000 0.0000 12.0000 -4.0000 8.0000 4.0000 0.2500 0.2500 0.2500 0.2500 0.2500 1.2500 1.9738 3.4759 
14.0000 69.0000 5.0000 4.0000 0.0000 5.0000 8 -1.0000 1.0000 0.4740 14.0000 6.0000 -2.0000 10.0000 -6.0000 2.0000 0.2898 0.3893 0.1593 0.2423 0.1629 1.2436 1.8462 3.3361 
14.0000 60.0000 5.0000 4.0000 1.0000 0.0000 2 1.0000 0.0000 1.3870 -2.0000 6.0000 14.0000 2.0000 10.0000 -6.0000 0.2500 0.2500 0.2500 0.2500 0.2500 1.2500 1.9282 3.4260 
14.0000 36.0000 5.0000 0.0000 0.0000 -7.5000 2 1.0000 1.0000 0.7390 -10.0000 -2.0000 6.0000 -6.0000 10.0000 2.0000 0.2166 0.1751 0.2163 0.3633 0.2702 1.2415 1.8566 3.3508 
14.0000 37.0000 5.0000 0.0000 0.0000 -5.0000 2 1.0000 1.0000 0.7000 -6.0000 2.0000 10.0000 -2.0000 6.0000 -10.0000 0.1695 0.2764 0.2372 0.3389 0.2356 1.2576 1.7553 3.2666 
14.0000 65.0000 5.0000 4.0000 0.0000 -5.0000 8 -1.0000 0.0000 1.2810 10.0000 2.0000 -2.0000 6.0000 -6.0000 14.0000 0.2310 0.3215 0.2600 0.1749 0.2598 1.2472 1.8187 3.3065 
14.0000 10.0000 5.0000 -4.0000 0.0000 -2.5000 2 1.0000 1.0000 0.6370 -10.0000 2.0000 6.0000 -14.0000 -2.0000 -6.0000 0.1927 0.1635 0.2530 0.3604 0.2887 1.2582 1.8622 3.3675 
14.0000 15.0000 6.0000 -2.0000 1.0000 -7.5000 2 1.0000 1.0000 0.4180 -8.0000 0.0000 8.0000 -4.0000 4.0000 -12.0000 0.2500 0.2500 0.2500 0.2500 0.2500 1.2500 1.9275 3.4260 
14.0000 11.0000 6.0000 -4.0000 0.0000 0.0000 2 1.0000 0.0000 0.9130 -10.0000 -2.0000 6.0000 -6.0000 2.0000 -14.0000 0.1849 0.2324 0.3604 0.2000 0.2789 1.2566 1.8296 3.3326 
14.0000 34.0000 6.0000 0.0000 1.0000 5.0000 8 -1.0000 1.0000 0.5530 6.0000 -2.0000 -10.0000 2.0000 -6.0000 10.0000 0.2500 0.2500 0.2500 0.2500 0.2500 1.2500 1.9665 3.4761 
14.0000 70.0000 6.0000 4.0000 0.0000 7.5000 8 -1.0000 1.0000 0.6970 14.0000 6.0000 -6.0000 10.0000 -2.0000 2.0000 0.2553 0.1972 0.3200 0.1536 0.3207 1.2468 1.8441 3.3559 
14.0000 14.0000 6.0000 -4.0000 0.0000 7.5000 8 -1.0000 1.0000 0.5210 2.0000 -6.0000 -10.0000 -2.0000 -14.0000 6.0000 0.2445 0.1604 0.3254 0.1744 0.3401 1.2448 1.7750 3.2708 
14.0000 53.0000 6.0000 2.0000 0.0000 0.0000 8 -1.0000 0.0000 0.5890 -4.0000 4.0000 12.0000 0.0000 8.0000 -8.0000 0.1624 0.1965 0.2386 0.3934 0.2662 1.2571 1.9963 3.5165 
14.0000 2.0000 6.0000 -4.0000 1.0000 -5.0000 2 1.0000 1.0000 0.6790 2.0000 -6.0000 -10.0000 -2.0000 -14.0000 6.0000 0.2500 0.2500 0.2500 0.2500 0.2500 1.2500 1.7540 3.2592 
14.0000 39.0000 6.0000 0.0000 0.0000 0.0000 8 -1.0000 0.0000 0.6540 -10.0000 -2.0000 6.0000 -6.0000 10.0000 2.0000 0.3603 0.1662 0.2133 0.2934 0.2250 1.2581 1.8102 3.3174 
14.0000 16.0000 6.0000 -2.0000 1.0000 -5.0000 2 1.0000 1.0000 0.5510 -4.0000 4.0000 8.0000 -12.0000 0.0000 -8.0000 0.2500 0.2500 0.2500 0.2500 0.2500 1.2500 1.9758 3.4759 
14.0000 64.0000 6.0000 4.0000 0.0000 -7.5000 2 1.0000 1.0000 0.5210 -6.0000 2.0000 14.0000 -2.0000 10.0000 6.0000 0.3574 0.1957 0.1510 0.2301 0.3076 1.2418 1.8646 3.3510 
14.0000 20.0000 6.0000 -2.0000 1.0000 5.0000 8 -1.0000 1.0000 1.0630 8.0000 -4.0000 -8.0000 0.0000 -12.0000 4.0000 0.2500 0.2500 0.2500 0.2500 0.2500 1.2500 1.9845 3.4761 
14.0000 9.0000 6.0000 -4.0000 0.0000 -5.0000 2 1.0000 1.0000 0.4950 -10.0000 -2.0000 6.0000 -6.0000 2.0000 -14.0000 0.1664 0.3472 0.2567 0.1837 0.2981 1.2521 1.8328 3.3279 
14.0000 65.0000 6.0000 4.0000 0.0000 -5.0000 2 1.0000 1.0000 0.6180 -6.0000 6.0000 10.0000 2.0000 14.0000 -2.0000 0.2291 0.1610 0.2480 0.2879 0.3214 1.2474 1.9126 3.4066 
14.0000 17.0000 6.0000 -2.0000 1.0000 -2.5000 2 1.0000 1.0000 0.5240 -8.0000 4.0000 8.0000 -12.0000 0.0000 -4.0000 0.2500 0.2500 0.2500 0.2500 0.2500 1.2500 1.9886 3.4758 
14.0000 7.0000 6.0000 -4.0000 1.0000 7.5000 8 -1.0000 1.0000 0.6040 -2.0000 -10.0000 -14.0000 6.0000 -6.0000 2.0000 0.2500 0.2500 0.2500 0.2500 0.2500 1.2500 1.9561 3.4426 
14.0000 12.0000 6.0000 -4.0000 0.0000 2.5000 8 -1.0000 1.0000 0.4070 2.0000 -6.0000 -10.0000 -2.0000 -14.0000 6.0000 0.2148 0.2777 0.3389 0.2345 0.1931 1.2589 1.9260 3.4516 
14.0000 49.0000 6.0000 2.0000 1.0000 7.5000 8 -1.0000 1.0000 0.4420 -8.0000 0.0000 12.0000 -4.0000 8.0000 4.0000 0.2500 0.2500 0.2500 0.2500 0.2500 1.2500 1.9835 3.4925 
14.0000 62.0000 6.0000 4.0000 1.0000 5.0000 8 -1.0000 1.0000 0.5150 10.0000 -2.0000 -6.0000 14.0000 2.0000 6.0000 0.2500 0.2500 0.2500 0.2500 0.2500 1.2500 1.7697 3.2758 
14.0000 1.0000 6.0000 -4.0000 1.0000 -7.5000 2 1.0000 1.0000 0.4070 -6.0000 2.0000 6.0000 -14.0000 -2.0000 -10.0000 0.2500 0.2500 0.2500 0.2500 0.2500 1.2500 1.7981 3.3091 
14.0000 31.0000 6.0000 0.0000 1.0000 -2.5000 8 -1.0000 0.0000 0.6750 10.0000 2.0000 -10.0000 6.0000 -6.0000 -2.0000 0.2500 0.2500 0.2500 0.2500 0.2500 1.2500 1.7602 3.2591 
14.0000 13.0000 6.0000 -4.0000 0.0000 5.0000 2 1.0000 0.0000 0.5820 6.0000 -6.0000 -10.0000 -2.0000 -14.0000 2.0000 0.2980 0.2701 0.1774 0.2092 0.2876 1.2423 1.9161 3.4181 
14.0000 48.0000 6.0000 2.0000 1.0000 5.0000 8 -1.0000 1.0000 0.5560 12.0000 4.0000 -4.0000 8.0000 -8.0000 0.0000 0.2500 0.2500 0.2500 0.2500 0.2500 1.2500 1.9025 3.4092 
14.0000 27.0000 6.0000 -2.0000 0.0000 5.0000 8 -1.0000 1.0000 0.6010 -12.0000 0.0000 8.0000 -4.0000 4.0000 -8.0000 0.1900 0.3120 0.2448 0.1875 0.3165 1.2507 1.9632 3.4599 
14.0000 37.0000 6.0000 0.0000 0.0000 -5.0000 2 1.0000 1.0000 0.6690 6.0000 -6.0000 -10.0000 10.0000 -2.0000 2.0000 0.3462 0.1637 0.2648 0.3129 0.1711 1.2587 1.9472 3.4512 
14.0000 69.0000 6.0000 4.0000 0.0000 5.0000 8 -1.0000 1.0000 0.5780 -6.0000 6.0000 10.0000 2.0000 14.0000 -2.0000 0.3471 0.2534 0.1869 0.2168 0.2553 1.2594 1.8620 3.3687 
14.0000 23.0000 6.0000 -2.0000 0.0000 -5.0000 2 1.0000 1.0000 0.4860 -12.0000 0.0000 4.0000 -4.0000 8.0000 -8.0000 0.1889 0.2424 0.3185 0.2188 0.2738 1.2424 1.8078 3.3015 
14.0000 51.0000 6.0000 2.0000 0.0000 -5.0000 2 1.0000 1.0000 0.4880 -8.0000 4.0000 12.0000 0.0000 8.0000 -4.0000 0.2013 0.2454 0.3013 0.1776 0.3320 1.2574 1.7555 3.2499 
14.0000 32.0000 6.0000 0.0000 1.0000 0.0000 2 1.0000 0.0000 0.4330 -2.0000 6.0000 10.0000 -10.0000 2.0000 -6.0000 0.2500 0.2500 0.2500 0.2500 0.2500 1.2500 1.9360 3.4260 
14.0000 38.0000 6.0000 0.0000 0.0000 -2.5000 2 1.0000 1.0000 0.5900 10.0000 -2.0000 -6.0000 2.0000 -10.0000 6.0000 0.2834 0.1771 0.2591 0.2105 0.3161 1.2461 1.9225 3.4054 
14.0000 5.0000 6.0000 -4.0000 1.0000 2.5000 8 -1.0000 1.0000 1.1210 2.0000 -6.0000 -14.0000 -2.0000 -10.0000 6.0000 0.2500 0.2500 0.2500 0.2500 0.2500 1.2500 1.7644 3.2758 
14.0000 6.0000 6.0000 -4.0000 1.0000 5.0000 8 -1.0000 1.0000 1.1670 -14.0000 -6.0000 2.0000 -10.0000 6.0000 -2.0000 0.2500 0.2500 0.2500 0.2500 0.2500 1.2500 1.7568 3.2592 
14.0000 59.0000 6.0000 4.0000 1.0000 -2.5000 8 -1.0000 0.0000 0.6320 10.0000 2.0000 -6.0000 6.0000 -2.0000 14.0000 0.2500 0.2500 0.2500 0.2500 0.2500 1.2500 1.8633 3.3759 
14.0000 22.0000 6.0000 -2.0000 0.0000 -7.5000 2 1.0000 1.0000 0.7050 8.0000 0.0000 -12.0000 4.0000 -8.0000 -4.0000 0.1755 0.2053 0.2793 0.1919 0.3982 1.2502 1.9886 3.4927 
14.0000 50.0000 6.0000 2.0000 0.0000 -7.5000 2 1.0000 1.0000 0.4710 -8.0000 4.0000 8.0000 0.0000 12.0000 -4.0000 0.1980 0.3225 0.2867 0.1764 0.2748 1.2583 1.9489 3.4676 
14.0000 58.0000 6.0000 4.0000 1.0000 -5.0000 8 -1.0000 0.0000 0.5180 6.0000 -2.0000 -6.0000 14.0000 2.0000 10.0000 0.2500 0.2500 0.2500 0.2500 0.2500 1.2500 1.8509 3.3592 
14.0000 25.0000 6.0000 -2.0000 0.0000 0.0000 8 -1.0000 0.0000 0.4590 -12.0000 0.0000 4.0000 -4.0000 8.0000 -8.0000 0.1812 0.2260 0.3713 0.2786 0.1919 1.2490 1.7990 3.2914 
14.0000 30.0000 6.0000 0.0000 1.0000 -5.0000 2 1.0000 1.0000 0.3770 -6.0000 2.0000 6.0000 -2.0000 10.0000 -10.0000 0.2500 0.2500 0.2500 0.2500 0.2500 1.2500 1.8607 3.3593 
14.0000 8.0000 6.0000 -4.0000 0.0000 -7.5000 2 1.0000 1.0000 0.4710 -10.0000 -2.0000 6.0000 -6.0000 2.0000 -14.0000 0.2376 0.2732 0.1774 0.2476 0.3116 1.2473 1.9413 3.4401 
14.0000 26.0000 6.0000 -2.0000 0.0000 2.5000 8 -1.0000 1.0000 0.5460 -12.0000 0.0000 8.0000 -4.0000 4.0000 -8.0000 0.2643 0.1527 0.2829 0.1773 0.3640 1.2413 1.9532 3.4340 
14.0000 45.0000 6.0000 2.0000 1.0000 -2.5000 8 -1.0000 0.0000 1.2690 0.0000 8.0000 12.0000 -8.0000 4.0000 -4.0000 0.2500 0.2500 0.2500 0.2500 0.2500 1.2500 1.8898 3.3927 
14.0000 18.0000 6.0000 -2.0000 1.0000 0.0000 2 1.0000 0.0000 1.4310 4.0000 -8.0000 -12.0000 8.0000 -4.0000 0.0000 0.2500 0.2500 0.2500 0.2500 0.2500 1.2500 1.7560 3.2425 
14.0000 35.0000 6.0000 0.0000 1.0000 7.5000 8 -1.0000 1.0000 0.3990 -10.0000 -2.0000 10.0000 -6.0000 6.0000 2.0000 0.2500 0.2500 0.2500 0.2500 0.2500 1.2500 1.9313 3.4427 
14.0000 33.0000 6.0000 0.0000 1.0000 2.5000 8 -1.0000 1.0000 0.6480 -6.0000 2.0000 10.0000 -2.0000 6.0000 -10.0000 0.2500 0.2500 0.2500 0.2500 0.2500 1.2500 1.8744 3.3758 
14.0000 61.0000 6.0000 4.0000 1.0000 2.5000 8 -1.0000 1.0000 0.8710 -2.0000 6.0000 10.0000 2.0000 14.0000 -6.0000 0.2500 0.2500 0.2500 0.2500 0.2500 1.2500 1.7861 3.2925 
14.0000 10.0000 6.0000 -4.0000 0.0000 -2.5000 8 -1.0000 0.0000 1.2170 6.0000 -2.0000 -14.0000 2.0000 -10.0000 -6.0000 0.2905 0.1699 0.2127 0.2653 0.3027 1.2411 1.8982 3.4005 
14.0000 4.0000 6.0000 -4.0000 1.0000 0.0000 8 -1.0000 0.0000 0.6520 -6.0000 2.0000 6.0000 -14.0000 -2.0000 -10.0000 0.2500 0.2500 0.2500 0.2500 0.2500 1.2500 1.9653 3.4760 
14.0000 42.0000 6.0000 0.0000 0.0000 7.5000 8 -1.0000 1.0000 0.5420 10.0000 2.0000 -6.0000 6.0000 -10.0000 -2.0000 0.3067 0.1763 0.2582 0.2914 0.2174 1.2501 1.9988 3.4927 
14.0000 46.0000 6.0000 2.0000 1.0000 0.0000 8 -1.0000 0.0000 0.3940 8.0000 -4.0000 -8.0000 12.0000 0.0000 4.0000 0.2500 0.2500 0.2500 0.2500 0.2500 1.2500 1.9862 3.4925 
14.0000 55.0000 6.0000 2.0000 0.0000 5.0000 8 -1.0000 1.0000 0.4770 8.0000 0.0000 -4.0000 4.0000 -8.0000 12.0000 0.2887 0.1603 0.2028 0.3988 0.2019 1.2525 1.9422 3.4450 
14.0000 36.0000 6.0000 0.0000 0.0000 -7.5000 2 1.0000 1.0000 0.6520 6.0000 -6.0000 -10.0000 10.0000 -2.0000 2.0000 0.2171 0.1608 0.3616 0.2254 0.2941 1.2591 1.8084 3.3181 
14.0000 19.0000 6.0000 -2.0000 1.0000 2.5000 2 1.0000 0.0000 1.2230 -8.0000 0.0000 8.0000 -4.0000 4.0000 -12.0000 0.2500 0.2500 0.2500 0.2500 0.2500 1.2500 1.9684 3.4591 
14.0000 57.0000 6.0000 4.0000 1.0000 -7.5000 2 1.0000 1.0000 0.4620 2.0000 10.0000 14.0000 -6.0000 6.0000 -2.0000 0.2500 0.2500 0.2500 0.2500 0.2500 1.2500 1.8139 3.3092 
14.0000 52.0000 6.0000 2.0000 0.0000 -2.5000 2 1.0000 1.0000 0.4580 -4.0000 8.0000 12.0000 -8.0000 4.0000 0.0000 0.2042 0.3488 0.2031 0.3028 0.1952 1.2541 1.9506 3.4466 
14.0000 43.0000 6.0000 2.0000 1.0000 -7.5000 2 1.0000 1.0000 0.4360 12.0000 4.0000 -8.0000 8.0000 -4.0000 0.0000 0.2500 0.2500 0.2500 0.2500 0.2500 1.2500 1.7721 3.2592 
14.0000 56.0000 6.0000 2.0000 0.0000 7.5000 8 -1.0000 1.0000 0.6220 -8.0000 4.0000 12.0000 0.0000 8.0000 -4.0000 0.2563 0.1928 0.2872 0.1847 0.3192 1.2401 1.9523 3.4495 
14.0000 68.0000 6.0000 4.0000 0.0000 2.5000 8 -1.0000 1.0000 0.4300 14.0000 6.0000 -6.0000 10.0000 -2.0000 2.0000 0.1729 0.3984 0.1950 0.3191 0.1673 1.2528 1.9944 3.5119 
14.0000 66.0000 6.0000 4.0000 0.0000 -2.5000 8 -1.0000 0.0000 0.8780 -2.0000 6.0000 10.0000 2.0000 14.0000 -6.0000 0.1534 0.2179 0.3405 0.3888 0.1528 1.2533 1.7881 3.2957 
14.0000 47.0000 6.0000 2.0000 1.0000 2.5000 8 -1.0000 1.0000 0.4300 8.0000 -4.0000 -8.0000 12.0000 0.0000 4.0000 0.2500 0.2500 0.2500 0.2500 0.2500 1.2500 1.9616 3.4594 
14.0000 54.0000 6.0000 2.0000 0.0000 2.5000 8 -1.0000 1.0000 0.5810 8.0000 0.0000 -4.0000 4.0000 -8.0000 12.0000 0.2676 0.1957 0.2234 0.1629 0.3949 1.2445 1.8750 3.3704 
14.0000 40.0000 6.0000 0.0000 0.0000 2.5000 8 -1.0000 1.0000 0.6010 10.0000 -2.0000 -10.0000 2.0000 -6.0000 6.0000 0.2014 0.3612 0.2169 0.2603 0.2162 1.2562 1.9682 3.4822 
14.0000 67.0000 6.0000 4.0000 0.0000 0.0000 8 -1.0000 0.0000 2.6110 14.0000 2.0000 -6.0000 6.0000 -2.0000 10.0000 0.2221 0.2870 0.2419 0.2813 0.2267 1.2590 1.7560 3.2683 
14.0000 29.0000 6.0000 0.0000 1.0000 -7.5000 2 1.0000 1.0000 0.7920 2.0000 -6.0000 -10.0000 10.0000 -2.0000 6.0000 0.2500 0.2500 0.2500 0.2500 0.2500 1.2500 1.8897 3.3925 
14.0000 41.0000 6.0000 0.0000 0.0000 5.0000 8 -1.0000 1.0000 0.8340 -10.0000 -2.0000 6.0000 -6.0000 10.0000 2.0000 0.1652 0.2206 0.2889 0.3710 0.2079 1.2536 1.8385 3.3461 
14.0000 63.0000 6.0000 4.0000 1.0000 7.5000 8 -1.0000 1.0000 0.5900 -6.0000 2.0000 10.0000 -2.0000 14.0000 6.0000 0.2500 0.2500 0.2500 0.2500 0.2500 1.2500 1.9483 3.4425 
14.0000 44.0000 6.0000 2.0000 1.0000 -5.0000 2 1.0000 1.0000 0.5690 0.0000 8.0000 12.0000 -8.0000 4.0000 -4.0000 0.2500 0.2500 0.2500 0.2500 0.2500 1.2500 1.9617 3.4593 
14.0000 24.0000 6.0000 -2.0000 0.0000 -2.5000 2 1.0000 1.0000 0.6610 -4.0000 4.0000 8.0000 -12.0000 0.0000 -8.0000 0.2095 0.3690 0.3420 0.1811 0.1507 1.2523 1.8210 3.3115 
14.0000 60.0000 6.0000 4.0000 1.0000 0.0000 2 1.0000 0.0000 0.9540 -6.0000 6.0000 14.0000 2.0000 10.0000 -2.0000 0.2500 0.2500 0.2500 0.2500 0.2500 1.2500 1.8953 3.3925 
14.0000 28.0000 6.0000 -2.0000 0.0000 7.5000 8 -1.0000 1.0000 0.5960 -8.0000 0.0000 4.0000 -4.0000 8.0000 -12.0000 0.1526 0.3902 0.1667 0.3017 0.2341 1.2452 1.8015 3.3044 
14.0000 3.0000 6.0000 -4.0000 1.0000 -2.5000 2 1.0000 1.0000 0.4620 -10.0000 -2.0000 6.0000 -6.0000 2.0000 -14.0000 0.2500 0.2500 0.2500 0.2500 0.2500 1.2500 1.7852 3.2925 
14.0000 21.0000 6.0000 -2.0000 1.0000 7.5000 8 -1.0000 1.0000 0.4340 4.0000 -8.0000 -12.0000 8.0000 -4.0000 0.0000 0.2500 0.2500 0.2500 0.2500 0.2500 1.2500 1.8830 3.3927 
