subNo index block mean periodicity testLevel pressedKey answer isCorrect rt s1 s2 s3 s4 s5 s6 t1 t2 t3 t4 t5 seqDuration startInterval trialDuration 
19.0000 33.0000 1.0000 0.0000 1.0000 3.0000 2 -1.0000 1.0000 1.0130 10.0000 2.0000 -6.0000 6.0000 -10.0000 -2.0000 0.2500 0.2500 0.2500 0.2500 0.2500 1.2500 1.9844 3.4759 
19.0000 1.0000 1.0000 -4.0000 1.0000 -9.0000 8 1.0000 1.0000 1.0410 6.0000 -2.0000 -10.0000 2.0000 -14.0000 -6.0000 0.2500 0.2500 0.2500 0.2500 0.2500 1.2500 1.9646 3.4592 
19.0000 47.0000 1.0000 2.0000 1.0000 3.0000 2 -1.0000 1.0000 1.9660 12.0000 0.0000 -4.0000 4.0000 -8.0000 8.0000 0.2500 0.2500 0.2500 0.2500 0.2500 1.2500 1.9099 3.4092 
19.0000 24.0000 1.0000 -2.0000 0.0000 -3.0000 8 1.0000 1.0000 1.1170 -8.0000 0.0000 4.0000 -4.0000 8.0000 -12.0000 0.2263 0.1679 0.3382 0.2829 0.2271 1.2425 1.8517 3.3516 
19.0000 59.0000 1.0000 4.0000 1.0000 -3.0000 8 1.0000 1.0000 2.4110 14.0000 2.0000 -6.0000 6.0000 -2.0000 10.0000 0.2500 0.2500 0.2500 0.2500 0.2500 1.2500 1.7710 3.2757 
19.0000 37.0000 1.0000 0.0000 0.0000 -6.0000 8 1.0000 1.0000 1.1410 -6.0000 2.0000 6.0000 -2.0000 10.0000 -10.0000 0.1696 0.2051 0.2910 0.3708 0.2195 1.2561 1.7752 3.2819 
19.0000 68.0000 1.0000 4.0000 0.0000 3.0000 2 -1.0000 1.0000 2.5010 14.0000 2.0000 -2.0000 6.0000 -6.0000 10.0000 0.1912 0.3577 0.1525 0.2429 0.3073 1.2515 1.8737 3.3775 
19.0000 52.0000 1.0000 2.0000 0.0000 -3.0000 2 -1.0000 0.0000 1.5780 -8.0000 0.0000 8.0000 -4.0000 12.0000 4.0000 0.2888 0.1734 0.2528 0.3168 0.2095 1.2413 1.8013 3.3006 
19.0000 9.0000 1.0000 -4.0000 0.0000 -6.0000 8 1.0000 1.0000 1.9320 -14.0000 -2.0000 6.0000 -6.0000 2.0000 -10.0000 0.2026 0.2765 0.1887 0.3750 0.2134 1.2563 1.9848 3.4989 
19.0000 40.0000 1.0000 0.0000 0.0000 3.0000 2 -1.0000 1.0000 1.5210 10.0000 -2.0000 -10.0000 2.0000 -6.0000 6.0000 0.2920 0.2513 0.1741 0.2875 0.2389 1.2438 1.8233 3.3197 
19.0000 44.0000 1.0000 2.0000 1.0000 -6.0000 2 -1.0000 0.0000 2.9010 -8.0000 4.0000 8.0000 0.0000 12.0000 -4.0000 0.2500 0.2500 0.2500 0.2500 0.2500 1.2500 1.9811 3.4760 
19.0000 41.0000 1.0000 0.0000 0.0000 6.0000 2 -1.0000 1.0000 1.3150 10.0000 2.0000 -10.0000 6.0000 -6.0000 -2.0000 0.2588 0.2086 0.3471 0.1707 0.2654 1.2506 1.8165 3.3097 
19.0000 29.0000 1.0000 0.0000 1.0000 -9.0000 8 1.0000 1.0000 1.2430 -10.0000 2.0000 6.0000 -2.0000 10.0000 -6.0000 0.2500 0.2500 0.2500 0.2500 0.2500 1.2500 1.9435 3.4426 
19.0000 2.0000 1.0000 -4.0000 1.0000 -6.0000 8 1.0000 1.0000 2.7760 -14.0000 -6.0000 2.0000 -10.0000 6.0000 -2.0000 0.2500 0.2500 0.2500 0.2500 0.2500 1.2500 1.8677 3.3592 
19.0000 34.0000 1.0000 0.0000 1.0000 6.0000 2 -1.0000 1.0000 2.1190 6.0000 -2.0000 -10.0000 2.0000 -6.0000 10.0000 0.2500 0.2500 0.2500 0.2500 0.2500 1.2500 1.8704 3.3758 
19.0000 64.0000 1.0000 4.0000 0.0000 -9.0000 8 1.0000 1.0000 1.4980 10.0000 2.0000 -2.0000 6.0000 -6.0000 14.0000 0.2190 0.2821 0.1897 0.2288 0.3235 1.2431 1.8158 3.3189 
19.0000 5.0000 1.0000 -4.0000 1.0000 3.0000 2 -1.0000 1.0000 0.9520 -14.0000 -6.0000 2.0000 -10.0000 6.0000 -2.0000 0.2500 0.2500 0.2500 0.2500 0.2500 1.2500 1.9904 3.4925 
19.0000 7.0000 1.0000 -4.0000 1.0000 9.0000 2 -1.0000 1.0000 1.4240 -10.0000 -2.0000 6.0000 -6.0000 2.0000 -14.0000 0.2500 0.2500 0.2500 0.2500 0.2500 1.2500 1.7647 3.2592 
19.0000 18.0000 1.0000 -2.0000 1.0000 0.0000 2 -1.0000 0.0000 0.8490 4.0000 -8.0000 -12.0000 8.0000 -4.0000 0.0000 0.2500 0.2500 0.2500 0.2500 0.2500 1.2500 1.9863 3.4926 
19.0000 63.0000 1.0000 4.0000 1.0000 9.0000 2 -1.0000 1.0000 0.9060 14.0000 2.0000 -2.0000 6.0000 -6.0000 10.0000 0.2500 0.2500 0.2500 0.2500 0.2500 1.2500 1.9643 3.4592 
19.0000 35.0000 1.0000 0.0000 1.0000 9.0000 2 -1.0000 1.0000 1.0250 10.0000 2.0000 -10.0000 6.0000 -6.0000 -2.0000 0.2500 0.2500 0.2500 0.2500 0.2500 1.2500 1.7707 3.2758 
19.0000 23.0000 1.0000 -2.0000 0.0000 -6.0000 8 1.0000 1.0000 2.1240 -12.0000 0.0000 4.0000 -4.0000 8.0000 -8.0000 0.2944 0.1524 0.2443 0.3492 0.2145 1.2548 1.9720 3.4807 
19.0000 38.0000 1.0000 0.0000 0.0000 -3.0000 8 1.0000 1.0000 1.6120 -10.0000 -2.0000 6.0000 -6.0000 10.0000 2.0000 0.1632 0.2467 0.2095 0.3899 0.2498 1.2590 1.9449 3.4515 
19.0000 19.0000 1.0000 -2.0000 1.0000 3.0000 2 -1.0000 1.0000 2.1120 -12.0000 -4.0000 8.0000 -8.0000 4.0000 0.0000 0.2500 0.2500 0.2500 0.2500 0.2500 1.2500 1.9017 3.3926 
19.0000 43.0000 1.0000 2.0000 1.0000 -9.0000 8 1.0000 1.0000 1.0460 0.0000 8.0000 12.0000 -8.0000 4.0000 -4.0000 0.2500 0.2500 0.2500 0.2500 0.2500 1.2500 1.9561 3.4593 
19.0000 54.0000 1.0000 2.0000 0.0000 3.0000 2 -1.0000 1.0000 2.0600 -8.0000 4.0000 8.0000 0.0000 12.0000 -4.0000 0.1991 0.2836 0.1514 0.2193 0.3961 1.2495 1.8472 3.3586 
19.0000 4.0000 1.0000 -4.0000 1.0000 0.0000 2 -1.0000 0.0000 1.4560 -14.0000 -6.0000 6.0000 -10.0000 2.0000 -2.0000 0.2500 0.2500 0.2500 0.2500 0.2500 1.2500 1.9036 3.4092 
19.0000 17.0000 1.0000 -2.0000 1.0000 -3.0000 8 1.0000 1.0000 1.3590 8.0000 0.0000 -8.0000 4.0000 -12.0000 -4.0000 0.2500 0.2500 0.2500 0.2500 0.2500 1.2500 1.9532 3.4593 
19.0000 60.0000 1.0000 4.0000 1.0000 0.0000 2 -1.0000 0.0000 1.2260 -6.0000 6.0000 10.0000 2.0000 14.0000 -2.0000 0.2500 0.2500 0.2500 0.2500 0.2500 1.2500 1.8300 3.3260 
19.0000 10.0000 1.0000 -4.0000 0.0000 -3.0000 2 -1.0000 0.0000 2.1170 6.0000 -6.0000 -14.0000 -2.0000 -10.0000 2.0000 0.2085 0.3133 0.1759 0.3185 0.2318 1.2479 1.9654 3.4572 
19.0000 15.0000 1.0000 -2.0000 1.0000 -9.0000 8 1.0000 1.0000 0.9750 -12.0000 -4.0000 4.0000 -8.0000 8.0000 0.0000 0.2500 0.2500 0.2500 0.2500 0.2500 1.2500 1.8584 3.3593 
19.0000 13.0000 1.0000 -4.0000 0.0000 6.0000 2 -1.0000 1.0000 0.8100 6.0000 -2.0000 -14.0000 2.0000 -10.0000 -6.0000 0.2980 0.2505 0.2761 0.2242 0.1925 1.2413 1.8595 3.3505 
19.0000 16.0000 1.0000 -2.0000 1.0000 -6.0000 8 1.0000 1.0000 1.1170 4.0000 -4.0000 -8.0000 0.0000 -12.0000 8.0000 0.2500 0.2500 0.2500 0.2500 0.2500 1.2500 1.9488 3.4426 
19.0000 14.0000 1.0000 -4.0000 0.0000 9.0000 2 -1.0000 1.0000 1.7430 6.0000 -6.0000 -14.0000 -2.0000 -10.0000 2.0000 0.2041 0.2981 0.2544 0.3220 0.1640 1.2426 1.9308 3.4186 
19.0000 48.0000 1.0000 2.0000 1.0000 6.0000 2 -1.0000 1.0000 0.8840 8.0000 0.0000 -4.0000 4.0000 -8.0000 12.0000 0.2500 0.2500 0.2500 0.2500 0.2500 1.2500 1.7753 3.2758 
19.0000 6.0000 1.0000 -4.0000 1.0000 6.0000 2 -1.0000 1.0000 0.9100 2.0000 -10.0000 -14.0000 6.0000 -6.0000 -2.0000 0.2500 0.2500 0.2500 0.2500 0.2500 1.2500 1.8960 3.3927 
19.0000 61.0000 1.0000 4.0000 1.0000 3.0000 2 -1.0000 1.0000 0.6750 14.0000 2.0000 -6.0000 6.0000 -2.0000 10.0000 0.2500 0.2500 0.2500 0.2500 0.2500 1.2500 1.9759 3.4758 
19.0000 32.0000 1.0000 0.0000 1.0000 0.0000 2 -1.0000 0.0000 0.8440 -6.0000 2.0000 10.0000 -2.0000 6.0000 -10.0000 0.2500 0.2500 0.2500 0.2500 0.2500 1.2500 1.7670 3.2758 
19.0000 26.0000 1.0000 -2.0000 0.0000 3.0000 2 -1.0000 1.0000 1.0600 -8.0000 0.0000 8.0000 -4.0000 4.0000 -12.0000 0.2733 0.1534 0.2322 0.3144 0.2763 1.2496 1.9583 3.4588 
19.0000 50.0000 1.0000 2.0000 0.0000 -9.0000 8 1.0000 1.0000 1.0640 8.0000 0.0000 -4.0000 4.0000 -8.0000 12.0000 0.1882 0.1523 0.3527 0.3836 0.1714 1.2481 1.9121 3.4074 
19.0000 27.0000 1.0000 -2.0000 0.0000 6.0000 2 -1.0000 1.0000 1.2600 -12.0000 -4.0000 4.0000 -8.0000 8.0000 0.0000 0.1734 0.3331 0.2094 0.3262 0.2084 1.2505 1.9007 3.4097 
19.0000 20.0000 1.0000 -2.0000 1.0000 6.0000 2 -1.0000 1.0000 0.7990 8.0000 0.0000 -12.0000 4.0000 -8.0000 -4.0000 0.2500 0.2500 0.2500 0.2500 0.2500 1.2500 1.8715 3.3758 
19.0000 30.0000 1.0000 0.0000 1.0000 -6.0000 8 1.0000 1.0000 1.6660 -10.0000 -2.0000 6.0000 -6.0000 10.0000 2.0000 0.2500 0.2500 0.2500 0.2500 0.2500 1.2500 1.8384 3.3427 
19.0000 62.0000 1.0000 4.0000 1.0000 6.0000 2 -1.0000 1.0000 0.8330 -6.0000 6.0000 14.0000 2.0000 10.0000 -2.0000 0.2500 0.2500 0.2500 0.2500 0.2500 1.2500 1.9387 3.4426 
19.0000 36.0000 1.0000 0.0000 0.0000 -9.0000 8 1.0000 1.0000 1.2610 -10.0000 2.0000 10.0000 -2.0000 6.0000 -6.0000 0.1816 0.2797 0.3571 0.2558 0.1801 1.2544 1.9362 3.4304 
19.0000 11.0000 1.0000 -4.0000 0.0000 0.0000 8 1.0000 0.0000 1.2840 6.0000 -2.0000 -10.0000 2.0000 -14.0000 -6.0000 0.1555 0.1934 0.1667 0.3426 0.3919 1.2501 1.8472 3.3426 
19.0000 28.0000 1.0000 -2.0000 0.0000 9.0000 2 -1.0000 1.0000 1.4740 -12.0000 0.0000 8.0000 -4.0000 4.0000 -8.0000 0.1751 0.3420 0.2104 0.1764 0.3502 1.2541 1.9939 3.4966 
19.0000 39.0000 1.0000 0.0000 0.0000 0.0000 8 1.0000 0.0000 1.0230 -6.0000 6.0000 10.0000 -10.0000 2.0000 -2.0000 0.2124 0.1683 0.2542 0.3333 0.2763 1.2445 1.8300 3.3370 
19.0000 3.0000 1.0000 -4.0000 1.0000 -3.0000 2 -1.0000 0.0000 2.1610 6.0000 -2.0000 -10.0000 2.0000 -14.0000 -6.0000 0.2500 0.2500 0.2500 0.2500 0.2500 1.2500 1.8237 3.3259 
19.0000 21.0000 1.0000 -2.0000 1.0000 9.0000 2 -1.0000 1.0000 0.9690 8.0000 0.0000 -12.0000 4.0000 -8.0000 -4.0000 0.2500 0.2500 0.2500 0.2500 0.2500 1.2500 1.8066 3.3092 
19.0000 49.0000 1.0000 2.0000 1.0000 9.0000 2 -1.0000 1.0000 0.9470 8.0000 0.0000 -8.0000 4.0000 -4.0000 12.0000 0.2500 0.2500 0.2500 0.2500 0.2500 1.2500 1.8240 3.3260 
19.0000 69.0000 1.0000 4.0000 0.0000 6.0000 2 -1.0000 1.0000 1.1370 -6.0000 6.0000 10.0000 2.0000 14.0000 -2.0000 0.2222 0.3375 0.2059 0.2985 0.1942 1.2583 1.7697 3.2841 
19.0000 12.0000 1.0000 -4.0000 0.0000 3.0000 2 -1.0000 1.0000 1.1280 2.0000 -6.0000 -14.0000 -2.0000 -10.0000 6.0000 0.2693 0.2396 0.2652 0.2083 0.2675 1.2499 1.9602 3.4591 
19.0000 31.0000 1.0000 0.0000 1.0000 -3.0000 8 1.0000 1.0000 1.0980 -6.0000 6.0000 10.0000 -10.0000 2.0000 -2.0000 0.2500 0.2500 0.2500 0.2500 0.2500 1.2500 1.8391 3.3425 
19.0000 65.0000 1.0000 4.0000 0.0000 -6.0000 8 1.0000 1.0000 1.2210 14.0000 2.0000 -6.0000 6.0000 -2.0000 10.0000 0.2813 0.1516 0.3319 0.2244 0.2563 1.2455 1.9032 3.4047 
19.0000 25.0000 1.0000 -2.0000 0.0000 0.0000 2 -1.0000 0.0000 1.1920 -12.0000 -4.0000 4.0000 -8.0000 8.0000 0.0000 0.1963 0.2872 0.1945 0.3221 0.2524 1.2526 1.9485 3.4453 
19.0000 8.0000 1.0000 -4.0000 0.0000 -9.0000 8 1.0000 1.0000 1.1170 6.0000 -2.0000 -14.0000 2.0000 -10.0000 -6.0000 0.1605 0.1916 0.3130 0.1885 0.3978 1.2514 1.9299 3.4275 
19.0000 70.0000 1.0000 4.0000 0.0000 9.0000 2 -1.0000 1.0000 1.1810 -6.0000 2.0000 14.0000 -2.0000 10.0000 6.0000 0.3595 0.1676 0.2543 0.1856 0.2899 1.2568 1.7724 3.2662 
19.0000 53.0000 1.0000 2.0000 0.0000 0.0000 2 -1.0000 0.0000 1.2560 -8.0000 4.0000 12.0000 0.0000 8.0000 -4.0000 0.2282 0.1589 0.2350 0.2751 0.3488 1.2460 1.8329 3.3218 
19.0000 66.0000 1.0000 4.0000 0.0000 -3.0000 2 -1.0000 0.0000 1.3880 -2.0000 6.0000 10.0000 2.0000 14.0000 -6.0000 0.1629 0.2246 0.3750 0.2121 0.2677 1.2423 1.9087 3.4016 
19.0000 45.0000 1.0000 2.0000 1.0000 -3.0000 2 -1.0000 0.0000 2.2270 12.0000 4.0000 -4.0000 8.0000 -8.0000 0.0000 0.2500 0.2500 0.2500 0.2500 0.2500 1.2500 1.8709 3.3760 
19.0000 67.0000 1.0000 4.0000 0.0000 0.0000 8 1.0000 0.0000 1.4220 -2.0000 6.0000 14.0000 2.0000 10.0000 -6.0000 0.1524 0.2429 0.1572 0.2945 0.3934 1.2404 1.8977 3.3996 
19.0000 51.0000 1.0000 2.0000 0.0000 -6.0000 8 1.0000 1.0000 0.9700 8.0000 0.0000 -4.0000 4.0000 -8.0000 12.0000 0.3542 0.2684 0.1914 0.2311 0.2020 1.2470 1.8781 3.3729 
19.0000 57.0000 1.0000 4.0000 1.0000 -9.0000 8 1.0000 1.0000 0.9070 -2.0000 6.0000 14.0000 2.0000 10.0000 -6.0000 0.2500 0.2500 0.2500 0.2500 0.2500 1.2500 1.8952 3.3926 
19.0000 22.0000 1.0000 -2.0000 0.0000 -9.0000 8 1.0000 1.0000 0.8930 -8.0000 0.0000 8.0000 -4.0000 4.0000 -12.0000 0.3557 0.1509 0.1820 0.3415 0.2232 1.2533 1.9310 3.4294 
19.0000 46.0000 1.0000 2.0000 1.0000 0.0000 2 -1.0000 0.0000 1.8960 -8.0000 0.0000 8.0000 -4.0000 12.0000 4.0000 0.2500 0.2500 0.2500 0.2500 0.2500 1.2500 1.8511 3.3426 
19.0000 42.0000 1.0000 0.0000 0.0000 9.0000 8 1.0000 0.0000 1.3230 -6.0000 2.0000 10.0000 -2.0000 6.0000 -10.0000 0.2328 0.1692 0.2742 0.2450 0.3323 1.2535 1.8761 3.3794 
19.0000 56.0000 1.0000 2.0000 0.0000 9.0000 2 -1.0000 1.0000 0.9120 12.0000 0.0000 -8.0000 4.0000 -4.0000 8.0000 0.2064 0.1548 0.3342 0.2944 0.2579 1.2478 1.8170 3.3069 
19.0000 58.0000 1.0000 4.0000 1.0000 -6.0000 8 1.0000 1.0000 0.9430 -6.0000 6.0000 10.0000 2.0000 14.0000 -2.0000 0.2500 0.2500 0.2500 0.2500 0.2500 1.2500 1.7735 3.2760 
19.0000 55.0000 1.0000 2.0000 0.0000 6.0000 2 -1.0000 1.0000 0.8450 0.0000 8.0000 12.0000 -8.0000 4.0000 -4.0000 0.1858 0.2898 0.2208 0.3616 0.1850 1.2430 1.7886 3.2689 
19.0000 64.0000 2.0000 4.0000 0.0000 -9.0000 2 -1.0000 0.0000 1.4500 6.0000 -2.0000 -6.0000 14.0000 2.0000 10.0000 0.2657 0.2220 0.3656 0.2329 0.1677 1.2540 1.9323 3.4298 
19.0000 69.0000 2.0000 4.0000 0.0000 6.0000 2 -1.0000 1.0000 1.4740 -6.0000 6.0000 14.0000 2.0000 10.0000 -2.0000 0.2522 0.2882 0.1802 0.3653 0.1652 1.2512 1.7901 3.2938 
19.0000 25.0000 2.0000 -2.0000 0.0000 0.0000 8 1.0000 0.0000 1.2020 -4.0000 4.0000 8.0000 -12.0000 0.0000 -8.0000 0.2262 0.1712 0.2068 0.3919 0.2586 1.2547 1.9488 3.4639 
19.0000 30.0000 2.0000 0.0000 1.0000 -6.0000 8 1.0000 1.0000 0.7890 -2.0000 6.0000 10.0000 -10.0000 2.0000 -6.0000 0.2500 0.2500 0.2500 0.2500 0.2500 1.2500 1.9155 3.4259 
19.0000 53.0000 2.0000 2.0000 0.0000 0.0000 8 1.0000 0.0000 1.5620 12.0000 0.0000 -8.0000 4.0000 -4.0000 8.0000 0.2002 0.2769 0.1577 0.3851 0.2241 1.2440 1.9326 3.4367 
19.0000 6.0000 2.0000 -4.0000 1.0000 6.0000 2 -1.0000 1.0000 0.9760 6.0000 -6.0000 -10.0000 -2.0000 -14.0000 2.0000 0.2500 0.2500 0.2500 0.2500 0.2500 1.2500 1.7635 3.2591 
19.0000 17.0000 2.0000 -2.0000 1.0000 -3.0000 8 1.0000 1.0000 2.3070 -12.0000 -4.0000 8.0000 -8.0000 4.0000 0.0000 0.2500 0.2500 0.2500 0.2500 0.2500 1.2500 1.7899 3.2925 
19.0000 63.0000 2.0000 4.0000 1.0000 9.0000 2 -1.0000 1.0000 1.2240 6.0000 -2.0000 -6.0000 14.0000 2.0000 10.0000 0.2500 0.2500 0.2500 0.2500 0.2500 1.2500 1.9839 3.4759 
19.0000 19.0000 2.0000 -2.0000 1.0000 3.0000 2 -1.0000 1.0000 1.7430 -12.0000 0.0000 4.0000 -4.0000 8.0000 -8.0000 0.2500 0.2500 0.2500 0.2500 0.2500 1.2500 1.8816 3.3758 
19.0000 60.0000 2.0000 4.0000 1.0000 0.0000 2 -1.0000 0.0000 1.5660 2.0000 10.0000 14.0000 -6.0000 6.0000 -2.0000 0.2500 0.2500 0.2500 0.2500 0.2500 1.2500 1.7527 3.2424 
19.0000 23.0000 2.0000 -2.0000 0.0000 -6.0000 8 1.0000 1.0000 0.8510 -8.0000 0.0000 4.0000 -4.0000 8.0000 -12.0000 0.2238 0.3031 0.2235 0.2879 0.2209 1.2593 1.9542 3.4518 
19.0000 1.0000 2.0000 -4.0000 1.0000 -9.0000 8 1.0000 1.0000 1.6530 2.0000 -6.0000 -10.0000 -2.0000 -14.0000 6.0000 0.2500 0.2500 0.2500 0.2500 0.2500 1.2500 1.9560 3.4427 
19.0000 29.0000 2.0000 0.0000 1.0000 -9.0000 8 1.0000 1.0000 1.8960 -10.0000 -2.0000 10.0000 -6.0000 6.0000 2.0000 0.2500 0.2500 0.2500 0.2500 0.2500 1.2500 1.8846 3.3925 
19.0000 37.0000 2.0000 0.0000 0.0000 -6.0000 8 1.0000 1.0000 1.1300 10.0000 2.0000 -6.0000 6.0000 -10.0000 -2.0000 0.2522 0.2260 0.1812 0.3948 0.1868 1.2409 1.8983 3.4001 
19.0000 18.0000 2.0000 -2.0000 1.0000 0.0000 8 1.0000 0.0000 3.0480 8.0000 0.0000 -8.0000 4.0000 -12.0000 -4.0000 0.2500 0.2500 0.2500 0.2500 0.2500 1.2500 1.9623 3.4592 
19.0000 45.0000 2.0000 2.0000 1.0000 -3.0000 8 1.0000 1.0000 0.8580 8.0000 0.0000 -8.0000 4.0000 -4.0000 12.0000 0.2500 0.2500 0.2500 0.2500 0.2500 1.2500 1.9125 3.4094 
19.0000 12.0000 2.0000 -4.0000 0.0000 3.0000 2 -1.0000 1.0000 2.4050 -14.0000 -2.0000 2.0000 -6.0000 6.0000 -10.0000 0.2239 0.2926 0.2235 0.3171 0.1907 1.2478 1.9607 3.4571 
19.0000 70.0000 2.0000 4.0000 0.0000 9.0000 2 -1.0000 1.0000 1.1870 -6.0000 2.0000 10.0000 -2.0000 14.0000 6.0000 0.2157 0.2945 0.2334 0.2857 0.2289 1.2583 1.8414 3.3508 
19.0000 59.0000 2.0000 4.0000 1.0000 -3.0000 2 -1.0000 0.0000 1.6430 -6.0000 6.0000 14.0000 2.0000 10.0000 -2.0000 0.2500 0.2500 0.2500 0.2500 0.2500 1.2500 1.8658 3.3592 
19.0000 52.0000 2.0000 2.0000 0.0000 -3.0000 8 1.0000 1.0000 1.0740 12.0000 4.0000 -4.0000 8.0000 -8.0000 0.0000 0.2490 0.1661 0.2581 0.3558 0.2243 1.2533 1.8585 3.3625 
19.0000 21.0000 2.0000 -2.0000 1.0000 9.0000 2 -1.0000 1.0000 1.4810 4.0000 -4.0000 -12.0000 0.0000 -8.0000 8.0000 0.2500 0.2500 0.2500 0.2500 0.2500 1.2500 1.8084 3.3091 
19.0000 16.0000 2.0000 -2.0000 1.0000 -6.0000 8 1.0000 1.0000 0.9510 -12.0000 0.0000 4.0000 -4.0000 8.0000 -8.0000 0.2500 0.2500 0.2500 0.2500 0.2500 1.2500 1.8596 3.3593 
19.0000 48.0000 2.0000 2.0000 1.0000 6.0000 2 -1.0000 1.0000 1.7720 -8.0000 0.0000 8.0000 -4.0000 12.0000 4.0000 0.2500 0.2500 0.2500 0.2500 0.2500 1.2500 1.9125 3.4091 
19.0000 65.0000 2.0000 4.0000 0.0000 -6.0000 8 1.0000 1.0000 1.2060 -2.0000 6.0000 10.0000 2.0000 14.0000 -6.0000 0.2238 0.1813 0.3090 0.3487 0.1890 1.2519 1.8064 3.3110 
19.0000 28.0000 2.0000 -2.0000 0.0000 9.0000 2 -1.0000 1.0000 1.6680 0.0000 -8.0000 -12.0000 8.0000 -4.0000 4.0000 0.2596 0.3568 0.1928 0.2556 0.1888 1.2536 1.8522 3.3628 
19.0000 24.0000 2.0000 -2.0000 0.0000 -3.0000 8 1.0000 1.0000 3.1150 -12.0000 -4.0000 8.0000 -8.0000 4.0000 0.0000 0.3447 0.2600 0.1608 0.2872 0.1946 1.2473 1.8222 3.3233 
19.0000 2.0000 2.0000 -4.0000 1.0000 -6.0000 8 1.0000 1.0000 0.9450 -10.0000 2.0000 6.0000 -14.0000 -2.0000 -6.0000 0.2500 0.2500 0.2500 0.2500 0.2500 1.2500 1.9795 3.4760 
19.0000 15.0000 2.0000 -2.0000 1.0000 -9.0000 8 1.0000 1.0000 0.6950 -8.0000 0.0000 8.0000 -4.0000 4.0000 -12.0000 0.2500 0.2500 0.2500 0.2500 0.2500 1.2500 1.9629 3.4593 
19.0000 3.0000 2.0000 -4.0000 1.0000 -3.0000 8 1.0000 1.0000 1.0270 -6.0000 2.0000 6.0000 -14.0000 -2.0000 -10.0000 0.2500 0.2500 0.2500 0.2500 0.2500 1.2500 1.8266 3.3258 
19.0000 66.0000 2.0000 4.0000 0.0000 -3.0000 2 -1.0000 0.0000 1.6290 14.0000 6.0000 -6.0000 10.0000 -2.0000 2.0000 0.1713 0.2396 0.2850 0.2030 0.3425 1.2415 1.9740 3.4674 
19.0000 43.0000 2.0000 2.0000 1.0000 -9.0000 8 1.0000 1.0000 1.1710 12.0000 0.0000 -8.0000 4.0000 -4.0000 8.0000 0.2500 0.2500 0.2500 0.2500 0.2500 1.2500 1.8796 3.3759 
19.0000 47.0000 2.0000 2.0000 1.0000 3.0000 2 -1.0000 1.0000 1.0270 -8.0000 0.0000 12.0000 -4.0000 8.0000 4.0000 0.2500 0.2500 0.2500 0.2500 0.2500 1.2500 1.9061 3.4092 
19.0000 27.0000 2.0000 -2.0000 0.0000 6.0000 2 -1.0000 1.0000 1.1560 -12.0000 -4.0000 4.0000 -8.0000 8.0000 0.0000 0.1900 0.3362 0.3022 0.1767 0.2412 1.2464 1.7974 3.2889 
19.0000 14.0000 2.0000 -4.0000 0.0000 9.0000 2 -1.0000 1.0000 1.1680 -10.0000 -2.0000 2.0000 -6.0000 6.0000 -14.0000 0.2678 0.1947 0.2864 0.2049 0.2996 1.2535 1.8241 3.3127 
19.0000 61.0000 2.0000 4.0000 1.0000 3.0000 2 -1.0000 1.0000 1.0780 -6.0000 2.0000 10.0000 -2.0000 14.0000 6.0000 0.2500 0.2500 0.2500 0.2500 0.2500 1.2500 1.8948 3.4091 
19.0000 55.0000 2.0000 2.0000 0.0000 6.0000 2 -1.0000 1.0000 0.7400 4.0000 -4.0000 -8.0000 12.0000 0.0000 8.0000 0.1515 0.2734 0.3596 0.2100 0.2459 1.2405 1.9884 3.4831 
19.0000 31.0000 2.0000 0.0000 1.0000 -3.0000 8 1.0000 1.0000 1.6940 -10.0000 2.0000 10.0000 -2.0000 6.0000 -6.0000 0.2500 0.2500 0.2500 0.2500 0.2500 1.2500 1.8770 3.3759 
19.0000 49.0000 2.0000 2.0000 1.0000 9.0000 2 -1.0000 1.0000 1.1540 -4.0000 4.0000 12.0000 0.0000 8.0000 -8.0000 0.2500 0.2500 0.2500 0.2500 0.2500 1.2500 1.8447 3.3427 
19.0000 7.0000 2.0000 -4.0000 1.0000 9.0000 2 -1.0000 1.0000 0.6660 -14.0000 -2.0000 6.0000 -6.0000 2.0000 -10.0000 0.2500 0.2500 0.2500 0.2500 0.2500 1.2500 1.9287 3.4258 
19.0000 33.0000 2.0000 0.0000 1.0000 3.0000 2 -1.0000 1.0000 0.7650 -6.0000 2.0000 6.0000 -2.0000 10.0000 -10.0000 0.2500 0.2500 0.2500 0.2500 0.2500 1.2500 1.8971 3.3925 
19.0000 35.0000 2.0000 0.0000 1.0000 9.0000 2 -1.0000 1.0000 0.6080 6.0000 -6.0000 -10.0000 10.0000 -2.0000 2.0000 0.2500 0.2500 0.2500 0.2500 0.2500 1.2500 1.8485 3.3426 
19.0000 20.0000 2.0000 -2.0000 1.0000 6.0000 2 -1.0000 1.0000 0.6170 -12.0000 -4.0000 4.0000 -8.0000 8.0000 0.0000 0.2500 0.2500 0.2500 0.2500 0.2500 1.2500 1.8004 3.2926 
19.0000 68.0000 2.0000 4.0000 0.0000 3.0000 2 -1.0000 1.0000 0.9930 -6.0000 2.0000 14.0000 -2.0000 10.0000 6.0000 0.3079 0.1969 0.2711 0.3065 0.1674 1.2496 1.8542 3.3588 
19.0000 13.0000 2.0000 -4.0000 0.0000 6.0000 2 -1.0000 1.0000 1.2240 6.0000 -6.0000 -10.0000 -2.0000 -14.0000 2.0000 0.2563 0.1623 0.2172 0.2528 0.3654 1.2539 1.8734 3.3798 
19.0000 50.0000 2.0000 2.0000 0.0000 -9.0000 8 1.0000 1.0000 0.9870 -4.0000 8.0000 12.0000 -8.0000 4.0000 0.0000 0.2105 0.3074 0.1859 0.3079 0.2386 1.2503 1.9881 3.4763 
19.0000 4.0000 2.0000 -4.0000 1.0000 0.0000 2 -1.0000 0.0000 0.9500 6.0000 -6.0000 -10.0000 -2.0000 -14.0000 2.0000 0.2500 0.2500 0.2500 0.2500 0.2500 1.2500 1.7952 3.2924 
19.0000 38.0000 2.0000 0.0000 0.0000 -3.0000 8 1.0000 1.0000 2.9710 -6.0000 6.0000 10.0000 -10.0000 2.0000 -2.0000 0.2660 0.2345 0.3230 0.2305 0.1982 1.2522 1.9304 3.4448 
19.0000 9.0000 2.0000 -4.0000 0.0000 -6.0000 8 1.0000 1.0000 0.6010 2.0000 -10.0000 -14.0000 6.0000 -6.0000 -2.0000 0.1930 0.3580 0.2902 0.2490 0.1574 1.2476 1.8625 3.3735 
19.0000 26.0000 2.0000 -2.0000 0.0000 3.0000 2 -1.0000 1.0000 0.7500 -4.0000 4.0000 8.0000 -12.0000 0.0000 -8.0000 0.2457 0.1603 0.2548 0.3449 0.2483 1.2541 1.9457 3.4466 
19.0000 42.0000 2.0000 0.0000 0.0000 9.0000 2 -1.0000 1.0000 1.0670 6.0000 -6.0000 -10.0000 10.0000 -2.0000 2.0000 0.2595 0.1602 0.2069 0.2895 0.3349 1.2510 1.8061 3.3102 
19.0000 58.0000 2.0000 4.0000 1.0000 -6.0000 2 -1.0000 0.0000 2.7330 2.0000 10.0000 14.0000 -6.0000 6.0000 -2.0000 0.2500 0.2500 0.2500 0.2500 0.2500 1.2500 1.9109 3.4092 
19.0000 5.0000 2.0000 -4.0000 1.0000 3.0000 2 -1.0000 1.0000 0.7500 2.0000 -6.0000 -10.0000 -2.0000 -14.0000 6.0000 0.2500 0.2500 0.2500 0.2500 0.2500 1.2500 1.8792 3.3758 
19.0000 36.0000 2.0000 0.0000 0.0000 -9.0000 8 1.0000 1.0000 0.8190 10.0000 -2.0000 -10.0000 2.0000 -6.0000 6.0000 0.2037 0.2374 0.3252 0.2615 0.2216 1.2494 1.7855 3.2752 
19.0000 39.0000 2.0000 0.0000 0.0000 0.0000 8 1.0000 0.0000 2.7780 -6.0000 2.0000 10.0000 -2.0000 6.0000 -10.0000 0.1869 0.3536 0.3170 0.1526 0.2427 1.2527 1.9032 3.3953 
19.0000 40.0000 2.0000 0.0000 0.0000 3.0000 2 -1.0000 1.0000 1.1580 -10.0000 -2.0000 10.0000 -6.0000 6.0000 2.0000 0.3105 0.2468 0.1565 0.2193 0.3238 1.2568 1.9476 3.4494 
19.0000 56.0000 2.0000 2.0000 0.0000 9.0000 2 -1.0000 1.0000 0.8780 12.0000 4.0000 -4.0000 8.0000 -8.0000 0.0000 0.1965 0.2338 0.2828 0.2277 0.3098 1.2506 1.9389 3.4265 
19.0000 44.0000 2.0000 2.0000 1.0000 -6.0000 2 -1.0000 0.0000 1.2320 12.0000 0.0000 -8.0000 4.0000 -4.0000 8.0000 0.2500 0.2500 0.2500 0.2500 0.2500 1.2500 1.9498 3.4426 
19.0000 67.0000 2.0000 4.0000 0.0000 0.0000 2 -1.0000 0.0000 0.8540 10.0000 2.0000 -6.0000 6.0000 -2.0000 14.0000 0.2340 0.1979 0.3659 0.2820 0.1611 1.2409 1.7992 3.3002 
19.0000 32.0000 2.0000 0.0000 1.0000 0.0000 2 -1.0000 0.0000 2.7450 10.0000 2.0000 -10.0000 6.0000 -6.0000 -2.0000 0.2500 0.2500 0.2500 0.2500 0.2500 1.2500 1.9371 3.4427 
19.0000 8.0000 2.0000 -4.0000 0.0000 -9.0000 8 1.0000 1.0000 0.8580 -6.0000 2.0000 6.0000 -14.0000 -2.0000 -10.0000 0.3758 0.1536 0.1977 0.3276 0.2007 1.2554 1.9830 3.4981 
19.0000 54.0000 2.0000 2.0000 0.0000 3.0000 2 -1.0000 1.0000 2.5660 -4.0000 8.0000 12.0000 -8.0000 4.0000 0.0000 0.1561 0.2492 0.2897 0.2571 0.3074 1.2596 1.8800 3.3855 
19.0000 51.0000 2.0000 2.0000 0.0000 -6.0000 8 1.0000 1.0000 1.0510 -8.0000 0.0000 12.0000 -4.0000 8.0000 4.0000 0.2727 0.1638 0.2081 0.2594 0.3425 1.2465 1.9860 3.4891 
19.0000 46.0000 2.0000 2.0000 1.0000 0.0000 2 -1.0000 0.0000 1.1930 0.0000 8.0000 12.0000 -8.0000 4.0000 -4.0000 0.2500 0.2500 0.2500 0.2500 0.2500 1.2500 1.8325 3.3259 
19.0000 62.0000 2.0000 4.0000 1.0000 6.0000 2 -1.0000 1.0000 1.7500 -6.0000 6.0000 14.0000 2.0000 10.0000 -2.0000 0.2500 0.2500 0.2500 0.2500 0.2500 1.2500 1.7533 3.2591 
19.0000 10.0000 2.0000 -4.0000 0.0000 -3.0000 8 1.0000 1.0000 2.2480 2.0000 -6.0000 -10.0000 -2.0000 -14.0000 6.0000 0.2047 0.3985 0.2518 0.2129 0.1837 1.2516 1.8315 3.3275 
19.0000 41.0000 2.0000 0.0000 0.0000 6.0000 2 -1.0000 1.0000 1.8620 -6.0000 6.0000 10.0000 -10.0000 2.0000 -2.0000 0.2927 0.2668 0.1532 0.3725 0.1727 1.2577 1.8531 3.3503 
19.0000 11.0000 2.0000 -4.0000 0.0000 0.0000 2 -1.0000 0.0000 1.7510 -14.0000 -2.0000 2.0000 -6.0000 6.0000 -10.0000 0.1915 0.3134 0.1627 0.2428 0.3365 1.2469 1.7531 3.2394 
19.0000 22.0000 2.0000 -2.0000 0.0000 -9.0000 8 1.0000 1.0000 2.4060 8.0000 -4.0000 -12.0000 0.0000 -8.0000 4.0000 0.2184 0.2555 0.2865 0.1721 0.3143 1.2469 1.9530 3.4562 
19.0000 34.0000 2.0000 0.0000 1.0000 6.0000 2 -1.0000 1.0000 1.2910 10.0000 2.0000 -10.0000 6.0000 -6.0000 -2.0000 0.2500 0.2500 0.2500 0.2500 0.2500 1.2500 1.8381 3.3425 
19.0000 57.0000 2.0000 4.0000 1.0000 -9.0000 8 1.0000 1.0000 0.6850 -2.0000 6.0000 10.0000 2.0000 14.0000 -6.0000 0.2500 0.2500 0.2500 0.2500 0.2500 1.2500 1.9349 3.4427 
19.0000 26.0000 3.0000 -2.0000 0.0000 3.0000 2 -1.0000 1.0000 1.0590 4.0000 -4.0000 -8.0000 0.0000 -12.0000 8.0000 0.3018 0.2659 0.1542 0.2926 0.2336 1.2482 1.9909 3.4909 
19.0000 56.0000 3.0000 2.0000 0.0000 9.0000 2 -1.0000 1.0000 1.2190 -8.0000 0.0000 8.0000 -4.0000 12.0000 4.0000 0.1617 0.2591 0.3941 0.1531 0.2801 1.2481 1.8027 3.3073 
19.0000 69.0000 3.0000 4.0000 0.0000 6.0000 2 -1.0000 1.0000 0.9880 14.0000 2.0000 -2.0000 6.0000 -6.0000 10.0000 0.2485 0.3013 0.1815 0.3623 0.1530 1.2466 1.9957 3.4892 
19.0000 49.0000 3.0000 2.0000 1.0000 9.0000 2 -1.0000 1.0000 0.7570 12.0000 4.0000 -4.0000 8.0000 -8.0000 0.0000 0.2500 0.2500 0.2500 0.2500 0.2500 1.2500 1.8271 3.3259 
19.0000 68.0000 3.0000 4.0000 0.0000 3.0000 2 -1.0000 1.0000 0.8920 10.0000 2.0000 -2.0000 6.0000 -6.0000 14.0000 0.1879 0.1588 0.3838 0.3167 0.2121 1.2594 1.9296 3.4353 
19.0000 23.0000 3.0000 -2.0000 0.0000 -6.0000 8 1.0000 1.0000 0.8050 4.0000 -8.0000 -12.0000 8.0000 -4.0000 0.0000 0.2679 0.3291 0.2754 0.2240 0.1617 1.2582 1.9185 3.4173 
19.0000 22.0000 3.0000 -2.0000 0.0000 -9.0000 8 1.0000 1.0000 0.7680 4.0000 -8.0000 -12.0000 8.0000 -4.0000 0.0000 0.3094 0.2744 0.2367 0.1805 0.2458 1.2468 1.8352 3.3227 
19.0000 5.0000 3.0000 -4.0000 1.0000 3.0000 2 -1.0000 1.0000 1.5500 2.0000 -6.0000 -10.0000 -2.0000 -14.0000 6.0000 0.2500 0.2500 0.2500 0.2500 0.2500 1.2500 1.9695 3.4592 
19.0000 7.0000 3.0000 -4.0000 1.0000 9.0000 2 -1.0000 1.0000 1.7980 2.0000 -6.0000 -10.0000 -2.0000 -14.0000 6.0000 0.2500 0.2500 0.2500 0.2500 0.2500 1.2500 1.8109 3.3258 
19.0000 39.0000 3.0000 0.0000 0.0000 0.0000 8 1.0000 0.0000 1.9620 10.0000 -2.0000 -6.0000 2.0000 -10.0000 6.0000 0.2797 0.3938 0.1765 0.2338 0.1710 1.2549 1.7504 3.2640 
19.0000 43.0000 3.0000 2.0000 1.0000 -9.0000 8 1.0000 1.0000 1.0690 -8.0000 4.0000 8.0000 0.0000 12.0000 -4.0000 0.2500 0.2500 0.2500 0.2500 0.2500 1.2500 1.8273 3.3260 
19.0000 66.0000 3.0000 4.0000 0.0000 -3.0000 2 -1.0000 0.0000 1.0900 14.0000 2.0000 -2.0000 6.0000 -6.0000 10.0000 0.3746 0.2450 0.1803 0.2702 0.1836 1.2536 1.8468 3.3462 
19.0000 1.0000 3.0000 -4.0000 1.0000 -9.0000 8 1.0000 1.0000 0.5980 -10.0000 -2.0000 6.0000 -6.0000 2.0000 -14.0000 0.2500 0.2500 0.2500 0.2500 0.2500 1.2500 1.8583 3.3592 
19.0000 2.0000 3.0000 -4.0000 1.0000 -6.0000 8 1.0000 1.0000 0.6470 -10.0000 -2.0000 6.0000 -6.0000 2.0000 -14.0000 0.2500 0.2500 0.2500 0.2500 0.2500 1.2500 1.8024 3.3093 
19.0000 58.0000 3.0000 4.0000 1.0000 -6.0000 8 1.0000 1.0000 2.0280 10.0000 2.0000 -2.0000 6.0000 -6.0000 14.0000 0.2500 0.2500 0.2500 0.2500 0.2500 1.2500 1.8732 3.3759 
19.0000 47.0000 3.0000 2.0000 1.0000 3.0000 2 -1.0000 1.0000 1.3050 -8.0000 0.0000 8.0000 -4.0000 12.0000 4.0000 0.2500 0.2500 0.2500 0.2500 0.2500 1.2500 1.9186 3.4093 
19.0000 41.0000 3.0000 0.0000 0.0000 6.0000 2 -1.0000 1.0000 1.0100 6.0000 -6.0000 -10.0000 10.0000 -2.0000 2.0000 0.1734 0.2259 0.2815 0.3589 0.2085 1.2481 1.9166 3.4073 
19.0000 51.0000 3.0000 2.0000 0.0000 -6.0000 2 -1.0000 0.0000 2.4190 4.0000 -4.0000 -8.0000 12.0000 0.0000 8.0000 0.2012 0.1564 0.3918 0.1507 0.3473 1.2474 1.8571 3.3567 
19.0000 33.0000 3.0000 0.0000 1.0000 3.0000 2 -1.0000 1.0000 2.6850 10.0000 2.0000 -6.0000 6.0000 -10.0000 -2.0000 0.2500 0.2500 0.2500 0.2500 0.2500 1.2500 1.9261 3.4258 
19.0000 17.0000 3.0000 -2.0000 1.0000 -3.0000 8 1.0000 1.0000 1.8930 8.0000 0.0000 -12.0000 4.0000 -8.0000 -4.0000 0.2500 0.2500 0.2500 0.2500 0.2500 1.2500 1.9343 3.4425 
19.0000 31.0000 3.0000 0.0000 1.0000 -3.0000 8 1.0000 1.0000 1.5570 10.0000 2.0000 -10.0000 6.0000 -6.0000 -2.0000 0.2500 0.2500 0.2500 0.2500 0.2500 1.2500 1.9118 3.4259 
19.0000 45.0000 3.0000 2.0000 1.0000 -3.0000 2 -1.0000 0.0000 1.5530 12.0000 0.0000 -4.0000 4.0000 -8.0000 8.0000 0.2500 0.2500 0.2500 0.2500 0.2500 1.2500 1.7646 3.2759 
19.0000 52.0000 3.0000 2.0000 0.0000 -3.0000 2 -1.0000 0.0000 1.4760 4.0000 -4.0000 -8.0000 12.0000 0.0000 8.0000 0.3623 0.2198 0.3022 0.2044 0.1583 1.2470 1.7921 3.2894 
19.0000 27.0000 3.0000 -2.0000 0.0000 6.0000 2 -1.0000 1.0000 2.0750 -8.0000 0.0000 8.0000 -4.0000 4.0000 -12.0000 0.3483 0.1870 0.2860 0.1863 0.2488 1.2563 1.7773 3.2823 
19.0000 19.0000 3.0000 -2.0000 1.0000 3.0000 2 -1.0000 1.0000 1.3090 8.0000 0.0000 -12.0000 4.0000 -8.0000 -4.0000 0.2500 0.2500 0.2500 0.2500 0.2500 1.2500 1.9530 3.4593 
19.0000 32.0000 3.0000 0.0000 1.0000 0.0000 2 -1.0000 0.0000 0.9760 -10.0000 -2.0000 10.0000 -6.0000 6.0000 2.0000 0.2500 0.2500 0.2500 0.2500 0.2500 1.2500 1.8737 3.3758 
19.0000 67.0000 3.0000 4.0000 0.0000 0.0000 8 1.0000 0.0000 1.7110 14.0000 2.0000 -2.0000 6.0000 -6.0000 10.0000 0.2712 0.1591 0.3566 0.1947 0.2681 1.2497 1.9124 3.4089 
19.0000 53.0000 3.0000 2.0000 0.0000 0.0000 8 1.0000 0.0000 0.9860 0.0000 8.0000 12.0000 -8.0000 4.0000 -4.0000 0.3135 0.2094 0.2627 0.1833 0.2722 1.2410 1.8659 3.3502 
19.0000 13.0000 3.0000 -4.0000 0.0000 6.0000 2 -1.0000 1.0000 1.5680 -14.0000 -6.0000 2.0000 -10.0000 6.0000 -2.0000 0.2031 0.3133 0.1933 0.2330 0.3135 1.2561 1.9195 3.4153 
19.0000 55.0000 3.0000 2.0000 0.0000 6.0000 2 -1.0000 1.0000 2.1650 -4.0000 4.0000 12.0000 0.0000 8.0000 -8.0000 0.2596 0.2227 0.1841 0.3259 0.2610 1.2533 1.8162 3.3125 
19.0000 61.0000 3.0000 4.0000 1.0000 3.0000 2 -1.0000 1.0000 1.4810 14.0000 6.0000 -6.0000 10.0000 -2.0000 2.0000 0.2500 0.2500 0.2500 0.2500 0.2500 1.2500 1.8902 3.3927 
19.0000 46.0000 3.0000 2.0000 1.0000 0.0000 8 1.0000 0.0000 1.8040 -8.0000 4.0000 8.0000 0.0000 12.0000 -4.0000 0.2500 0.2500 0.2500 0.2500 0.2500 1.2500 1.9329 3.4426 
19.0000 14.0000 3.0000 -4.0000 0.0000 9.0000 2 -1.0000 1.0000 1.2250 2.0000 -6.0000 -14.0000 -2.0000 -10.0000 6.0000 0.3236 0.2307 0.1727 0.2778 0.2438 1.2486 1.8636 3.3746 
19.0000 60.0000 3.0000 4.0000 1.0000 0.0000 2 -1.0000 0.0000 2.7940 2.0000 10.0000 14.0000 -6.0000 6.0000 -2.0000 0.2500 0.2500 0.2500 0.2500 0.2500 1.2500 1.8377 3.3427 
19.0000 10.0000 3.0000 -4.0000 0.0000 -3.0000 8 1.0000 1.0000 1.2390 2.0000 -6.0000 -14.0000 -2.0000 -10.0000 6.0000 0.2191 0.3221 0.2220 0.1964 0.2963 1.2558 1.8946 3.3983 
19.0000 62.0000 3.0000 4.0000 1.0000 6.0000 2 -1.0000 1.0000 1.3340 -6.0000 2.0000 10.0000 -2.0000 14.0000 6.0000 0.2500 0.2500 0.2500 0.2500 0.2500 1.2500 1.8503 3.3425 
19.0000 24.0000 3.0000 -2.0000 0.0000 -3.0000 8 1.0000 1.0000 2.0280 -12.0000 -4.0000 4.0000 -8.0000 8.0000 0.0000 0.2868 0.1839 0.2735 0.1671 0.3306 1.2419 1.9329 3.4178 
19.0000 3.0000 3.0000 -4.0000 1.0000 -3.0000 2 -1.0000 0.0000 1.7200 -14.0000 -2.0000 6.0000 -6.0000 2.0000 -10.0000 0.2500 0.2500 0.2500 0.2500 0.2500 1.2500 1.7956 3.2926 
19.0000 35.0000 3.0000 0.0000 1.0000 9.0000 2 -1.0000 1.0000 0.7860 6.0000 -2.0000 -6.0000 2.0000 -10.0000 10.0000 0.2500 0.2500 0.2500 0.2500 0.2500 1.2500 1.9985 3.4926 
19.0000 48.0000 3.0000 2.0000 1.0000 6.0000 2 -1.0000 1.0000 1.1500 12.0000 0.0000 -8.0000 4.0000 -4.0000 8.0000 0.2500 0.2500 0.2500 0.2500 0.2500 1.2500 1.8366 3.3259 
19.0000 37.0000 3.0000 0.0000 0.0000 -6.0000 8 1.0000 1.0000 0.7070 -10.0000 2.0000 10.0000 -2.0000 6.0000 -6.0000 0.3035 0.2780 0.2276 0.2711 0.1736 1.2537 1.9810 3.4796 
19.0000 65.0000 3.0000 4.0000 0.0000 -6.0000 2 -1.0000 0.0000 1.5900 10.0000 2.0000 -6.0000 6.0000 -2.0000 14.0000 0.2180 0.2938 0.1528 0.3279 0.2605 1.2529 1.8196 3.3287 
19.0000 42.0000 3.0000 0.0000 0.0000 9.0000 2 -1.0000 1.0000 1.1720 -10.0000 -2.0000 10.0000 -6.0000 6.0000 2.0000 0.2056 0.3433 0.1939 0.3274 0.1799 1.2501 1.8836 3.3928 
19.0000 70.0000 3.0000 4.0000 0.0000 9.0000 2 -1.0000 1.0000 0.9420 10.0000 2.0000 -2.0000 6.0000 -6.0000 14.0000 0.2039 0.1638 0.3610 0.2818 0.2479 1.2584 1.8112 3.3176 
19.0000 36.0000 3.0000 0.0000 0.0000 -9.0000 8 1.0000 1.0000 1.2510 -6.0000 2.0000 10.0000 -2.0000 6.0000 -10.0000 0.3110 0.2855 0.1591 0.2886 0.2043 1.2485 1.7625 3.2577 
19.0000 50.0000 3.0000 2.0000 0.0000 -9.0000 8 1.0000 1.0000 0.5660 -8.0000 4.0000 8.0000 0.0000 12.0000 -4.0000 0.1799 0.3774 0.2806 0.1851 0.2309 1.2541 1.7737 3.2800 
19.0000 18.0000 3.0000 -2.0000 1.0000 0.0000 2 -1.0000 0.0000 0.7470 4.0000 -4.0000 -8.0000 0.0000 -12.0000 8.0000 0.2500 0.2500 0.2500 0.2500 0.2500 1.2500 1.9728 3.4760 
19.0000 57.0000 3.0000 4.0000 1.0000 -9.0000 8 1.0000 1.0000 1.1430 14.0000 6.0000 -6.0000 10.0000 -2.0000 2.0000 0.2500 0.2500 0.2500 0.2500 0.2500 1.2500 1.9682 3.4593 
19.0000 11.0000 3.0000 -4.0000 0.0000 0.0000 8 1.0000 0.0000 0.8960 6.0000 -2.0000 -14.0000 2.0000 -10.0000 -6.0000 0.3860 0.2269 0.2766 0.1660 0.2007 1.2563 1.9419 3.4489 
19.0000 15.0000 3.0000 -2.0000 1.0000 -9.0000 8 1.0000 1.0000 0.6450 4.0000 -4.0000 -12.0000 0.0000 -8.0000 8.0000 0.2500 0.2500 0.2500 0.2500 0.2500 1.2500 1.7830 3.2757 
19.0000 40.0000 3.0000 0.0000 0.0000 3.0000 8 1.0000 0.0000 2.2230 6.0000 -2.0000 -6.0000 2.0000 -10.0000 10.0000 0.2391 0.3101 0.2851 0.1515 0.2634 1.2492 1.8045 3.2917 
19.0000 8.0000 3.0000 -4.0000 0.0000 -9.0000 8 1.0000 1.0000 0.7350 -14.0000 -6.0000 2.0000 -10.0000 6.0000 -2.0000 0.2417 0.3119 0.2202 0.1629 0.3172 1.2540 1.8296 3.3298 
19.0000 64.0000 3.0000 4.0000 0.0000 -9.0000 8 1.0000 1.0000 0.8720 -2.0000 6.0000 10.0000 2.0000 14.0000 -6.0000 0.2501 0.3107 0.3437 0.1520 0.2030 1.2595 1.8730 3.3687 
19.0000 25.0000 3.0000 -2.0000 0.0000 0.0000 8 1.0000 0.0000 1.5370 -8.0000 4.0000 8.0000 -12.0000 0.0000 -4.0000 0.1622 0.3650 0.1542 0.3797 0.1862 1.2473 1.7658 3.2731 
19.0000 63.0000 3.0000 4.0000 1.0000 9.0000 2 -1.0000 1.0000 1.3340 14.0000 2.0000 -2.0000 6.0000 -6.0000 10.0000 0.2500 0.2500 0.2500 0.2500 0.2500 1.2500 1.7974 3.3092 
19.0000 54.0000 3.0000 2.0000 0.0000 3.0000 2 -1.0000 1.0000 1.1440 -4.0000 4.0000 12.0000 0.0000 8.0000 -8.0000 0.2656 0.2322 0.3531 0.2175 0.1893 1.2577 1.7948 3.3002 
19.0000 16.0000 3.0000 -2.0000 1.0000 -6.0000 8 1.0000 1.0000 2.3500 8.0000 0.0000 -12.0000 4.0000 -8.0000 -4.0000 0.2500 0.2500 0.2500 0.2500 0.2500 1.2500 1.9501 3.4592 
19.0000 30.0000 3.0000 0.0000 1.0000 -6.0000 8 1.0000 1.0000 0.9620 -6.0000 2.0000 10.0000 -2.0000 6.0000 -10.0000 0.2500 0.2500 0.2500 0.2500 0.2500 1.2500 1.7947 3.2924 
19.0000 44.0000 3.0000 2.0000 1.0000 -6.0000 8 1.0000 1.0000 0.7790 12.0000 0.0000 -8.0000 4.0000 -4.0000 8.0000 0.2500 0.2500 0.2500 0.2500 0.2500 1.2500 1.8948 3.3925 
19.0000 28.0000 3.0000 -2.0000 0.0000 9.0000 2 -1.0000 1.0000 1.3460 -12.0000 0.0000 8.0000 -4.0000 4.0000 -8.0000 0.2904 0.1575 0.2329 0.3219 0.2518 1.2545 1.8948 3.3970 
19.0000 20.0000 3.0000 -2.0000 1.0000 6.0000 8 1.0000 0.0000 0.8210 -12.0000 -4.0000 8.0000 -8.0000 4.0000 0.0000 0.2500 0.2500 0.2500 0.2500 0.2500 1.2500 1.8453 3.3425 
19.0000 59.0000 3.0000 4.0000 1.0000 -3.0000 8 1.0000 1.0000 1.3990 6.0000 -2.0000 -6.0000 14.0000 2.0000 10.0000 0.2500 0.2500 0.2500 0.2500 0.2500 1.2500 1.9605 3.4592 
19.0000 4.0000 3.0000 -4.0000 1.0000 0.0000 2 -1.0000 0.0000 2.4880 6.0000 -2.0000 -14.0000 2.0000 -10.0000 -6.0000 0.2500 0.2500 0.2500 0.2500 0.2500 1.2500 1.8003 3.2924 
19.0000 29.0000 3.0000 0.0000 1.0000 -9.0000 8 1.0000 1.0000 0.5930 -6.0000 6.0000 10.0000 -10.0000 2.0000 -2.0000 0.2500 0.2500 0.2500 0.2500 0.2500 1.2500 1.9199 3.4093 
19.0000 9.0000 3.0000 -4.0000 0.0000 -6.0000 8 1.0000 1.0000 0.6590 -10.0000 2.0000 6.0000 -14.0000 -2.0000 -6.0000 0.2126 0.3644 0.1838 0.2756 0.2135 1.2498 1.8180 3.3258 
19.0000 21.0000 3.0000 -2.0000 1.0000 9.0000 2 -1.0000 1.0000 0.8200 -4.0000 4.0000 8.0000 -12.0000 0.0000 -8.0000 0.2500 0.2500 0.2500 0.2500 0.2500 1.2500 1.9085 3.4094 
19.0000 6.0000 3.0000 -4.0000 1.0000 6.0000 2 -1.0000 1.0000 0.6660 6.0000 -6.0000 -14.0000 -2.0000 -10.0000 2.0000 0.2500 0.2500 0.2500 0.2500 0.2500 1.2500 1.9539 3.4592 
19.0000 38.0000 3.0000 0.0000 0.0000 -3.0000 2 -1.0000 0.0000 1.2490 6.0000 -2.0000 -6.0000 2.0000 -10.0000 10.0000 0.1749 0.2259 0.3102 0.2123 0.3253 1.2487 1.7967 3.2912 
19.0000 12.0000 3.0000 -4.0000 0.0000 3.0000 2 -1.0000 1.0000 0.8600 -14.0000 -6.0000 2.0000 -10.0000 6.0000 -2.0000 0.1500 0.3869 0.1826 0.2501 0.2891 1.2587 1.8771 3.3845 
19.0000 34.0000 3.0000 0.0000 1.0000 6.0000 2 -1.0000 1.0000 1.9900 10.0000 -2.0000 -10.0000 2.0000 -6.0000 6.0000 0.2500 0.2500 0.2500 0.2500 0.2500 1.2500 1.7652 3.2592 
19.0000 35.0000 4.0000 0.0000 1.0000 9.0000 2 -1.0000 1.0000 1.0390 -2.0000 6.0000 10.0000 -10.0000 2.0000 -6.0000 0.2500 0.2500 0.2500 0.2500 0.2500 1.2500 1.8014 3.3093 
19.0000 21.0000 4.0000 -2.0000 1.0000 9.0000 2 -1.0000 1.0000 0.5930 -12.0000 -4.0000 8.0000 -8.0000 4.0000 0.0000 0.2500 0.2500 0.2500 0.2500 0.2500 1.2500 1.9650 3.4592 
19.0000 59.0000 4.0000 4.0000 1.0000 -3.0000 8 1.0000 1.0000 1.2210 14.0000 2.0000 -6.0000 6.0000 -2.0000 10.0000 0.2500 0.2500 0.2500 0.2500 0.2500 1.2500 1.7891 3.2925 
19.0000 37.0000 4.0000 0.0000 0.0000 -6.0000 8 1.0000 1.0000 0.7580 2.0000 -6.0000 -10.0000 10.0000 -2.0000 6.0000 0.2863 0.1654 0.2414 0.1809 0.3810 1.2550 1.7955 3.2975 
19.0000 17.0000 4.0000 -2.0000 1.0000 -3.0000 8 1.0000 1.0000 2.5090 -8.0000 4.0000 8.0000 -12.0000 0.0000 -4.0000 0.2500 0.2500 0.2500 0.2500 0.2500 1.2500 1.9645 3.4593 
19.0000 12.0000 4.0000 -4.0000 0.0000 3.0000 8 1.0000 0.0000 1.7520 -14.0000 -6.0000 6.0000 -10.0000 2.0000 -2.0000 0.2477 0.3293 0.2165 0.2523 0.2009 1.2467 1.8470 3.3394 
19.0000 70.0000 4.0000 4.0000 0.0000 9.0000 2 -1.0000 1.0000 1.1650 -2.0000 10.0000 14.0000 -6.0000 6.0000 2.0000 0.1664 0.2609 0.2286 0.3099 0.2794 1.2452 1.7678 3.2710 
19.0000 61.0000 4.0000 4.0000 1.0000 3.0000 8 1.0000 0.0000 1.2960 -2.0000 6.0000 10.0000 2.0000 14.0000 -6.0000 0.2500 0.2500 0.2500 0.2500 0.2500 1.2500 1.8143 3.3259 
19.0000 64.0000 4.0000 4.0000 0.0000 -9.0000 8 1.0000 1.0000 0.6580 -2.0000 6.0000 10.0000 2.0000 14.0000 -6.0000 0.3763 0.2164 0.2648 0.1776 0.2246 1.2596 1.8308 3.3523 
19.0000 19.0000 4.0000 -2.0000 1.0000 3.0000 2 -1.0000 1.0000 1.0770 -8.0000 4.0000 8.0000 -12.0000 0.0000 -4.0000 0.2500 0.2500 0.2500 0.2500 0.2500 1.2500 1.9167 3.4259 
19.0000 53.0000 4.0000 2.0000 0.0000 0.0000 2 -1.0000 0.0000 1.3490 8.0000 0.0000 -4.0000 4.0000 -8.0000 12.0000 0.2726 0.1507 0.2147 0.2626 0.3416 1.2422 1.9928 3.4849 
19.0000 34.0000 4.0000 0.0000 1.0000 6.0000 2 -1.0000 1.0000 0.5620 6.0000 -2.0000 -6.0000 2.0000 -10.0000 10.0000 0.2500 0.2500 0.2500 0.2500 0.2500 1.2500 1.9531 3.4593 
19.0000 66.0000 4.0000 4.0000 0.0000 -3.0000 8 1.0000 1.0000 0.7640 -2.0000 6.0000 10.0000 2.0000 14.0000 -6.0000 0.2140 0.1591 0.3690 0.3340 0.1698 1.2458 1.8055 3.3049 
19.0000 16.0000 4.0000 -2.0000 1.0000 -6.0000 8 1.0000 1.0000 0.8840 -12.0000 -4.0000 4.0000 -8.0000 8.0000 0.0000 0.2500 0.2500 0.2500 0.2500 0.2500 1.2500 1.9251 3.4260 
19.0000 54.0000 4.0000 2.0000 0.0000 3.0000 2 -1.0000 1.0000 1.0660 8.0000 -4.0000 -8.0000 12.0000 0.0000 4.0000 0.2452 0.1986 0.3863 0.1620 0.2487 1.2408 1.8485 3.3334 
19.0000 55.0000 4.0000 2.0000 0.0000 6.0000 2 -1.0000 1.0000 0.9490 12.0000 0.0000 -4.0000 4.0000 -8.0000 8.0000 0.1686 0.2696 0.2248 0.3426 0.2541 1.2597 1.8769 3.3855 
19.0000 44.0000 4.0000 2.0000 1.0000 -6.0000 2 -1.0000 0.0000 2.9250 -8.0000 4.0000 12.0000 0.0000 8.0000 -4.0000 0.2500 0.2500 0.2500 0.2500 0.2500 1.2500 1.9258 3.4258 
19.0000 33.0000 4.0000 0.0000 1.0000 3.0000 2 -1.0000 1.0000 0.6980 -10.0000 2.0000 6.0000 -2.0000 10.0000 -6.0000 0.2500 0.2500 0.2500 0.2500 0.2500 1.2500 1.7612 3.2758 
19.0000 28.0000 4.0000 -2.0000 0.0000 9.0000 2 -1.0000 1.0000 0.7880 -12.0000 0.0000 8.0000 -4.0000 4.0000 -8.0000 0.3172 0.1764 0.2590 0.2185 0.2722 1.2434 1.7600 3.2526 
19.0000 50.0000 4.0000 2.0000 0.0000 -9.0000 2 -1.0000 0.0000 0.6280 -8.0000 0.0000 12.0000 -4.0000 8.0000 4.0000 0.2324 0.3113 0.2074 0.3187 0.1796 1.2494 1.7711 3.2752 
19.0000 48.0000 4.0000 2.0000 1.0000 6.0000 2 -1.0000 1.0000 0.6530 -8.0000 0.0000 8.0000 -4.0000 12.0000 4.0000 0.2500 0.2500 0.2500 0.2500 0.2500 1.2500 1.9985 3.5092 
19.0000 69.0000 4.0000 4.0000 0.0000 6.0000 2 -1.0000 1.0000 1.1610 14.0000 2.0000 -6.0000 6.0000 -2.0000 10.0000 0.2899 0.2164 0.1729 0.3461 0.2260 1.2514 1.9205 3.4273 
19.0000 36.0000 4.0000 0.0000 0.0000 -9.0000 2 -1.0000 0.0000 1.3980 10.0000 2.0000 -10.0000 6.0000 -6.0000 -2.0000 0.3747 0.2343 0.2765 0.1567 0.2105 1.2526 1.9507 3.4620 
19.0000 5.0000 4.0000 -4.0000 1.0000 3.0000 2 -1.0000 1.0000 1.3440 -10.0000 -2.0000 6.0000 -6.0000 2.0000 -14.0000 0.2500 0.2500 0.2500 0.2500 0.2500 1.2500 1.9854 3.4927 
19.0000 25.0000 4.0000 -2.0000 0.0000 0.0000 8 1.0000 0.0000 3.3220 -8.0000 0.0000 4.0000 -4.0000 8.0000 -12.0000 0.2899 0.2236 0.1610 0.2441 0.3349 1.2536 1.8852 3.3794 
19.0000 40.0000 4.0000 0.0000 0.0000 3.0000 2 -1.0000 1.0000 0.6930 -6.0000 2.0000 6.0000 -2.0000 10.0000 -10.0000 0.3723 0.1650 0.3046 0.2370 0.1728 1.2518 1.8212 3.3275 
19.0000 9.0000 4.0000 -4.0000 0.0000 -6.0000 8 1.0000 1.0000 1.0500 2.0000 -6.0000 -10.0000 -2.0000 -14.0000 6.0000 0.1549 0.2410 0.3159 0.2908 0.2573 1.2599 1.8884 3.3857 
19.0000 58.0000 4.0000 4.0000 1.0000 -6.0000 2 -1.0000 0.0000 1.3550 14.0000 6.0000 -2.0000 10.0000 -6.0000 2.0000 0.2500 0.2500 0.2500 0.2500 0.2500 1.2500 1.9633 3.4594 
19.0000 22.0000 4.0000 -2.0000 0.0000 -9.0000 8 1.0000 1.0000 0.8870 8.0000 0.0000 -8.0000 4.0000 -12.0000 -4.0000 0.1776 0.1513 0.2887 0.3465 0.2836 1.2477 1.8166 3.3068 
19.0000 7.0000 4.0000 -4.0000 1.0000 9.0000 2 -1.0000 1.0000 2.0340 -10.0000 -2.0000 2.0000 -6.0000 6.0000 -14.0000 0.2500 0.2500 0.2500 0.2500 0.2500 1.2500 1.8112 3.3260 
19.0000 67.0000 4.0000 4.0000 0.0000 0.0000 2 -1.0000 0.0000 0.8400 -6.0000 2.0000 14.0000 -2.0000 10.0000 6.0000 0.3480 0.1794 0.2170 0.2880 0.2110 1.2434 1.8470 3.3527 
19.0000 24.0000 4.0000 -2.0000 0.0000 -3.0000 8 1.0000 1.0000 0.9580 -8.0000 0.0000 8.0000 -4.0000 4.0000 -12.0000 0.1765 0.2059 0.2681 0.2238 0.3659 1.2401 1.8871 3.3827 
19.0000 2.0000 4.0000 -4.0000 1.0000 -6.0000 8 1.0000 1.0000 0.6490 6.0000 -6.0000 -10.0000 -2.0000 -14.0000 2.0000 0.2500 0.2500 0.2500 0.2500 0.2500 1.2500 1.8010 3.3092 
19.0000 26.0000 4.0000 -2.0000 0.0000 3.0000 8 1.0000 0.0000 0.9160 -8.0000 0.0000 8.0000 -4.0000 4.0000 -12.0000 0.2820 0.2217 0.3410 0.2137 0.1884 1.2468 1.9078 3.4062 
19.0000 1.0000 4.0000 -4.0000 1.0000 -9.0000 8 1.0000 1.0000 0.5550 -2.0000 -10.0000 -14.0000 6.0000 -6.0000 2.0000 0.2500 0.2500 0.2500 0.2500 0.2500 1.2500 1.7914 3.2926 
19.0000 63.0000 4.0000 4.0000 1.0000 9.0000 2 -1.0000 1.0000 1.4930 10.0000 2.0000 -2.0000 6.0000 -6.0000 14.0000 0.2500 0.2500 0.2500 0.2500 0.2500 1.2500 1.7940 3.2926 
19.0000 10.0000 4.0000 -4.0000 0.0000 -3.0000 8 1.0000 1.0000 1.0230 6.0000 -2.0000 -14.0000 2.0000 -10.0000 -6.0000 0.1644 0.3376 0.1975 0.2458 0.2956 1.2409 1.9436 3.4336 
19.0000 27.0000 4.0000 -2.0000 0.0000 6.0000 2 -1.0000 1.0000 1.6370 4.0000 -8.0000 -12.0000 8.0000 -4.0000 0.0000 0.2991 0.2021 0.1526 0.3658 0.2333 1.2529 1.8989 3.3956 
19.0000 6.0000 4.0000 -4.0000 1.0000 6.0000 2 -1.0000 1.0000 0.5900 6.0000 -6.0000 -14.0000 -2.0000 -10.0000 2.0000 0.2500 0.2500 0.2500 0.2500 0.2500 1.2500 1.9641 3.4593 
19.0000 65.0000 4.0000 4.0000 0.0000 -6.0000 8 1.0000 1.0000 1.4500 14.0000 2.0000 -2.0000 6.0000 -6.0000 10.0000 0.1617 0.2887 0.1808 0.2799 0.3466 1.2577 1.8306 3.3335 
19.0000 52.0000 4.0000 2.0000 0.0000 -3.0000 2 -1.0000 0.0000 1.3300 8.0000 -4.0000 -8.0000 12.0000 0.0000 4.0000 0.2228 0.3436 0.1878 0.3221 0.1672 1.2436 1.9460 3.4361 
19.0000 42.0000 4.0000 0.0000 0.0000 9.0000 2 -1.0000 1.0000 0.6240 10.0000 2.0000 -6.0000 6.0000 -10.0000 -2.0000 0.1788 0.2548 0.2077 0.2713 0.3392 1.2519 1.7812 3.2945 
19.0000 13.0000 4.0000 -4.0000 0.0000 6.0000 8 1.0000 0.0000 0.7110 -10.0000 -2.0000 2.0000 -6.0000 6.0000 -14.0000 0.3673 0.2283 0.1758 0.3201 0.1651 1.2566 1.9816 3.4991 
19.0000 45.0000 4.0000 2.0000 1.0000 -3.0000 2 -1.0000 0.0000 1.1020 -4.0000 8.0000 12.0000 -8.0000 4.0000 0.0000 0.2500 0.2500 0.2500 0.2500 0.2500 1.2500 1.7723 3.2759 
19.0000 60.0000 4.0000 4.0000 1.0000 0.0000 2 -1.0000 0.0000 1.4510 -6.0000 2.0000 10.0000 -2.0000 14.0000 6.0000 0.2500 0.2500 0.2500 0.2500 0.2500 1.2500 1.8616 3.3591 
19.0000 38.0000 4.0000 0.0000 0.0000 -3.0000 2 -1.0000 0.0000 1.2430 10.0000 2.0000 -6.0000 6.0000 -10.0000 -2.0000 0.2462 0.1805 0.3728 0.1794 0.2684 1.2473 1.7609 3.2563 
19.0000 3.0000 4.0000 -4.0000 1.0000 -3.0000 8 1.0000 1.0000 0.8520 -14.0000 -2.0000 2.0000 -6.0000 6.0000 -10.0000 0.2500 0.2500 0.2500 0.2500 0.2500 1.2500 1.8313 3.3258 
19.0000 43.0000 4.0000 2.0000 1.0000 -9.0000 8 1.0000 1.0000 0.7720 -4.0000 8.0000 12.0000 -8.0000 4.0000 0.0000 0.2500 0.2500 0.2500 0.2500 0.2500 1.2500 1.7616 3.2592 
19.0000 18.0000 4.0000 -2.0000 1.0000 0.0000 2 -1.0000 0.0000 1.1660 -12.0000 -4.0000 8.0000 -8.0000 4.0000 0.0000 0.2500 0.2500 0.2500 0.2500 0.2500 1.2500 1.8259 3.3259 
19.0000 39.0000 4.0000 0.0000 0.0000 0.0000 2 -1.0000 0.0000 0.7620 -10.0000 -2.0000 10.0000 -6.0000 6.0000 2.0000 0.2063 0.3166 0.1803 0.3276 0.2099 1.2407 1.8738 3.3665 
19.0000 20.0000 4.0000 -2.0000 1.0000 6.0000 2 -1.0000 1.0000 1.4150 -8.0000 0.0000 4.0000 -4.0000 8.0000 -12.0000 0.2500 0.2500 0.2500 0.2500 0.2500 1.2500 1.9628 3.4592 
19.0000 49.0000 4.0000 2.0000 1.0000 9.0000 2 -1.0000 1.0000 1.1740 -4.0000 4.0000 8.0000 0.0000 12.0000 -8.0000 0.2500 0.2500 0.2500 0.2500 0.2500 1.2500 1.8534 3.3426 
19.0000 14.0000 4.0000 -4.0000 0.0000 9.0000 2 -1.0000 1.0000 1.2660 -10.0000 -2.0000 6.0000 -6.0000 2.0000 -14.0000 0.2545 0.3764 0.1597 0.2106 0.2587 1.2600 1.7981 3.3024 
19.0000 31.0000 4.0000 0.0000 1.0000 -3.0000 2 -1.0000 0.0000 1.1620 10.0000 2.0000 -6.0000 6.0000 -10.0000 -2.0000 0.2500 0.2500 0.2500 0.2500 0.2500 1.2500 1.9659 3.4760 
19.0000 47.0000 4.0000 2.0000 1.0000 3.0000 2 -1.0000 1.0000 0.9860 -4.0000 4.0000 12.0000 0.0000 8.0000 -8.0000 0.2500 0.2500 0.2500 0.2500 0.2500 1.2500 1.8650 3.3758 
19.0000 51.0000 4.0000 2.0000 0.0000 -6.0000 8 1.0000 1.0000 1.1170 8.0000 0.0000 -4.0000 4.0000 -8.0000 12.0000 0.1889 0.1502 0.3108 0.2652 0.3409 1.2559 1.7677 3.2818 
19.0000 32.0000 4.0000 0.0000 1.0000 0.0000 2 -1.0000 0.0000 1.0540 -10.0000 -2.0000 6.0000 -6.0000 10.0000 2.0000 0.2500 0.2500 0.2500 0.2500 0.2500 1.2500 1.8753 3.3759 
19.0000 11.0000 4.0000 -4.0000 0.0000 0.0000 8 1.0000 0.0000 2.3530 6.0000 -6.0000 -14.0000 -2.0000 -10.0000 2.0000 0.2465 0.2888 0.2432 0.1776 0.2839 1.2400 1.7613 3.2493 
19.0000 23.0000 4.0000 -2.0000 0.0000 -6.0000 2 -1.0000 0.0000 1.9000 -12.0000 0.0000 4.0000 -4.0000 8.0000 -8.0000 0.2096 0.2805 0.3735 0.1626 0.2238 1.2499 1.9578 3.4593 
19.0000 4.0000 4.0000 -4.0000 1.0000 0.0000 8 1.0000 0.0000 1.8560 -6.0000 2.0000 6.0000 -14.0000 -2.0000 -10.0000 0.2500 0.2500 0.2500 0.2500 0.2500 1.2500 1.8535 3.3591 
19.0000 41.0000 4.0000 0.0000 0.0000 6.0000 2 -1.0000 1.0000 1.1400 -6.0000 2.0000 6.0000 -2.0000 10.0000 -10.0000 0.1633 0.3663 0.2148 0.3511 0.1619 1.2574 1.8948 3.4000 
19.0000 46.0000 4.0000 2.0000 1.0000 0.0000 2 -1.0000 0.0000 1.1310 -8.0000 4.0000 8.0000 0.0000 12.0000 -4.0000 0.2500 0.2500 0.2500 0.2500 0.2500 1.2500 1.9792 3.4760 
19.0000 56.0000 4.0000 2.0000 0.0000 9.0000 2 -1.0000 1.0000 0.5570 8.0000 0.0000 -8.0000 4.0000 -4.0000 12.0000 0.3776 0.1846 0.2576 0.1878 0.2359 1.2435 1.8755 3.3695 
19.0000 30.0000 4.0000 0.0000 1.0000 -6.0000 8 1.0000 1.0000 0.6520 -6.0000 2.0000 10.0000 -2.0000 6.0000 -10.0000 0.2500 0.2500 0.2500 0.2500 0.2500 1.2500 1.9779 3.4760 
19.0000 8.0000 4.0000 -4.0000 0.0000 -9.0000 8 1.0000 1.0000 0.8230 -14.0000 -6.0000 2.0000 -10.0000 6.0000 -2.0000 0.1915 0.2876 0.3300 0.2665 0.1713 1.2469 1.8714 3.3728 
19.0000 29.0000 4.0000 0.0000 1.0000 -9.0000 8 1.0000 1.0000 0.4500 -6.0000 2.0000 6.0000 -2.0000 10.0000 -10.0000 0.2500 0.2500 0.2500 0.2500 0.2500 1.2500 1.9345 3.4425 
19.0000 68.0000 4.0000 4.0000 0.0000 3.0000 2 -1.0000 1.0000 0.7740 14.0000 2.0000 -6.0000 6.0000 -2.0000 10.0000 0.3548 0.1738 0.2187 0.2880 0.2130 1.2484 1.9099 3.4075 
19.0000 15.0000 4.0000 -2.0000 1.0000 -9.0000 8 1.0000 1.0000 1.0210 -12.0000 -4.0000 8.0000 -8.0000 4.0000 0.0000 0.2500 0.2500 0.2500 0.2500 0.2500 1.2500 1.8957 3.3924 
19.0000 62.0000 4.0000 4.0000 1.0000 6.0000 2 -1.0000 1.0000 0.5590 14.0000 2.0000 -2.0000 6.0000 -6.0000 10.0000 0.2500 0.2500 0.2500 0.2500 0.2500 1.2500 1.9995 3.5094 
19.0000 57.0000 4.0000 4.0000 1.0000 -9.0000 8 1.0000 1.0000 0.6380 14.0000 6.0000 -6.0000 10.0000 -2.0000 2.0000 0.2500 0.2500 0.2500 0.2500 0.2500 1.2500 1.8988 3.3925 
19.0000 28.0000 5.0000 -2.0000 0.0000 9.0000 2 -1.0000 1.0000 0.9200 4.0000 -4.0000 -12.0000 0.0000 -8.0000 8.0000 0.1542 0.3383 0.2464 0.3620 0.1533 1.2541 1.9667 3.4801 
19.0000 33.0000 5.0000 0.0000 1.0000 3.0000 2 -1.0000 1.0000 0.8460 6.0000 -2.0000 -6.0000 2.0000 -10.0000 10.0000 0.2500 0.2500 0.2500 0.2500 0.2500 1.2500 1.9980 3.4926 
19.0000 18.0000 5.0000 -2.0000 1.0000 0.0000 8 1.0000 0.0000 0.6630 8.0000 0.0000 -12.0000 4.0000 -8.0000 -4.0000 0.2500 0.2500 0.2500 0.2500 0.2500 1.2500 1.8176 3.3092 
19.0000 46.0000 5.0000 2.0000 1.0000 0.0000 8 1.0000 0.0000 1.1400 -8.0000 4.0000 12.0000 0.0000 8.0000 -4.0000 0.2500 0.2500 0.2500 0.2500 0.2500 1.2500 1.8424 3.3424 
19.0000 7.0000 5.0000 -4.0000 1.0000 9.0000 2 -1.0000 1.0000 1.0420 -10.0000 -2.0000 2.0000 -6.0000 6.0000 -14.0000 0.2500 0.2500 0.2500 0.2500 0.2500 1.2500 1.7810 3.2758 
19.0000 23.0000 5.0000 -2.0000 0.0000 -6.0000 8 1.0000 1.0000 0.5680 4.0000 -8.0000 -12.0000 8.0000 -4.0000 0.0000 0.2106 0.2853 0.3140 0.2363 0.2103 1.2564 1.8917 3.3990 
19.0000 34.0000 5.0000 0.0000 1.0000 6.0000 2 -1.0000 1.0000 0.5670 6.0000 -6.0000 -10.0000 10.0000 -2.0000 2.0000 0.2500 0.2500 0.2500 0.2500 0.2500 1.2500 1.8999 3.3925 
19.0000 4.0000 5.0000 -4.0000 1.0000 0.0000 8 1.0000 0.0000 0.6990 -10.0000 2.0000 6.0000 -14.0000 -2.0000 -6.0000 0.2500 0.2500 0.2500 0.2500 0.2500 1.2500 1.7761 3.2925 
19.0000 37.0000 5.0000 0.0000 0.0000 -6.0000 8 1.0000 1.0000 1.5730 6.0000 -2.0000 -10.0000 2.0000 -6.0000 10.0000 0.2074 0.1559 0.1932 0.3685 0.3239 1.2490 1.9463 3.4582 
19.0000 45.0000 5.0000 2.0000 1.0000 -3.0000 8 1.0000 1.0000 1.3590 -8.0000 0.0000 8.0000 -4.0000 12.0000 4.0000 0.2500 0.2500 0.2500 0.2500 0.2500 1.2500 1.7801 3.2925 
19.0000 27.0000 5.0000 -2.0000 0.0000 6.0000 2 -1.0000 1.0000 0.6450 4.0000 -4.0000 -8.0000 0.0000 -12.0000 8.0000 0.2338 0.1677 0.2784 0.3491 0.2182 1.2472 1.8941 3.3897 
19.0000 31.0000 5.0000 0.0000 1.0000 -3.0000 2 -1.0000 0.0000 1.4570 10.0000 2.0000 -6.0000 6.0000 -10.0000 -2.0000 0.2500 0.2500 0.2500 0.2500 0.2500 1.2500 1.9442 3.4426 
19.0000 57.0000 5.0000 4.0000 1.0000 -9.0000 8 1.0000 1.0000 0.7520 -6.0000 2.0000 14.0000 -2.0000 10.0000 6.0000 0.2500 0.2500 0.2500 0.2500 0.2500 1.2500 1.7887 3.2925 
19.0000 14.0000 5.0000 -4.0000 0.0000 9.0000 2 -1.0000 1.0000 0.6540 2.0000 -10.0000 -14.0000 6.0000 -6.0000 -2.0000 0.2354 0.1989 0.3461 0.2930 0.1773 1.2507 1.9426 3.4434 
19.0000 55.0000 5.0000 2.0000 0.0000 6.0000 2 -1.0000 1.0000 1.2420 0.0000 8.0000 12.0000 -8.0000 4.0000 -4.0000 0.2290 0.1643 0.2522 0.3517 0.2563 1.2535 1.8905 3.3960 
19.0000 26.0000 5.0000 -2.0000 0.0000 3.0000 2 -1.0000 1.0000 0.6360 8.0000 -4.0000 -8.0000 0.0000 -12.0000 4.0000 0.2949 0.2591 0.1783 0.3264 0.1961 1.2548 1.7835 3.2806 
19.0000 19.0000 5.0000 -2.0000 1.0000 3.0000 2 -1.0000 1.0000 0.7870 8.0000 -4.0000 -12.0000 0.0000 -8.0000 4.0000 0.2500 0.2500 0.2500 0.2500 0.2500 1.2500 1.8686 3.3591 
19.0000 54.0000 5.0000 2.0000 0.0000 3.0000 2 -1.0000 1.0000 0.7580 8.0000 0.0000 -8.0000 4.0000 -4.0000 12.0000 0.1968 0.3339 0.2428 0.1727 0.3072 1.2534 1.8208 3.3126 
19.0000 3.0000 5.0000 -4.0000 1.0000 -3.0000 8 1.0000 1.0000 0.8020 2.0000 -6.0000 -10.0000 -2.0000 -14.0000 6.0000 0.2500 0.2500 0.2500 0.2500 0.2500 1.2500 1.9943 3.4925 
19.0000 49.0000 5.0000 2.0000 1.0000 9.0000 2 -1.0000 1.0000 0.9560 -4.0000 4.0000 8.0000 0.0000 12.0000 -8.0000 0.2500 0.2500 0.2500 0.2500 0.2500 1.2500 1.9999 3.4926 
19.0000 8.0000 5.0000 -4.0000 0.0000 -9.0000 8 1.0000 1.0000 0.6360 6.0000 -6.0000 -10.0000 -2.0000 -14.0000 2.0000 0.1654 0.3715 0.2908 0.2511 0.1781 1.2568 1.8760 3.3826 
19.0000 67.0000 5.0000 4.0000 0.0000 0.0000 2 -1.0000 0.0000 1.3200 14.0000 2.0000 -2.0000 6.0000 -6.0000 10.0000 0.2590 0.3225 0.2793 0.1536 0.2288 1.2432 1.9198 3.4192 
19.0000 10.0000 5.0000 -4.0000 0.0000 -3.0000 8 1.0000 1.0000 0.8750 2.0000 -6.0000 -14.0000 -2.0000 -10.0000 6.0000 0.1548 0.2432 0.2117 0.2436 0.3967 1.2500 1.8627 3.3592 
19.0000 42.0000 5.0000 0.0000 0.0000 9.0000 2 -1.0000 1.0000 0.5950 6.0000 -2.0000 -10.0000 2.0000 -6.0000 10.0000 0.1954 0.3592 0.1919 0.2624 0.2370 1.2459 1.7669 3.2718 
19.0000 25.0000 5.0000 -2.0000 0.0000 0.0000 8 1.0000 0.0000 1.4610 8.0000 -4.0000 -12.0000 0.0000 -8.0000 4.0000 0.2682 0.2278 0.3811 0.1528 0.2141 1.2440 1.7866 3.2866 
19.0000 62.0000 5.0000 4.0000 1.0000 6.0000 2 -1.0000 1.0000 0.6050 14.0000 2.0000 -6.0000 6.0000 -2.0000 10.0000 0.2500 0.2500 0.2500 0.2500 0.2500 1.2500 1.9671 3.4760 
19.0000 11.0000 5.0000 -4.0000 0.0000 0.0000 8 1.0000 0.0000 1.1770 -14.0000 -2.0000 6.0000 -6.0000 2.0000 -10.0000 0.2839 0.1925 0.1546 0.3443 0.2751 1.2503 1.7817 3.2763 
19.0000 22.0000 5.0000 -2.0000 0.0000 -9.0000 8 1.0000 1.0000 0.8360 4.0000 -4.0000 -8.0000 0.0000 -12.0000 8.0000 0.2502 0.1794 0.3643 0.2040 0.2588 1.2568 1.7938 3.2993 
19.0000 39.0000 5.0000 0.0000 0.0000 0.0000 2 -1.0000 0.0000 0.8860 6.0000 -6.0000 -10.0000 10.0000 -2.0000 2.0000 0.1706 0.2411 0.3163 0.1556 0.3591 1.2427 1.9620 3.4520 
19.0000 47.0000 5.0000 2.0000 1.0000 3.0000 2 -1.0000 1.0000 0.5620 8.0000 0.0000 -4.0000 4.0000 -8.0000 12.0000 0.2500 0.2500 0.2500 0.2500 0.2500 1.2500 1.9095 3.4092 
19.0000 13.0000 5.0000 -4.0000 0.0000 6.0000 2 -1.0000 1.0000 1.1260 -6.0000 2.0000 6.0000 -14.0000 -2.0000 -10.0000 0.1812 0.3653 0.2099 0.1704 0.3199 1.2468 1.8013 3.2893 
19.0000 44.0000 5.0000 2.0000 1.0000 -6.0000 8 1.0000 1.0000 1.0040 8.0000 0.0000 -8.0000 4.0000 -4.0000 12.0000 0.2500 0.2500 0.2500 0.2500 0.2500 1.2500 1.7987 3.2925 
19.0000 50.0000 5.0000 2.0000 0.0000 -9.0000 8 1.0000 1.0000 0.8120 12.0000 4.0000 -4.0000 8.0000 -8.0000 0.0000 0.3390 0.1528 0.2899 0.2208 0.2466 1.2490 1.8451 3.3582 
19.0000 15.0000 5.0000 -2.0000 1.0000 -9.0000 8 1.0000 1.0000 0.5930 -12.0000 0.0000 4.0000 -4.0000 8.0000 -8.0000 0.2500 0.2500 0.2500 0.2500 0.2500 1.2500 1.8558 3.3591 
19.0000 16.0000 5.0000 -2.0000 1.0000 -6.0000 8 1.0000 1.0000 0.8850 8.0000 -4.0000 -12.0000 0.0000 -8.0000 4.0000 0.2500 0.2500 0.2500 0.2500 0.2500 1.2500 1.7638 3.2758 
19.0000 53.0000 5.0000 2.0000 0.0000 0.0000 8 1.0000 0.0000 1.3880 12.0000 0.0000 -4.0000 4.0000 -8.0000 8.0000 0.1559 0.3220 0.2166 0.3610 0.1982 1.2537 1.9851 3.4963 
19.0000 66.0000 5.0000 4.0000 0.0000 -3.0000 8 1.0000 1.0000 1.8390 -6.0000 2.0000 14.0000 -2.0000 10.0000 6.0000 0.2470 0.3171 0.2547 0.1721 0.2630 1.2539 1.9890 3.4965 
19.0000 52.0000 5.0000 2.0000 0.0000 -3.0000 8 1.0000 1.0000 0.9030 -4.0000 4.0000 8.0000 0.0000 12.0000 -8.0000 0.1541 0.2022 0.3164 0.3491 0.2276 1.2493 1.7680 3.2751 
19.0000 64.0000 5.0000 4.0000 0.0000 -9.0000 8 1.0000 1.0000 0.7100 10.0000 -2.0000 -6.0000 14.0000 2.0000 6.0000 0.2705 0.1707 0.2796 0.1867 0.3385 1.2461 1.8408 3.3385 
19.0000 68.0000 5.0000 4.0000 0.0000 3.0000 2 -1.0000 1.0000 1.2930 -6.0000 6.0000 14.0000 2.0000 10.0000 -2.0000 0.2241 0.3130 0.1698 0.3364 0.2163 1.2597 1.9172 3.4190 
19.0000 30.0000 5.0000 0.0000 1.0000 -6.0000 8 1.0000 1.0000 0.9800 10.0000 2.0000 -6.0000 6.0000 -10.0000 -2.0000 0.2500 0.2500 0.2500 0.2500 0.2500 1.2500 1.8399 3.3425 
19.0000 9.0000 5.0000 -4.0000 0.0000 -6.0000 8 1.0000 1.0000 1.0090 -10.0000 -2.0000 6.0000 -6.0000 2.0000 -14.0000 0.2698 0.2350 0.1646 0.3149 0.2662 1.2504 1.9204 3.4097 
19.0000 41.0000 5.0000 0.0000 0.0000 6.0000 2 -1.0000 1.0000 0.8750 -6.0000 2.0000 6.0000 -2.0000 10.0000 -10.0000 0.1958 0.3699 0.3174 0.1672 0.2077 1.2580 1.8162 3.3172 
19.0000 12.0000 5.0000 -4.0000 0.0000 3.0000 2 -1.0000 1.0000 0.7860 6.0000 -6.0000 -10.0000 -2.0000 -14.0000 2.0000 0.3362 0.1837 0.2560 0.2224 0.2599 1.2582 1.8316 3.3340 
19.0000 5.0000 5.0000 -4.0000 1.0000 3.0000 2 -1.0000 1.0000 0.9180 -10.0000 -2.0000 6.0000 -6.0000 2.0000 -14.0000 0.2500 0.2500 0.2500 0.2500 0.2500 1.2500 1.7533 3.2592 
19.0000 69.0000 5.0000 4.0000 0.0000 6.0000 2 -1.0000 1.0000 0.8670 -6.0000 2.0000 14.0000 -2.0000 10.0000 6.0000 0.3564 0.2308 0.1551 0.1876 0.3218 1.2518 1.7650 3.2777 
19.0000 48.0000 5.0000 2.0000 1.0000 6.0000 2 -1.0000 1.0000 0.8210 0.0000 8.0000 12.0000 -8.0000 4.0000 -4.0000 0.2500 0.2500 0.2500 0.2500 0.2500 1.2500 1.7633 3.2758 
19.0000 21.0000 5.0000 -2.0000 1.0000 9.0000 2 -1.0000 1.0000 0.6460 -8.0000 4.0000 8.0000 -12.0000 0.0000 -4.0000 0.2500 0.2500 0.2500 0.2500 0.2500 1.2500 1.9712 3.4759 
19.0000 29.0000 5.0000 0.0000 1.0000 -9.0000 8 1.0000 1.0000 0.9770 6.0000 -2.0000 -10.0000 2.0000 -6.0000 10.0000 0.2500 0.2500 0.2500 0.2500 0.2500 1.2500 1.9544 3.4593 
19.0000 60.0000 5.0000 4.0000 1.0000 0.0000 2 -1.0000 0.0000 1.2360 -6.0000 6.0000 14.0000 2.0000 10.0000 -2.0000 0.2500 0.2500 0.2500 0.2500 0.2500 1.2500 1.9778 3.4760 
19.0000 32.0000 5.0000 0.0000 1.0000 0.0000 2 -1.0000 0.0000 1.5430 6.0000 -2.0000 -10.0000 2.0000 -6.0000 10.0000 0.2500 0.2500 0.2500 0.2500 0.2500 1.2500 1.7580 3.2591 
19.0000 38.0000 5.0000 0.0000 0.0000 -3.0000 8 1.0000 1.0000 0.9080 10.0000 2.0000 -10.0000 6.0000 -6.0000 -2.0000 0.2878 0.2586 0.1964 0.2838 0.2224 1.2491 1.9241 3.4250 
19.0000 51.0000 5.0000 2.0000 0.0000 -6.0000 8 1.0000 1.0000 0.6840 4.0000 -4.0000 -8.0000 12.0000 0.0000 8.0000 0.2318 0.1843 0.3591 0.1506 0.3295 1.2553 1.9678 3.4645 
19.0000 1.0000 5.0000 -4.0000 1.0000 -9.0000 8 1.0000 1.0000 1.2530 -14.0000 -6.0000 2.0000 -10.0000 6.0000 -2.0000 0.2500 0.2500 0.2500 0.2500 0.2500 1.2500 1.7746 3.2759 
19.0000 2.0000 5.0000 -4.0000 1.0000 -6.0000 8 1.0000 1.0000 0.8270 2.0000 -10.0000 -14.0000 6.0000 -6.0000 -2.0000 0.2500 0.2500 0.2500 0.2500 0.2500 1.2500 1.9054 3.3926 
19.0000 56.0000 5.0000 2.0000 0.0000 9.0000 2 -1.0000 1.0000 1.4930 -8.0000 0.0000 12.0000 -4.0000 8.0000 4.0000 0.3946 0.2051 0.2658 0.2051 0.1724 1.2431 1.9666 3.4523 
19.0000 36.0000 5.0000 0.0000 0.0000 -9.0000 8 1.0000 1.0000 0.8280 -6.0000 2.0000 10.0000 -2.0000 6.0000 -10.0000 0.3033 0.1727 0.2129 0.3717 0.1903 1.2510 1.7891 3.2935 
19.0000 43.0000 5.0000 2.0000 1.0000 -9.0000 8 1.0000 1.0000 0.7310 4.0000 -4.0000 -8.0000 12.0000 0.0000 8.0000 0.2500 0.2500 0.2500 0.2500 0.2500 1.2500 1.7878 3.2925 
19.0000 70.0000 5.0000 4.0000 0.0000 9.0000 2 -1.0000 1.0000 0.7790 14.0000 2.0000 -2.0000 6.0000 -6.0000 10.0000 0.2898 0.2176 0.1615 0.1899 0.3938 1.2525 1.8986 3.4118 
19.0000 61.0000 5.0000 4.0000 1.0000 3.0000 2 -1.0000 1.0000 0.5990 -6.0000 6.0000 14.0000 2.0000 10.0000 -2.0000 0.2500 0.2500 0.2500 0.2500 0.2500 1.2500 1.7583 3.2591 
19.0000 6.0000 5.0000 -4.0000 1.0000 6.0000 2 -1.0000 1.0000 1.4460 2.0000 -10.0000 -14.0000 6.0000 -6.0000 -2.0000 0.2500 0.2500 0.2500 0.2500 0.2500 1.2500 1.8908 3.3925 
19.0000 40.0000 5.0000 0.0000 0.0000 3.0000 2 -1.0000 1.0000 0.8460 2.0000 -6.0000 -10.0000 10.0000 -2.0000 6.0000 0.1769 0.2866 0.1971 0.3303 0.2526 1.2435 1.7973 3.2860 
19.0000 65.0000 5.0000 4.0000 0.0000 -6.0000 2 -1.0000 0.0000 2.3450 10.0000 2.0000 -2.0000 6.0000 -6.0000 14.0000 0.1662 0.3169 0.2328 0.3531 0.1854 1.2544 1.7659 3.2635 
19.0000 17.0000 5.0000 -2.0000 1.0000 -3.0000 8 1.0000 1.0000 0.6190 4.0000 -8.0000 -12.0000 8.0000 -4.0000 0.0000 0.2500 0.2500 0.2500 0.2500 0.2500 1.2500 1.8293 3.3259 
19.0000 58.0000 5.0000 4.0000 1.0000 -6.0000 8 1.0000 1.0000 1.0220 -2.0000 6.0000 14.0000 2.0000 10.0000 -6.0000 0.2500 0.2500 0.2500 0.2500 0.2500 1.2500 1.7662 3.2592 
19.0000 59.0000 5.0000 4.0000 1.0000 -3.0000 8 1.0000 1.0000 0.6980 14.0000 6.0000 -6.0000 10.0000 -2.0000 2.0000 0.2500 0.2500 0.2500 0.2500 0.2500 1.2500 1.9731 3.4760 
19.0000 24.0000 5.0000 -2.0000 0.0000 -3.0000 8 1.0000 1.0000 0.7030 4.0000 -4.0000 -8.0000 0.0000 -12.0000 8.0000 0.1633 0.2623 0.3360 0.1861 0.2962 1.2440 1.8255 3.3198 
19.0000 20.0000 5.0000 -2.0000 1.0000 6.0000 2 -1.0000 1.0000 1.1340 8.0000 -4.0000 -12.0000 0.0000 -8.0000 4.0000 0.2500 0.2500 0.2500 0.2500 0.2500 1.2500 1.9733 3.4593 
19.0000 63.0000 5.0000 4.0000 1.0000 9.0000 2 -1.0000 1.0000 0.4590 -6.0000 6.0000 10.0000 2.0000 14.0000 -2.0000 0.2500 0.2500 0.2500 0.2500 0.2500 1.2500 1.9947 3.5094 
19.0000 35.0000 5.0000 0.0000 1.0000 9.0000 2 -1.0000 1.0000 0.6360 -10.0000 -2.0000 10.0000 -6.0000 6.0000 2.0000 0.2500 0.2500 0.2500 0.2500 0.2500 1.2500 1.9436 3.4426 
19.0000 12.0000 6.0000 -4.0000 0.0000 3.0000 8 1.0000 0.0000 2.0380 -10.0000 -2.0000 2.0000 -6.0000 6.0000 -14.0000 0.1533 0.3758 0.1770 0.3035 0.2457 1.2553 1.7520 3.2645 
19.0000 5.0000 6.0000 -4.0000 1.0000 3.0000 2 -1.0000 1.0000 0.8980 -14.0000 -2.0000 6.0000 -6.0000 2.0000 -10.0000 0.2500 0.2500 0.2500 0.2500 0.2500 1.2500 1.9216 3.4259 
19.0000 14.0000 6.0000 -4.0000 0.0000 9.0000 2 -1.0000 1.0000 0.5840 6.0000 -2.0000 -10.0000 2.0000 -14.0000 -6.0000 0.3238 0.1586 0.3177 0.2446 0.2041 1.2489 1.7828 3.2914 
19.0000 38.0000 6.0000 0.0000 0.0000 -3.0000 2 -1.0000 0.0000 0.9290 10.0000 -2.0000 -10.0000 2.0000 -6.0000 6.0000 0.1761 0.2705 0.1590 0.3045 0.3363 1.2464 1.8522 3.3556 
19.0000 55.0000 6.0000 2.0000 0.0000 6.0000 2 -1.0000 1.0000 1.0920 -4.0000 4.0000 8.0000 0.0000 12.0000 -8.0000 0.1759 0.3513 0.1602 0.2538 0.3009 1.2422 1.8120 3.3014 
19.0000 1.0000 6.0000 -4.0000 1.0000 -9.0000 8 1.0000 1.0000 0.5850 2.0000 -6.0000 -14.0000 -2.0000 -10.0000 6.0000 0.2500 0.2500 0.2500 0.2500 0.2500 1.2500 1.8700 3.3758 
19.0000 10.0000 6.0000 -4.0000 0.0000 -3.0000 8 1.0000 1.0000 1.0620 -14.0000 -2.0000 2.0000 -6.0000 6.0000 -10.0000 0.3009 0.2016 0.1534 0.3295 0.2607 1.2461 1.7592 3.2553 
19.0000 54.0000 6.0000 2.0000 0.0000 3.0000 2 -1.0000 1.0000 0.8450 8.0000 -4.0000 -8.0000 12.0000 0.0000 4.0000 0.2176 0.3300 0.2001 0.3090 0.1964 1.2531 1.9773 3.4790 
19.0000 36.0000 6.0000 0.0000 0.0000 -9.0000 8 1.0000 1.0000 0.6240 2.0000 -6.0000 -10.0000 10.0000 -2.0000 6.0000 0.2129 0.1834 0.2823 0.2485 0.3147 1.2419 1.8019 3.2845 
19.0000 46.0000 6.0000 2.0000 1.0000 0.0000 2 -1.0000 0.0000 1.8580 4.0000 -4.0000 -8.0000 12.0000 0.0000 8.0000 0.2500 0.2500 0.2500 0.2500 0.2500 1.2500 1.9802 3.4759 
19.0000 20.0000 6.0000 -2.0000 1.0000 6.0000 2 -1.0000 1.0000 0.5630 -12.0000 -4.0000 4.0000 -8.0000 8.0000 0.0000 0.2500 0.2500 0.2500 0.2500 0.2500 1.2500 1.7745 3.2759 
19.0000 53.0000 6.0000 2.0000 0.0000 0.0000 2 -1.0000 0.0000 0.5550 -8.0000 0.0000 12.0000 -4.0000 8.0000 4.0000 0.1929 0.3540 0.2026 0.2842 0.2205 1.2541 1.8262 3.3299 
19.0000 24.0000 6.0000 -2.0000 0.0000 -3.0000 8 1.0000 1.0000 1.1440 -8.0000 0.0000 8.0000 -4.0000 4.0000 -12.0000 0.2069 0.1792 0.3755 0.1860 0.3035 1.2511 1.9654 3.4770 
19.0000 11.0000 6.0000 -4.0000 0.0000 0.0000 8 1.0000 0.0000 0.8820 2.0000 -6.0000 -10.0000 -2.0000 -14.0000 6.0000 0.2364 0.2979 0.2477 0.2059 0.2703 1.2582 1.8174 3.3342 
19.0000 52.0000 6.0000 2.0000 0.0000 -3.0000 8 1.0000 1.0000 0.5630 12.0000 4.0000 -8.0000 8.0000 -4.0000 0.0000 0.3463 0.3022 0.1587 0.1931 0.2422 1.2424 1.9839 3.4850 
19.0000 65.0000 6.0000 4.0000 0.0000 -6.0000 8 1.0000 1.0000 0.5630 14.0000 2.0000 -6.0000 6.0000 -2.0000 10.0000 0.3314 0.2243 0.2744 0.2321 0.1872 1.2495 1.8778 3.3753 
19.0000 67.0000 6.0000 4.0000 0.0000 0.0000 8 1.0000 0.0000 0.8290 14.0000 6.0000 -6.0000 10.0000 -2.0000 2.0000 0.3828 0.1716 0.2337 0.2045 0.2647 1.2573 1.8199 3.3332 
19.0000 21.0000 6.0000 -2.0000 1.0000 9.0000 2 -1.0000 1.0000 0.6490 -4.0000 4.0000 8.0000 -12.0000 0.0000 -8.0000 0.2500 0.2500 0.2500 0.2500 0.2500 1.2500 1.9284 3.4259 
19.0000 37.0000 6.0000 0.0000 0.0000 -6.0000 8 1.0000 1.0000 0.6550 6.0000 -2.0000 -10.0000 2.0000 -6.0000 10.0000 0.2968 0.1559 0.3308 0.1869 0.2859 1.2564 1.8386 3.3488 
19.0000 39.0000 6.0000 0.0000 0.0000 0.0000 2 -1.0000 0.0000 0.6080 -10.0000 -2.0000 6.0000 -6.0000 10.0000 2.0000 0.1523 0.3457 0.2086 0.3164 0.2349 1.2578 1.7849 3.2836 
19.0000 3.0000 6.0000 -4.0000 1.0000 -3.0000 8 1.0000 1.0000 0.5750 -2.0000 -10.0000 -14.0000 6.0000 -6.0000 2.0000 0.2500 0.2500 0.2500 0.2500 0.2500 1.2500 1.8773 3.3759 
19.0000 34.0000 6.0000 0.0000 1.0000 6.0000 2 -1.0000 1.0000 0.6050 -10.0000 2.0000 10.0000 -2.0000 6.0000 -6.0000 0.2500 0.2500 0.2500 0.2500 0.2500 1.2500 1.9701 3.4594 
19.0000 9.0000 6.0000 -4.0000 0.0000 -6.0000 8 1.0000 1.0000 0.6730 -10.0000 2.0000 6.0000 -14.0000 -2.0000 -6.0000 0.2445 0.1604 0.3254 0.1744 0.3401 1.2448 1.7750 3.2706 
19.0000 13.0000 6.0000 -4.0000 0.0000 6.0000 8 1.0000 0.0000 0.3180 -10.0000 -2.0000 6.0000 -6.0000 2.0000 -14.0000 0.1624 0.1965 0.2386 0.3934 0.2662 1.2571 1.9963 3.5164 
19.0000 64.0000 6.0000 4.0000 0.0000 -9.0000 8 1.0000 1.0000 1.4390 10.0000 2.0000 -2.0000 6.0000 -6.0000 14.0000 0.1685 0.2341 0.2779 0.2516 0.3192 1.2514 1.9373 3.4439 
19.0000 25.0000 6.0000 -2.0000 0.0000 0.0000 8 1.0000 0.0000 3.1230 8.0000 0.0000 -12.0000 4.0000 -8.0000 -4.0000 0.3976 0.1593 0.2186 0.1697 0.3129 1.2581 1.8710 3.3840 
19.0000 43.0000 6.0000 2.0000 1.0000 -9.0000 8 1.0000 1.0000 0.9270 -8.0000 4.0000 8.0000 0.0000 12.0000 -4.0000 0.2500 0.2500 0.2500 0.2500 0.2500 1.2500 1.7696 3.2758 
19.0000 47.0000 6.0000 2.0000 1.0000 3.0000 2 -1.0000 1.0000 0.7010 12.0000 0.0000 -4.0000 4.0000 -8.0000 8.0000 0.2500 0.2500 0.2500 0.2500 0.2500 1.2500 1.7735 3.2758 
19.0000 22.0000 6.0000 -2.0000 0.0000 -9.0000 8 1.0000 1.0000 0.5060 -8.0000 4.0000 8.0000 -12.0000 0.0000 -4.0000 0.1664 0.3472 0.2567 0.1837 0.2981 1.2521 1.8328 3.3281 
19.0000 68.0000 6.0000 4.0000 0.0000 3.0000 2 -1.0000 1.0000 1.3390 -6.0000 6.0000 10.0000 2.0000 14.0000 -2.0000 0.2291 0.1610 0.2480 0.2879 0.3214 1.2474 1.9126 3.4066 
19.0000 23.0000 6.0000 -2.0000 0.0000 -6.0000 8 1.0000 1.0000 1.4000 -8.0000 4.0000 8.0000 -12.0000 0.0000 -4.0000 0.1748 0.2524 0.2168 0.2855 0.3291 1.2586 1.9877 3.5013 
19.0000 33.0000 6.0000 0.0000 1.0000 3.0000 2 -1.0000 1.0000 0.5880 10.0000 -2.0000 -6.0000 2.0000 -10.0000 6.0000 0.2500 0.2500 0.2500 0.2500 0.2500 1.2500 1.9739 3.4759 
19.0000 31.0000 6.0000 0.0000 1.0000 -3.0000 2 -1.0000 0.0000 1.5990 -10.0000 -2.0000 10.0000 -6.0000 6.0000 2.0000 0.2500 0.2500 0.2500 0.2500 0.2500 1.2500 1.8219 3.3258 
19.0000 17.0000 6.0000 -2.0000 1.0000 -3.0000 8 1.0000 1.0000 0.6580 -12.0000 -4.0000 4.0000 -8.0000 8.0000 0.0000 0.2500 0.2500 0.2500 0.2500 0.2500 1.2500 1.9477 3.4427 
19.0000 69.0000 6.0000 4.0000 0.0000 6.0000 2 -1.0000 1.0000 0.6380 2.0000 10.0000 14.0000 -6.0000 6.0000 -2.0000 0.2458 0.2880 0.1697 0.3012 0.2506 1.2554 1.9251 3.4314 
19.0000 6.0000 6.0000 -4.0000 1.0000 6.0000 2 -1.0000 1.0000 1.2870 6.0000 -2.0000 -14.0000 2.0000 -10.0000 -6.0000 0.2500 0.2500 0.2500 0.2500 0.2500 1.2500 1.7735 3.2759 
19.0000 15.0000 6.0000 -2.0000 1.0000 -9.0000 8 1.0000 1.0000 0.6660 4.0000 -8.0000 -12.0000 8.0000 -4.0000 0.0000 0.2500 0.2500 0.2500 0.2500 0.2500 1.2500 1.8812 3.3925 
19.0000 62.0000 6.0000 4.0000 1.0000 6.0000 2 -1.0000 1.0000 0.7020 2.0000 10.0000 14.0000 -6.0000 6.0000 -2.0000 0.2500 0.2500 0.2500 0.2500 0.2500 1.2500 1.8296 3.3425 
19.0000 26.0000 6.0000 -2.0000 0.0000 3.0000 2 -1.0000 1.0000 0.6490 8.0000 0.0000 -12.0000 4.0000 -8.0000 -4.0000 0.1712 0.2216 0.3939 0.3143 0.1589 1.2599 1.8686 3.3859 
19.0000 58.0000 6.0000 4.0000 1.0000 -6.0000 2 -1.0000 0.0000 1.5680 14.0000 6.0000 -2.0000 10.0000 -6.0000 2.0000 0.2500 0.2500 0.2500 0.2500 0.2500 1.2500 1.8043 3.3093 
19.0000 4.0000 6.0000 -4.0000 1.0000 0.0000 2 -1.0000 0.0000 0.6720 -10.0000 2.0000 6.0000 -14.0000 -2.0000 -6.0000 0.2500 0.2500 0.2500 0.2500 0.2500 1.2500 1.9008 3.4092 
19.0000 2.0000 6.0000 -4.0000 1.0000 -6.0000 8 1.0000 1.0000 0.6740 2.0000 -6.0000 -10.0000 -2.0000 -14.0000 6.0000 0.2500 0.2500 0.2500 0.2500 0.2500 1.2500 1.9649 3.4592 
19.0000 8.0000 6.0000 -4.0000 0.0000 -9.0000 8 1.0000 1.0000 0.7170 2.0000 -10.0000 -14.0000 6.0000 -6.0000 -2.0000 0.1976 0.3645 0.3380 0.1865 0.1550 1.2416 1.9006 3.3841 
19.0000 49.0000 6.0000 2.0000 1.0000 9.0000 2 -1.0000 1.0000 0.8120 0.0000 8.0000 12.0000 -8.0000 4.0000 -4.0000 0.2500 0.2500 0.2500 0.2500 0.2500 1.2500 1.7648 3.2592 
19.0000 41.0000 6.0000 0.0000 0.0000 6.0000 2 -1.0000 1.0000 0.8650 -10.0000 -2.0000 6.0000 -6.0000 10.0000 2.0000 0.1834 0.2992 0.2428 0.3370 0.1926 1.2551 1.9190 3.4143 
19.0000 18.0000 6.0000 -2.0000 1.0000 0.0000 2 -1.0000 0.0000 0.8200 -8.0000 0.0000 4.0000 -4.0000 8.0000 -12.0000 0.2500 0.2500 0.2500 0.2500 0.2500 1.2500 1.9256 3.4258 
19.0000 63.0000 6.0000 4.0000 1.0000 9.0000 2 -1.0000 1.0000 1.0150 -6.0000 2.0000 10.0000 -2.0000 14.0000 6.0000 0.2500 0.2500 0.2500 0.2500 0.2500 1.2500 1.8031 3.2926 
19.0000 27.0000 6.0000 -2.0000 0.0000 6.0000 2 -1.0000 1.0000 1.5930 8.0000 -4.0000 -8.0000 0.0000 -12.0000 4.0000 0.1674 0.2672 0.3356 0.1728 0.3028 1.2459 1.7882 3.2716 
19.0000 44.0000 6.0000 2.0000 1.0000 -6.0000 2 -1.0000 0.0000 0.7250 -4.0000 8.0000 12.0000 -8.0000 4.0000 0.0000 0.2500 0.2500 0.2500 0.2500 0.2500 1.2500 1.9245 3.4260 
19.0000 61.0000 6.0000 4.0000 1.0000 3.0000 2 -1.0000 1.0000 0.6540 14.0000 6.0000 -2.0000 10.0000 -6.0000 2.0000 0.2500 0.2500 0.2500 0.2500 0.2500 1.2500 1.8942 3.3927 
19.0000 48.0000 6.0000 2.0000 1.0000 6.0000 8 1.0000 0.0000 0.9910 12.0000 4.0000 -4.0000 8.0000 -8.0000 0.0000 0.2500 0.2500 0.2500 0.2500 0.2500 1.2500 1.7695 3.2759 
19.0000 56.0000 6.0000 2.0000 0.0000 9.0000 2 -1.0000 1.0000 0.4620 -8.0000 0.0000 12.0000 -4.0000 8.0000 4.0000 0.1518 0.3567 0.2130 0.3704 0.1609 1.2528 1.8638 3.3621 
19.0000 45.0000 6.0000 2.0000 1.0000 -3.0000 2 -1.0000 0.0000 0.6730 -4.0000 4.0000 12.0000 0.0000 8.0000 -8.0000 0.2500 0.2500 0.2500 0.2500 0.2500 1.2500 1.7644 3.2593 
19.0000 35.0000 6.0000 0.0000 1.0000 9.0000 2 -1.0000 1.0000 0.6310 -6.0000 2.0000 10.0000 -2.0000 6.0000 -10.0000 0.2500 0.2500 0.2500 0.2500 0.2500 1.2500 1.8072 3.3092 
19.0000 29.0000 6.0000 0.0000 1.0000 -9.0000 8 1.0000 1.0000 0.8010 6.0000 -2.0000 -10.0000 2.0000 -6.0000 10.0000 0.2500 0.2500 0.2500 0.2500 0.2500 1.2500 1.8024 3.3091 
19.0000 19.0000 6.0000 -2.0000 1.0000 3.0000 2 -1.0000 1.0000 0.7490 -12.0000 -4.0000 4.0000 -8.0000 8.0000 0.0000 0.2500 0.2500 0.2500 0.2500 0.2500 1.2500 1.9036 3.4092 
19.0000 50.0000 6.0000 2.0000 0.0000 -9.0000 8 1.0000 1.0000 0.4800 -4.0000 4.0000 8.0000 0.0000 12.0000 -8.0000 0.2371 0.1666 0.3001 0.1675 0.3830 1.2544 1.8768 3.3803 
19.0000 40.0000 6.0000 0.0000 0.0000 3.0000 2 -1.0000 1.0000 0.6690 -10.0000 -2.0000 10.0000 -6.0000 6.0000 2.0000 0.1691 0.3582 0.1852 0.3208 0.2081 1.2414 1.8985 3.3839 
19.0000 66.0000 6.0000 4.0000 0.0000 -3.0000 2 -1.0000 0.0000 0.5950 -6.0000 2.0000 14.0000 -2.0000 10.0000 6.0000 0.2396 0.2085 0.1735 0.3581 0.2765 1.2562 1.9738 3.4820 
19.0000 59.0000 6.0000 4.0000 1.0000 -3.0000 8 1.0000 1.0000 0.8440 2.0000 10.0000 14.0000 -6.0000 6.0000 -2.0000 0.2500 0.2500 0.2500 0.2500 0.2500 1.2500 1.8858 3.3758 
19.0000 28.0000 6.0000 -2.0000 0.0000 9.0000 8 1.0000 0.0000 1.3020 -12.0000 0.0000 8.0000 -4.0000 4.0000 -8.0000 0.2288 0.1845 0.3750 0.2478 0.2147 1.2508 1.7700 3.2767 
19.0000 57.0000 6.0000 4.0000 1.0000 -9.0000 8 1.0000 1.0000 0.7230 14.0000 2.0000 -2.0000 6.0000 -6.0000 10.0000 0.2500 0.2500 0.2500 0.2500 0.2500 1.2500 1.9786 3.4925 
19.0000 32.0000 6.0000 0.0000 1.0000 0.0000 8 1.0000 0.0000 0.6280 -10.0000 2.0000 6.0000 -2.0000 10.0000 -6.0000 0.2500 0.2500 0.2500 0.2500 0.2500 1.2500 1.8731 3.3760 
19.0000 16.0000 6.0000 -2.0000 1.0000 -6.0000 8 1.0000 1.0000 0.6370 -4.0000 4.0000 8.0000 -12.0000 0.0000 -8.0000 0.2500 0.2500 0.2500 0.2500 0.2500 1.2500 1.8103 3.3092 
19.0000 30.0000 6.0000 0.0000 1.0000 -6.0000 8 1.0000 1.0000 0.8160 -6.0000 6.0000 10.0000 -10.0000 2.0000 -2.0000 0.2500 0.2500 0.2500 0.2500 0.2500 1.2500 1.9290 3.4258 
19.0000 7.0000 6.0000 -4.0000 1.0000 9.0000 2 -1.0000 1.0000 0.8400 2.0000 -10.0000 -14.0000 6.0000 -6.0000 -2.0000 0.2500 0.2500 0.2500 0.2500 0.2500 1.2500 1.8643 3.3592 
19.0000 60.0000 6.0000 4.0000 1.0000 0.0000 8 1.0000 0.0000 0.8820 6.0000 -2.0000 -6.0000 14.0000 2.0000 10.0000 0.2500 0.2500 0.2500 0.2500 0.2500 1.2500 1.7673 3.2759 
19.0000 70.0000 6.0000 4.0000 0.0000 9.0000 2 -1.0000 1.0000 0.6160 -2.0000 10.0000 14.0000 -6.0000 6.0000 2.0000 0.1664 0.2368 0.3440 0.2084 0.2928 1.2485 1.8370 3.3410 
19.0000 51.0000 6.0000 2.0000 0.0000 -6.0000 8 1.0000 1.0000 0.6990 8.0000 0.0000 -4.0000 4.0000 -8.0000 12.0000 0.1731 0.2851 0.1774 0.2559 0.3509 1.2424 1.7781 3.2683 
19.0000 42.0000 6.0000 0.0000 0.0000 9.0000 2 -1.0000 1.0000 0.5130 10.0000 2.0000 -6.0000 6.0000 -10.0000 -2.0000 0.2850 0.2404 0.2811 0.2433 0.2074 1.2571 1.9622 3.4663 
