subNo index block mean periodicity testLevel pressedKey answer isCorrect rt s1 s2 s3 s4 s5 s6 t1 t2 t3 t4 t5 seqDuration startInterval trialDuration 
9.0000 1.0000 1.0000 1.0727 1.0000 4.2445 8 1.0000 0.0000 2.3130 11.0727 3.0727 -8.9273 7.0727 -4.9273 -0.9273 0.2500 0.2500 0.2500 0.2500 0.2500 1.2500 1.8594 3.3592 
9.0000 2.0000 1.0000 0.5752 1.0000 -6.4747 8 1.0000 1.0000 1.4790 2.5752 -5.4248 -9.4248 10.5752 -1.4248 6.5752 0.2500 0.2500 0.2500 0.2500 0.2500 1.2500 1.8612 3.3593 
9.0000 3.0000 1.0000 -3.7551 0.0000 -3.6839 8 1.0000 1.0000 1.2810 2.2449 -9.7551 -13.7551 6.2449 -5.7551 -1.7551 0.1913 0.3069 0.1850 0.3656 0.1994 1.2482 1.9902 3.4909 
9.0000 4.0000 1.0000 2.7825 0.0000 -2.0182 8 1.0000 1.0000 2.1430 -7.2175 4.7825 12.7825 0.7825 8.7825 -3.2175 0.2018 0.1767 0.3982 0.2602 0.2135 1.2505 1.9324 3.4265 
9.0000 5.0000 1.0000 1.6909 0.0000 -3.2642 8 1.0000 1.0000 1.0780 -4.3091 3.6909 7.6909 -0.3091 11.6909 -8.3091 0.2196 0.1867 0.2792 0.3103 0.2458 1.2415 1.8014 3.2840 
9.0000 6.0000 1.0000 -1.6638 0.0000 6.9948 8 1.0000 0.0000 2.9700 8.3362 -3.6638 -7.6638 0.3362 -11.6638 4.3362 0.2148 0.1699 0.2700 0.3656 0.2231 1.2435 1.7510 3.2527 
9.0000 7.0000 1.0000 -0.2652 1.0000 2.2374 2 -1.0000 1.0000 1.1810 9.7348 1.7348 -6.2652 5.7348 -10.2652 -2.2652 0.2500 0.2500 0.2500 0.2500 0.2500 1.2500 1.8284 3.3260 
9.0000 8.0000 1.0000 -1.4791 1.0000 7.8255 2 -1.0000 1.0000 1.9970 -11.4791 0.5209 4.5209 -3.4791 8.5209 -7.4791 0.2500 0.2500 0.2500 0.2500 0.2500 1.2500 1.7620 3.2592 
9.0000 9.0000 1.0000 -1.1079 1.0000 -2.7755 2 -1.0000 0.0000 1.6680 -3.1079 4.8921 8.8921 -11.1079 0.8921 -7.1079 0.2500 0.2500 0.2500 0.2500 0.2500 1.2500 1.9472 3.4427 
9.0000 10.0000 1.0000 -1.4735 0.0000 1.2823 8 1.0000 0.0000 1.6380 4.5265 -3.4735 -11.4735 0.5265 -7.4735 8.5265 0.2267 0.2536 0.3331 0.2447 0.1912 1.2494 1.8441 3.3419 
9.0000 11.0000 1.0000 -1.9945 1.0000 2.5309 2 -1.0000 1.0000 1.3950 8.0055 -3.9945 -11.9945 0.0055 -7.9945 4.0055 0.2500 0.2500 0.2500 0.2500 0.2500 1.2500 1.9135 3.4091 
9.0000 12.0000 1.0000 2.7910 1.0000 -4.3646 8 1.0000 1.0000 2.2130 -7.2090 0.7910 8.7910 -3.2090 12.7910 4.7910 0.2500 0.2500 0.2500 0.2500 0.2500 1.2500 1.8811 3.3759 
9.0000 13.0000 1.0000 2.1692 1.0000 -5.1587 8 1.0000 1.0000 1.2970 -3.8308 4.1692 8.1692 0.1692 12.1692 -7.8308 0.2500 0.2500 0.2500 0.2500 0.2500 1.2500 1.8581 3.3593 
9.0000 14.0000 1.0000 -1.1607 1.0000 -1.4574 2 -1.0000 0.0000 1.3530 8.8393 -3.1607 -7.1607 0.8393 -11.1607 4.8393 0.2500 0.2500 0.2500 0.2500 0.2500 1.2500 1.7821 3.2758 
9.0000 15.0000 1.0000 -3.3743 0.0000 -1.6364 8 1.0000 1.0000 1.4740 6.6257 -5.3743 -9.3743 -1.3743 -13.3743 2.6257 0.2607 0.2091 0.2780 0.3098 0.1842 1.2418 1.8159 3.3178 
9.0000 16.0000 1.0000 -1.0979 1.0000 4.0034 8 1.0000 0.0000 1.7820 4.9021 -7.0979 -11.0979 8.9021 -3.0979 0.9021 0.2500 0.2500 0.2500 0.2500 0.2500 1.2500 1.8814 3.3925 
9.0000 17.0000 1.0000 -1.3839 0.0000 -0.7554 8 1.0000 1.0000 2.0780 8.6161 0.6161 -11.3839 4.6161 -7.3839 -3.3839 0.1725 0.2363 0.2699 0.3802 0.1912 1.2501 1.9597 3.4594 
9.0000 18.0000 1.0000 0.8104 1.0000 4.1532 2 -1.0000 1.0000 2.0950 -9.1896 -1.1896 10.8104 -5.1896 6.8104 2.8104 0.2500 0.2500 0.2500 0.2500 0.2500 1.2500 1.7877 3.2925 
9.0000 19.0000 1.0000 1.5047 0.0000 1.0196 8 1.0000 0.0000 1.2140 -8.4953 3.5047 7.5047 -0.4953 11.5047 -4.4953 0.1931 0.3159 0.2279 0.3299 0.1844 1.2512 1.8746 3.3772 
9.0000 20.0000 1.0000 -3.6312 0.0000 1.3189 8 1.0000 0.0000 2.2830 -13.6312 -5.6312 2.3688 -9.6312 6.3688 -1.6312 0.1549 0.2300 0.2647 0.3168 0.2904 1.2567 1.9282 3.4326 
9.0000 21.0000 1.0000 -1.6812 1.0000 1.4160 8 1.0000 0.0000 1.9710 8.3188 0.3188 -7.6812 4.3188 -11.6812 -3.6812 0.2500 0.2500 0.2500 0.2500 0.2500 1.2500 1.8758 3.3758 
9.0000 22.0000 1.0000 -3.6430 0.0000 3.7480 8 1.0000 0.0000 1.5140 -13.6430 -1.6430 2.3570 -5.6430 6.3570 -9.6430 0.2195 0.3184 0.1872 0.2503 0.2808 1.2563 1.7997 3.2988 
9.0000 23.0000 1.0000 2.6708 0.0000 1.2584 2 -1.0000 1.0000 2.4470 -7.3292 0.6708 12.6708 -3.3292 8.6708 4.6708 0.2012 0.3127 0.2091 0.3366 0.1811 1.2408 1.8641 3.3501 
9.0000 24.0000 1.0000 1.7369 1.0000 -5.3696 8 1.0000 1.0000 1.7520 -8.2631 -0.2631 7.7369 -4.2631 11.7369 3.7369 0.2500 0.2500 0.2500 0.2500 0.2500 1.2500 1.8462 3.3426 
9.0000 25.0000 1.0000 -2.3797 1.0000 -1.1100 8 1.0000 1.0000 2.3940 -8.3797 -0.3797 3.6203 -4.3797 7.6203 -12.3797 0.2500 0.2500 0.2500 0.2500 0.2500 1.2500 1.9285 3.4427 
9.0000 26.0000 1.0000 -2.7673 1.0000 -0.5980 NR 0.0000 0.0000 0.0000 -8.7673 -0.7673 7.2327 -4.7673 3.2327 -12.7673 0.2500 0.2500 0.2500 0.2500 0.2500 1.2500 1.9419 3.4427 
