subNo index block mean periodicity testLevel pressedKey answer isCorrect rt s1 s2 s3 s4 s5 s6 t1 t2 t3 t4 t5 seqDuration startInterval trialDuration 
15.0000 44.0000 1.0000 2.0000 1.0000 -5.0000 8 1.0000 1.0000 4.2460 -4.0000 4.0000 12.0000 0.0000 8.0000 -8.0000 0.2500 0.2500 0.2500 0.2500 0.2500 1.2500 1.9634 3.4760 
15.0000 23.0000 1.0000 -2.0000 0.0000 -5.0000 8 1.0000 1.0000 2.1050 -12.0000 0.0000 8.0000 -4.0000 4.0000 -8.0000 0.1596 0.2976 0.3896 0.1797 0.2157 1.2423 1.8720 3.3681 
15.0000 61.0000 1.0000 4.0000 1.0000 2.5000 2 -1.0000 1.0000 1.0190 14.0000 2.0000 -6.0000 6.0000 -2.0000 10.0000 0.2500 0.2500 0.2500 0.2500 0.2500 1.2500 1.9037 3.4094 
15.0000 26.0000 1.0000 -2.0000 0.0000 2.5000 2 -1.0000 1.0000 1.7100 4.0000 -4.0000 -12.0000 0.0000 -8.0000 8.0000 0.1829 0.3144 0.1969 0.3908 0.1709 1.2559 1.8097 3.3151 
15.0000 40.0000 1.0000 0.0000 0.0000 2.5000 2 -1.0000 1.0000 0.7710 -10.0000 2.0000 6.0000 -2.0000 10.0000 -6.0000 0.1781 0.3469 0.2179 0.2796 0.2215 1.2440 1.7840 3.2699 
15.0000 10.0000 1.0000 -4.0000 0.0000 -2.5000 8 1.0000 1.0000 3.8940 -10.0000 -2.0000 6.0000 -6.0000 2.0000 -14.0000 0.1962 0.2813 0.2357 0.2079 0.3324 1.2536 1.8432 3.3461 
15.0000 53.0000 1.0000 2.0000 0.0000 0.0000 2 -1.0000 0.0000 0.8510 0.0000 8.0000 12.0000 -8.0000 4.0000 -4.0000 0.1747 0.2355 0.2649 0.3238 0.2470 1.2459 1.9671 3.4552 
15.0000 45.0000 1.0000 2.0000 1.0000 -2.5000 8 1.0000 1.0000 1.8220 -4.0000 4.0000 8.0000 0.0000 12.0000 -8.0000 0.2500 0.2500 0.2500 0.2500 0.2500 1.2500 1.9433 3.4426 
15.0000 5.0000 1.0000 -4.0000 1.0000 2.5000 8 1.0000 0.0000 1.1760 2.0000 -6.0000 -14.0000 -2.0000 -10.0000 6.0000 0.2500 0.2500 0.2500 0.2500 0.2500 1.2500 1.9812 3.4759 
15.0000 27.0000 1.0000 -2.0000 0.0000 5.0000 2 -1.0000 1.0000 0.9470 -4.0000 4.0000 8.0000 -12.0000 0.0000 -8.0000 0.2220 0.2910 0.2112 0.3543 0.1675 1.2460 1.9762 3.4721 
15.0000 30.0000 1.0000 0.0000 1.0000 -5.0000 2 -1.0000 0.0000 1.4250 2.0000 -6.0000 -10.0000 10.0000 -2.0000 6.0000 0.2500 0.2500 0.2500 0.2500 0.2500 1.2500 1.9745 3.4761 
15.0000 18.0000 1.0000 -2.0000 1.0000 0.0000 2 -1.0000 0.0000 1.6670 -12.0000 0.0000 4.0000 -4.0000 8.0000 -8.0000 0.2500 0.2500 0.2500 0.2500 0.2500 1.2500 1.7881 3.2924 
15.0000 6.0000 1.0000 -4.0000 1.0000 5.0000 2 -1.0000 1.0000 1.2230 -14.0000 -2.0000 6.0000 -6.0000 2.0000 -10.0000 0.2500 0.2500 0.2500 0.2500 0.2500 1.2500 1.8447 3.3425 
15.0000 21.0000 1.0000 -2.0000 1.0000 7.5000 2 -1.0000 1.0000 0.6680 -8.0000 0.0000 8.0000 -4.0000 4.0000 -12.0000 0.2500 0.2500 0.2500 0.2500 0.2500 1.2500 1.9318 3.4260 
15.0000 31.0000 1.0000 0.0000 1.0000 -2.5000 8 1.0000 1.0000 2.0140 -2.0000 6.0000 10.0000 -10.0000 2.0000 -6.0000 0.2500 0.2500 0.2500 0.2500 0.2500 1.2500 1.9426 3.4427 
15.0000 12.0000 1.0000 -4.0000 0.0000 2.5000 2 -1.0000 1.0000 1.0070 2.0000 -10.0000 -14.0000 6.0000 -6.0000 -2.0000 0.1560 0.3861 0.3192 0.2263 0.1679 1.2556 1.9382 3.4482 
15.0000 20.0000 1.0000 -2.0000 1.0000 5.0000 2 -1.0000 1.0000 0.7660 -8.0000 0.0000 4.0000 -4.0000 8.0000 -12.0000 0.2500 0.2500 0.2500 0.2500 0.2500 1.2500 1.9187 3.4093 
15.0000 59.0000 1.0000 4.0000 1.0000 -2.5000 2 -1.0000 0.0000 1.5580 2.0000 10.0000 14.0000 -6.0000 6.0000 -2.0000 0.2500 0.2500 0.2500 0.2500 0.2500 1.2500 1.8452 3.3425 
15.0000 15.0000 1.0000 -2.0000 1.0000 -7.5000 8 1.0000 1.0000 0.9790 8.0000 0.0000 -12.0000 4.0000 -8.0000 -4.0000 0.2500 0.2500 0.2500 0.2500 0.2500 1.2500 1.8164 3.3091 
15.0000 34.0000 1.0000 0.0000 1.0000 5.0000 2 -1.0000 1.0000 0.7750 6.0000 -2.0000 -6.0000 2.0000 -10.0000 10.0000 0.2500 0.2500 0.2500 0.2500 0.2500 1.2500 1.9843 3.4761 
15.0000 22.0000 1.0000 -2.0000 0.0000 -7.5000 8 1.0000 1.0000 2.7710 -12.0000 -4.0000 4.0000 -8.0000 8.0000 0.0000 0.2867 0.3684 0.1972 0.1567 0.2459 1.2549 1.7587 3.2640 
15.0000 58.0000 1.0000 4.0000 1.0000 -5.0000 8 1.0000 1.0000 1.7670 14.0000 2.0000 -6.0000 6.0000 -2.0000 10.0000 0.2500 0.2500 0.2500 0.2500 0.2500 1.2500 1.7540 3.2592 
15.0000 38.0000 1.0000 0.0000 0.0000 -2.5000 8 1.0000 1.0000 0.9550 6.0000 -2.0000 -6.0000 2.0000 -10.0000 10.0000 0.1512 0.3359 0.1510 0.3649 0.2484 1.2514 1.7554 3.2606 
15.0000 62.0000 1.0000 4.0000 1.0000 5.0000 2 -1.0000 1.0000 0.9990 -2.0000 6.0000 14.0000 2.0000 10.0000 -6.0000 0.2500 0.2500 0.2500 0.2500 0.2500 1.2500 1.9867 3.4926 
15.0000 50.0000 1.0000 2.0000 0.0000 -7.5000 8 1.0000 1.0000 1.0360 8.0000 0.0000 -8.0000 4.0000 -4.0000 12.0000 0.3098 0.1973 0.3110 0.2602 0.1765 1.2547 1.9331 3.4474 
15.0000 9.0000 1.0000 -4.0000 0.0000 -5.0000 8 1.0000 1.0000 1.5200 2.0000 -10.0000 -14.0000 6.0000 -6.0000 -2.0000 0.1698 0.2026 0.3948 0.2580 0.2190 1.2443 1.8821 3.3702 
15.0000 17.0000 1.0000 -2.0000 1.0000 -2.5000 2 -1.0000 0.0000 1.0640 -4.0000 4.0000 8.0000 -12.0000 0.0000 -8.0000 0.2500 0.2500 0.2500 0.2500 0.2500 1.2500 1.9446 3.4427 
15.0000 2.0000 1.0000 -4.0000 1.0000 -5.0000 2 -1.0000 0.0000 1.2240 -10.0000 2.0000 6.0000 -14.0000 -2.0000 -6.0000 0.2500 0.2500 0.2500 0.2500 0.2500 1.2500 1.7958 3.2926 
15.0000 51.0000 1.0000 2.0000 0.0000 -5.0000 8 1.0000 1.0000 2.6590 -8.0000 4.0000 12.0000 0.0000 8.0000 -4.0000 0.2758 0.1840 0.3816 0.1618 0.2426 1.2458 1.7570 3.2551 
15.0000 16.0000 1.0000 -2.0000 1.0000 -5.0000 2 -1.0000 0.0000 2.0900 4.0000 -4.0000 -8.0000 0.0000 -12.0000 8.0000 0.2500 0.2500 0.2500 0.2500 0.2500 1.2500 1.8411 3.3425 
15.0000 13.0000 1.0000 -4.0000 0.0000 5.0000 2 -1.0000 1.0000 1.1420 6.0000 -2.0000 -10.0000 2.0000 -14.0000 -6.0000 0.3580 0.2079 0.3147 0.1746 0.2015 1.2566 1.8492 3.3493 
15.0000 11.0000 1.0000 -4.0000 0.0000 0.0000 2 -1.0000 0.0000 1.0660 2.0000 -6.0000 -10.0000 -2.0000 -14.0000 6.0000 0.3212 0.2938 0.2279 0.2584 0.1569 1.2583 1.9468 3.4675 
15.0000 14.0000 1.0000 -4.0000 0.0000 7.5000 2 -1.0000 1.0000 2.1010 2.0000 -6.0000 -10.0000 -2.0000 -14.0000 6.0000 0.2629 0.1685 0.2256 0.1844 0.3997 1.2413 1.9017 3.4004 
15.0000 70.0000 1.0000 4.0000 0.0000 7.5000 2 -1.0000 1.0000 3.3490 10.0000 2.0000 -6.0000 6.0000 -2.0000 14.0000 0.1635 0.3539 0.1961 0.2446 0.2820 1.2402 1.9345 3.4328 
15.0000 1.0000 1.0000 -4.0000 1.0000 -7.5000 8 1.0000 1.0000 1.0420 -14.0000 -6.0000 6.0000 -10.0000 2.0000 -2.0000 0.2500 0.2500 0.2500 0.2500 0.2500 1.2500 1.9366 3.4427 
15.0000 64.0000 1.0000 4.0000 0.0000 -7.5000 2 -1.0000 0.0000 2.1060 -6.0000 2.0000 14.0000 -2.0000 10.0000 6.0000 0.2944 0.1524 0.2443 0.3492 0.2145 1.2548 1.9720 3.4807 
15.0000 4.0000 1.0000 -4.0000 1.0000 0.0000 8 1.0000 0.0000 0.7540 -14.0000 -6.0000 2.0000 -10.0000 6.0000 -2.0000 0.2500 0.2500 0.2500 0.2500 0.2500 1.2500 1.8213 3.3259 
15.0000 43.0000 1.0000 2.0000 1.0000 -7.5000 8 1.0000 1.0000 1.6270 8.0000 0.0000 -8.0000 4.0000 -4.0000 12.0000 0.2500 0.2500 0.2500 0.2500 0.2500 1.2500 1.9446 3.4426 
15.0000 42.0000 1.0000 0.0000 0.0000 7.5000 2 -1.0000 1.0000 1.1950 6.0000 -2.0000 -10.0000 2.0000 -6.0000 10.0000 0.1521 0.3635 0.2549 0.2007 0.2836 1.2547 1.7943 3.2971 
15.0000 56.0000 1.0000 2.0000 0.0000 7.5000 2 -1.0000 1.0000 0.9780 8.0000 0.0000 -4.0000 4.0000 -8.0000 12.0000 0.3024 0.2274 0.2733 0.2479 0.1912 1.2422 1.9203 3.4015 
15.0000 65.0000 1.0000 4.0000 0.0000 -5.0000 2 -1.0000 0.0000 1.6450 -2.0000 10.0000 14.0000 -6.0000 6.0000 2.0000 0.2212 0.2949 0.3984 0.1552 0.1875 1.2573 1.8521 3.3497 
15.0000 41.0000 1.0000 0.0000 0.0000 5.0000 2 -1.0000 1.0000 2.2160 -10.0000 -2.0000 10.0000 -6.0000 6.0000 2.0000 0.2245 0.2861 0.2503 0.3329 0.1592 1.2530 1.9055 3.3955 
15.0000 54.0000 1.0000 2.0000 0.0000 2.5000 2 -1.0000 1.0000 1.0060 -8.0000 4.0000 8.0000 0.0000 12.0000 -4.0000 0.1607 0.2262 0.3894 0.2860 0.1868 1.2490 1.8372 3.3415 
15.0000 19.0000 1.0000 -2.0000 1.0000 2.5000 8 1.0000 0.0000 1.4070 -12.0000 0.0000 4.0000 -4.0000 8.0000 -8.0000 0.2500 0.2500 0.2500 0.2500 0.2500 1.2500 1.8317 3.3425 
15.0000 46.0000 1.0000 2.0000 1.0000 0.0000 8 1.0000 0.0000 1.4100 -8.0000 0.0000 8.0000 -4.0000 12.0000 4.0000 0.2500 0.2500 0.2500 0.2500 0.2500 1.2500 1.9610 3.4593 
15.0000 25.0000 1.0000 -2.0000 0.0000 0.0000 8 1.0000 0.0000 1.1320 -8.0000 0.0000 8.0000 -4.0000 4.0000 -12.0000 0.1725 0.2475 0.2021 0.3723 0.2587 1.2531 1.9471 3.4457 
15.0000 39.0000 1.0000 0.0000 0.0000 0.0000 8 1.0000 0.0000 1.3340 10.0000 -2.0000 -6.0000 2.0000 -10.0000 6.0000 0.1754 0.3276 0.2294 0.3095 0.2030 1.2449 1.8635 3.3540 
15.0000 8.0000 1.0000 -4.0000 0.0000 -7.5000 8 1.0000 1.0000 1.5110 -10.0000 2.0000 6.0000 -14.0000 -2.0000 -6.0000 0.1882 0.1523 0.3527 0.3836 0.1714 1.2481 1.9121 3.4075 
15.0000 67.0000 1.0000 4.0000 0.0000 0.0000 2 -1.0000 0.0000 1.1190 -6.0000 2.0000 10.0000 -2.0000 14.0000 6.0000 0.1734 0.3331 0.2094 0.3262 0.2084 1.2505 1.9007 3.3930 
15.0000 57.0000 1.0000 4.0000 1.0000 -7.5000 8 1.0000 1.0000 1.2500 14.0000 6.0000 -6.0000 10.0000 -2.0000 2.0000 0.2500 0.2500 0.2500 0.2500 0.2500 1.2500 1.8715 3.3760 
15.0000 69.0000 1.0000 4.0000 0.0000 5.0000 2 -1.0000 1.0000 0.9310 -6.0000 2.0000 10.0000 -2.0000 14.0000 6.0000 0.1781 0.3645 0.3102 0.1756 0.2247 1.2531 1.9414 3.4457 
15.0000 55.0000 1.0000 2.0000 0.0000 5.0000 2 -1.0000 1.0000 1.9480 -8.0000 0.0000 8.0000 -4.0000 12.0000 4.0000 0.2280 0.3284 0.1671 0.3427 0.1808 1.2470 1.9427 3.4396 
15.0000 29.0000 1.0000 0.0000 1.0000 -7.5000 8 1.0000 1.0000 0.8720 -10.0000 2.0000 10.0000 -2.0000 6.0000 -6.0000 0.2500 0.2500 0.2500 0.2500 0.2500 1.2500 1.8980 3.3926 
15.0000 35.0000 1.0000 0.0000 1.0000 7.5000 2 -1.0000 1.0000 1.0490 10.0000 -2.0000 -10.0000 2.0000 -6.0000 6.0000 0.2500 0.2500 0.2500 0.2500 0.2500 1.2500 1.7716 3.2758 
15.0000 68.0000 1.0000 4.0000 0.0000 2.5000 2 -1.0000 1.0000 2.1070 -2.0000 6.0000 10.0000 2.0000 14.0000 -6.0000 0.2497 0.1518 0.3188 0.1550 0.3705 1.2458 1.9013 3.4050 
15.0000 66.0000 1.0000 4.0000 0.0000 -2.5000 2 -1.0000 0.0000 2.6310 14.0000 6.0000 -2.0000 10.0000 -6.0000 2.0000 0.2416 0.1998 0.3234 0.2253 0.2524 1.2425 1.8027 3.3017 
15.0000 48.0000 1.0000 2.0000 1.0000 5.0000 2 -1.0000 1.0000 0.9230 -4.0000 4.0000 8.0000 0.0000 12.0000 -8.0000 0.2500 0.2500 0.2500 0.2500 0.2500 1.2500 1.8906 3.3924 
15.0000 33.0000 1.0000 0.0000 1.0000 2.5000 8 1.0000 0.0000 0.9110 10.0000 2.0000 -10.0000 6.0000 -6.0000 -2.0000 0.2500 0.2500 0.2500 0.2500 0.2500 1.2500 1.7986 3.2925 
15.0000 63.0000 1.0000 4.0000 1.0000 7.5000 2 -1.0000 1.0000 0.9030 -2.0000 10.0000 14.0000 -6.0000 6.0000 2.0000 0.2500 0.2500 0.2500 0.2500 0.2500 1.2500 1.7574 3.2591 
15.0000 32.0000 1.0000 0.0000 1.0000 0.0000 8 1.0000 0.0000 2.0930 -6.0000 2.0000 10.0000 -2.0000 6.0000 -10.0000 0.2500 0.2500 0.2500 0.2500 0.2500 1.2500 1.9862 3.4928 
15.0000 28.0000 1.0000 -2.0000 0.0000 7.5000 2 -1.0000 1.0000 2.8060 -4.0000 4.0000 8.0000 -12.0000 0.0000 -8.0000 0.2193 0.3721 0.1755 0.3206 0.1710 1.2585 1.9495 3.4511 
15.0000 36.0000 1.0000 0.0000 0.0000 -7.5000 2 -1.0000 0.0000 3.2160 -6.0000 2.0000 10.0000 -2.0000 6.0000 -10.0000 0.3041 0.1896 0.2183 0.3266 0.2084 1.2470 1.8338 3.3229 
15.0000 3.0000 1.0000 -4.0000 1.0000 -2.5000 8 1.0000 1.0000 1.4850 -10.0000 -2.0000 2.0000 -6.0000 6.0000 -14.0000 0.2500 0.2500 0.2500 0.2500 0.2500 1.2500 1.8282 3.3259 
15.0000 24.0000 1.0000 -2.0000 0.0000 -2.5000 8 1.0000 1.0000 1.8710 -12.0000 0.0000 4.0000 -4.0000 8.0000 -8.0000 0.2718 0.3500 0.1528 0.2859 0.1850 1.2455 1.7855 3.2713 
15.0000 52.0000 1.0000 2.0000 0.0000 -2.5000 8 1.0000 1.0000 1.0140 12.0000 4.0000 -8.0000 8.0000 -4.0000 0.0000 0.2025 0.2360 0.3373 0.1994 0.2699 1.2451 1.9161 3.4210 
15.0000 60.0000 1.0000 4.0000 1.0000 0.0000 2 -1.0000 0.0000 1.2990 -6.0000 6.0000 14.0000 2.0000 10.0000 -2.0000 0.2500 0.2500 0.2500 0.2500 0.2500 1.2500 1.8995 3.4092 
15.0000 37.0000 1.0000 0.0000 0.0000 -5.0000 2 -1.0000 0.0000 2.4410 -10.0000 2.0000 10.0000 -2.0000 6.0000 -6.0000 0.1989 0.2326 0.3818 0.2793 0.1581 1.2506 1.8074 3.3099 
15.0000 47.0000 1.0000 2.0000 1.0000 2.5000 2 -1.0000 1.0000 2.8480 -8.0000 0.0000 12.0000 -4.0000 8.0000 4.0000 0.2500 0.2500 0.2500 0.2500 0.2500 1.2500 1.8167 3.3258 
15.0000 49.0000 1.0000 2.0000 1.0000 7.5000 2 -1.0000 1.0000 2.4670 12.0000 0.0000 -4.0000 4.0000 -8.0000 8.0000 0.2500 0.2500 0.2500 0.2500 0.2500 1.2500 1.9306 3.4259 
15.0000 7.0000 1.0000 -4.0000 1.0000 7.5000 2 -1.0000 1.0000 0.9180 -2.0000 -10.0000 -14.0000 6.0000 -6.0000 2.0000 0.2500 0.2500 0.2500 0.2500 0.2500 1.2500 1.8377 3.3426 
15.0000 13.0000 2.0000 -4.0000 0.0000 5.0000 8 1.0000 0.0000 1.8460 -10.0000 2.0000 6.0000 -14.0000 -2.0000 -6.0000 0.2737 0.1723 0.2340 0.2750 0.3048 1.2598 1.9051 3.4192 
15.0000 61.0000 2.0000 4.0000 1.0000 2.5000 2 -1.0000 1.0000 4.6020 -6.0000 6.0000 10.0000 2.0000 14.0000 -2.0000 0.2500 0.2500 0.2500 0.2500 0.2500 1.2500 1.9249 3.4259 
15.0000 3.0000 2.0000 -4.0000 1.0000 -2.5000 8 1.0000 1.0000 2.1460 -14.0000 -6.0000 6.0000 -10.0000 2.0000 -2.0000 0.2500 0.2500 0.2500 0.2500 0.2500 1.2500 1.8501 3.3425 
15.0000 18.0000 2.0000 -2.0000 1.0000 0.0000 8 1.0000 0.0000 1.4820 8.0000 -4.0000 -12.0000 0.0000 -8.0000 4.0000 0.2500 0.2500 0.2500 0.2500 0.2500 1.2500 1.8377 3.3427 
15.0000 42.0000 2.0000 0.0000 0.0000 7.5000 2 -1.0000 1.0000 1.0170 6.0000 -2.0000 -10.0000 2.0000 -6.0000 10.0000 0.3350 0.1879 0.2805 0.1854 0.2552 1.2439 1.8017 3.3031 
15.0000 69.0000 2.0000 4.0000 0.0000 5.0000 2 -1.0000 1.0000 0.5300 -2.0000 10.0000 14.0000 -6.0000 6.0000 2.0000 0.1758 0.3178 0.2914 0.1772 0.2803 1.2426 1.8380 3.3350 
15.0000 49.0000 2.0000 2.0000 1.0000 7.5000 2 -1.0000 1.0000 1.0680 -8.0000 0.0000 8.0000 -4.0000 12.0000 4.0000 0.2500 0.2500 0.2500 0.2500 0.2500 1.2500 1.8642 3.3759 
15.0000 50.0000 2.0000 2.0000 0.0000 -7.5000 8 1.0000 1.0000 3.0170 0.0000 8.0000 12.0000 -8.0000 4.0000 -4.0000 0.2238 0.1611 0.2805 0.3773 0.1992 1.2419 1.8585 3.3511 
15.0000 5.0000 2.0000 -4.0000 1.0000 2.5000 2 -1.0000 1.0000 0.7560 -10.0000 -2.0000 2.0000 -6.0000 6.0000 -14.0000 0.2500 0.2500 0.2500 0.2500 0.2500 1.2500 1.9337 3.4425 
15.0000 31.0000 2.0000 0.0000 1.0000 -2.5000 8 1.0000 1.0000 1.6000 6.0000 -2.0000 -10.0000 2.0000 -6.0000 10.0000 0.2500 0.2500 0.2500 0.2500 0.2500 1.2500 1.9745 3.4760 
15.0000 67.0000 2.0000 4.0000 0.0000 0.0000 2 -1.0000 0.0000 1.8070 14.0000 2.0000 -2.0000 6.0000 -6.0000 10.0000 0.1842 0.2665 0.3186 0.1572 0.3315 1.2581 1.8763 3.3840 
15.0000 23.0000 2.0000 -2.0000 0.0000 -5.0000 2 -1.0000 0.0000 0.9180 -8.0000 4.0000 8.0000 -12.0000 0.0000 -4.0000 0.1986 0.1693 0.3277 0.2597 0.2979 1.2532 1.8839 3.3790 
15.0000 35.0000 2.0000 0.0000 1.0000 7.5000 2 -1.0000 1.0000 3.2590 10.0000 -2.0000 -10.0000 2.0000 -6.0000 6.0000 0.2500 0.2500 0.2500 0.2500 0.2500 1.2500 1.7941 3.2925 
15.0000 54.0000 2.0000 2.0000 0.0000 2.5000 2 -1.0000 1.0000 0.8160 -4.0000 4.0000 8.0000 0.0000 12.0000 -8.0000 0.2840 0.1604 0.3289 0.2773 0.2058 1.2564 1.9069 3.3991 
15.0000 46.0000 2.0000 2.0000 1.0000 0.0000 8 1.0000 0.0000 1.0770 8.0000 0.0000 -8.0000 4.0000 -4.0000 12.0000 0.2500 0.2500 0.2500 0.2500 0.2500 1.2500 1.8668 3.3759 
15.0000 63.0000 2.0000 4.0000 1.0000 7.5000 2 -1.0000 1.0000 1.1890 14.0000 6.0000 -2.0000 10.0000 -6.0000 2.0000 0.2500 0.2500 0.2500 0.2500 0.2500 1.2500 1.9658 3.4760 
15.0000 25.0000 2.0000 -2.0000 0.0000 0.0000 2 -1.0000 0.0000 1.2180 8.0000 0.0000 -12.0000 4.0000 -8.0000 -4.0000 0.1575 0.1968 0.3933 0.1575 0.3481 1.2531 1.8589 3.3623 
15.0000 55.0000 2.0000 2.0000 0.0000 5.0000 8 1.0000 0.0000 2.9270 8.0000 0.0000 -4.0000 4.0000 -8.0000 12.0000 0.2626 0.1589 0.3504 0.1655 0.3044 1.2418 1.9004 3.4011 
15.0000 45.0000 2.0000 2.0000 1.0000 -2.5000 2 -1.0000 0.0000 0.8730 -8.0000 4.0000 8.0000 0.0000 12.0000 -4.0000 0.2500 0.2500 0.2500 0.2500 0.2500 1.2500 1.8705 3.3759 
15.0000 41.0000 2.0000 0.0000 0.0000 5.0000 2 -1.0000 1.0000 1.8380 6.0000 -2.0000 -6.0000 2.0000 -10.0000 10.0000 0.3667 0.1553 0.2363 0.2685 0.2198 1.2466 1.8347 3.3392 
15.0000 24.0000 2.0000 -2.0000 0.0000 -2.5000 8 1.0000 1.0000 1.3010 -12.0000 0.0000 8.0000 -4.0000 4.0000 -8.0000 0.2525 0.3221 0.2055 0.1766 0.2837 1.2403 1.8389 3.3329 
15.0000 21.0000 2.0000 -2.0000 1.0000 7.5000 8 1.0000 0.0000 0.6420 4.0000 -8.0000 -12.0000 8.0000 -4.0000 0.0000 0.2500 0.2500 0.2500 0.2500 0.2500 1.2500 1.8186 3.3093 
15.0000 65.0000 2.0000 4.0000 0.0000 -5.0000 8 1.0000 1.0000 0.7010 -2.0000 10.0000 14.0000 -6.0000 6.0000 2.0000 0.3476 0.1685 0.2297 0.1758 0.3197 1.2413 1.7902 3.2838 
15.0000 17.0000 2.0000 -2.0000 1.0000 -2.5000 8 1.0000 1.0000 2.7110 8.0000 -4.0000 -12.0000 0.0000 -8.0000 4.0000 0.2500 0.2500 0.2500 0.2500 0.2500 1.2500 1.7546 3.2426 
15.0000 11.0000 2.0000 -4.0000 0.0000 0.0000 8 1.0000 0.0000 0.5960 -10.0000 -2.0000 6.0000 -6.0000 2.0000 -14.0000 0.2323 0.1862 0.2995 0.2085 0.3270 1.2534 1.9674 3.4625 
15.0000 7.0000 2.0000 -4.0000 1.0000 7.5000 2 -1.0000 1.0000 1.1840 -14.0000 -2.0000 2.0000 -6.0000 6.0000 -10.0000 0.2500 0.2500 0.2500 0.2500 0.2500 1.2500 1.7812 3.2924 
15.0000 58.0000 2.0000 4.0000 1.0000 -5.0000 8 1.0000 1.0000 2.1170 14.0000 6.0000 -2.0000 10.0000 -6.0000 2.0000 0.2500 0.2500 0.2500 0.2500 0.2500 1.2500 1.9162 3.4259 
15.0000 20.0000 2.0000 -2.0000 1.0000 5.0000 8 1.0000 0.0000 0.7860 0.0000 -8.0000 -12.0000 8.0000 -4.0000 4.0000 0.2500 0.2500 0.2500 0.2500 0.2500 1.2500 1.7698 3.2757 
15.0000 38.0000 2.0000 0.0000 0.0000 -2.5000 8 1.0000 1.0000 0.4450 -10.0000 -2.0000 10.0000 -6.0000 6.0000 2.0000 0.1900 0.3362 0.3022 0.1767 0.2412 1.2464 1.7974 3.3057 
15.0000 39.0000 2.0000 0.0000 0.0000 0.0000 8 1.0000 0.0000 3.4520 -6.0000 2.0000 6.0000 -2.0000 10.0000 -10.0000 0.2678 0.1947 0.2864 0.2049 0.2996 1.2535 1.8241 3.3294 
15.0000 56.0000 2.0000 2.0000 0.0000 7.5000 2 -1.0000 1.0000 1.0510 -8.0000 0.0000 8.0000 -4.0000 12.0000 4.0000 0.3488 0.1883 0.2166 0.2932 0.2112 1.2581 1.9799 3.4840 
15.0000 44.0000 2.0000 2.0000 1.0000 -5.0000 8 1.0000 1.0000 1.7690 12.0000 4.0000 -4.0000 8.0000 -8.0000 0.0000 0.2500 0.2500 0.2500 0.2500 0.2500 1.2500 1.8266 3.3260 
15.0000 66.0000 2.0000 4.0000 0.0000 -2.5000 2 -1.0000 0.0000 2.1960 10.0000 2.0000 -6.0000 6.0000 -2.0000 14.0000 0.3271 0.1955 0.2254 0.1529 0.3447 1.2456 1.8517 3.3381 
15.0000 43.0000 2.0000 2.0000 1.0000 -7.5000 2 -1.0000 0.0000 1.2070 -8.0000 4.0000 8.0000 0.0000 12.0000 -4.0000 0.2500 0.2500 0.2500 0.2500 0.2500 1.2500 1.9547 3.4426 
15.0000 57.0000 2.0000 4.0000 1.0000 -7.5000 8 1.0000 1.0000 2.2600 2.0000 10.0000 14.0000 -6.0000 6.0000 -2.0000 0.2500 0.2500 0.2500 0.2500 0.2500 1.2500 1.9592 3.4593 
15.0000 52.0000 2.0000 2.0000 0.0000 -2.5000 8 1.0000 1.0000 1.3610 -4.0000 4.0000 12.0000 0.0000 8.0000 -8.0000 0.3398 0.1964 0.2879 0.1786 0.2402 1.2429 1.8561 3.3354 
15.0000 29.0000 2.0000 0.0000 1.0000 -7.5000 8 1.0000 1.0000 1.0870 10.0000 2.0000 -10.0000 6.0000 -6.0000 -2.0000 0.2500 0.2500 0.2500 0.2500 0.2500 1.2500 1.9124 3.4260 
15.0000 53.0000 2.0000 2.0000 0.0000 0.0000 8 1.0000 0.0000 1.6730 8.0000 0.0000 -8.0000 4.0000 -4.0000 12.0000 0.1527 0.1931 0.3446 0.2104 0.3466 1.2474 1.9076 3.4067 
15.0000 9.0000 2.0000 -4.0000 0.0000 -5.0000 8 1.0000 1.0000 0.9550 -10.0000 -2.0000 6.0000 -6.0000 2.0000 -14.0000 0.2802 0.1678 0.3263 0.2249 0.2519 1.2510 1.9290 3.4270 
15.0000 60.0000 2.0000 4.0000 1.0000 0.0000 2 -1.0000 0.0000 0.9460 -2.0000 6.0000 10.0000 2.0000 14.0000 -6.0000 0.2500 0.2500 0.2500 0.2500 0.2500 1.2500 1.9294 3.4259 
15.0000 48.0000 2.0000 2.0000 1.0000 5.0000 2 -1.0000 1.0000 0.7060 4.0000 -4.0000 -8.0000 12.0000 0.0000 8.0000 0.2500 0.2500 0.2500 0.2500 0.2500 1.2500 1.8932 3.3925 
15.0000 33.0000 2.0000 0.0000 1.0000 2.5000 8 1.0000 0.0000 1.3250 10.0000 2.0000 -6.0000 6.0000 -10.0000 -2.0000 0.2500 0.2500 0.2500 0.2500 0.2500 1.2500 1.9144 3.4092 
15.0000 36.0000 2.0000 0.0000 0.0000 -7.5000 8 1.0000 1.0000 4.8640 10.0000 -2.0000 -10.0000 2.0000 -6.0000 6.0000 0.2895 0.3349 0.2061 0.1649 0.2455 1.2409 1.7882 3.2834 
15.0000 8.0000 2.0000 -4.0000 0.0000 -7.5000 8 1.0000 1.0000 1.3760 2.0000 -6.0000 -10.0000 -2.0000 -14.0000 6.0000 0.3532 0.2035 0.2663 0.1884 0.2289 1.2403 1.9888 3.4828 
15.0000 16.0000 2.0000 -2.0000 1.0000 -5.0000 8 1.0000 1.0000 0.8120 -8.0000 4.0000 8.0000 -12.0000 0.0000 -4.0000 0.2500 0.2500 0.2500 0.2500 0.2500 1.2500 1.8004 3.2924 
15.0000 62.0000 2.0000 4.0000 1.0000 5.0000 2 -1.0000 1.0000 0.7940 -6.0000 2.0000 10.0000 -2.0000 14.0000 6.0000 0.2500 0.2500 0.2500 0.2500 0.2500 1.2500 1.8794 3.3758 
15.0000 12.0000 2.0000 -4.0000 0.0000 2.5000 8 1.0000 0.0000 3.3960 -14.0000 -6.0000 6.0000 -10.0000 2.0000 -2.0000 0.2292 0.2695 0.2115 0.1704 0.3736 1.2542 1.8403 3.3300 
15.0000 14.0000 2.0000 -4.0000 0.0000 7.5000 2 -1.0000 1.0000 1.1760 6.0000 -6.0000 -14.0000 -2.0000 -10.0000 2.0000 0.1699 0.2787 0.1867 0.3820 0.2254 1.2427 1.9689 3.4685 
15.0000 19.0000 2.0000 -2.0000 1.0000 2.5000 2 -1.0000 1.0000 1.7870 8.0000 -4.0000 -12.0000 0.0000 -8.0000 4.0000 0.2500 0.2500 0.2500 0.2500 0.2500 1.2500 1.9572 3.4593 
15.0000 59.0000 2.0000 4.0000 1.0000 -2.5000 8 1.0000 1.0000 4.9260 -6.0000 2.0000 14.0000 -2.0000 10.0000 6.0000 0.2500 0.2500 0.2500 0.2500 0.2500 1.2500 1.9501 3.4593 
15.0000 10.0000 2.0000 -4.0000 0.0000 -2.5000 2 -1.0000 0.0000 2.8500 6.0000 -2.0000 -10.0000 2.0000 -14.0000 -6.0000 0.3758 0.1536 0.1977 0.3276 0.2007 1.2554 1.9830 3.4981 
15.0000 2.0000 2.0000 -4.0000 1.0000 -5.0000 2 -1.0000 0.0000 1.0970 -10.0000 2.0000 6.0000 -14.0000 -2.0000 -6.0000 0.2500 0.2500 0.2500 0.2500 0.2500 1.2500 1.9730 3.4760 
15.0000 6.0000 2.0000 -4.0000 1.0000 5.0000 2 -1.0000 1.0000 1.9100 -14.0000 -2.0000 2.0000 -6.0000 6.0000 -10.0000 0.2500 0.2500 0.2500 0.2500 0.2500 1.2500 1.8291 3.3258 
15.0000 27.0000 2.0000 -2.0000 0.0000 5.0000 2 -1.0000 1.0000 0.9870 -12.0000 -4.0000 4.0000 -8.0000 8.0000 0.0000 0.3717 0.1577 0.2393 0.2087 0.2660 1.2435 1.9941 3.4861 
15.0000 28.0000 2.0000 -2.0000 0.0000 7.5000 2 -1.0000 1.0000 0.4990 -8.0000 4.0000 8.0000 -12.0000 0.0000 -4.0000 0.2182 0.2814 0.2460 0.2950 0.2036 1.2442 1.9095 3.4034 
15.0000 32.0000 2.0000 0.0000 1.0000 0.0000 2 -1.0000 0.0000 0.6790 10.0000 -2.0000 -10.0000 2.0000 -6.0000 6.0000 0.2500 0.2500 0.2500 0.2500 0.2500 1.2500 1.8702 3.3590 
15.0000 40.0000 2.0000 0.0000 0.0000 2.5000 2 -1.0000 1.0000 2.0980 -6.0000 2.0000 6.0000 -2.0000 10.0000 -10.0000 0.1803 0.2294 0.3566 0.3166 0.1745 1.2574 1.9572 3.4501 
15.0000 26.0000 2.0000 -2.0000 0.0000 2.5000 2 -1.0000 1.0000 2.2270 8.0000 0.0000 -12.0000 4.0000 -8.0000 -4.0000 0.2326 0.3882 0.2143 0.2622 0.1544 1.2517 1.8491 3.3610 
15.0000 34.0000 2.0000 0.0000 1.0000 5.0000 8 1.0000 0.0000 2.1610 -10.0000 -2.0000 10.0000 -6.0000 6.0000 2.0000 0.2500 0.2500 0.2500 0.2500 0.2500 1.2500 1.8479 3.3592 
15.0000 30.0000 2.0000 0.0000 1.0000 -5.0000 2 -1.0000 0.0000 1.0000 10.0000 2.0000 -10.0000 6.0000 -6.0000 -2.0000 0.2500 0.2500 0.2500 0.2500 0.2500 1.2500 1.8985 3.4092 
15.0000 51.0000 2.0000 2.0000 0.0000 -5.0000 2 -1.0000 0.0000 0.9140 -4.0000 4.0000 8.0000 0.0000 12.0000 -8.0000 0.3125 0.2517 0.3023 0.2320 0.1604 1.2590 1.7851 3.3014 
15.0000 70.0000 2.0000 4.0000 0.0000 7.5000 2 -1.0000 1.0000 1.1680 14.0000 6.0000 -6.0000 10.0000 -2.0000 2.0000 0.1873 0.2249 0.1594 0.3594 0.3162 1.2472 1.9772 3.4731 
15.0000 64.0000 2.0000 4.0000 0.0000 -7.5000 2 -1.0000 0.0000 2.1700 2.0000 10.0000 14.0000 -6.0000 6.0000 -2.0000 0.1686 0.3672 0.2826 0.1740 0.2643 1.2568 1.7958 3.2993 
15.0000 4.0000 2.0000 -4.0000 1.0000 0.0000 2 -1.0000 0.0000 3.1560 -14.0000 -2.0000 6.0000 -6.0000 2.0000 -10.0000 0.2500 0.2500 0.2500 0.2500 0.2500 1.2500 1.8634 3.3592 
15.0000 37.0000 2.0000 0.0000 0.0000 -5.0000 8 1.0000 1.0000 0.6830 10.0000 2.0000 -10.0000 6.0000 -6.0000 -2.0000 0.2651 0.1876 0.3843 0.2245 0.1803 1.2417 1.9136 3.4009 
15.0000 22.0000 2.0000 -2.0000 0.0000 -7.5000 8 1.0000 1.0000 3.3060 8.0000 0.0000 -12.0000 4.0000 -8.0000 -4.0000 0.2091 0.2624 0.3815 0.1654 0.2359 1.2543 1.9632 3.4635 
15.0000 68.0000 2.0000 4.0000 0.0000 2.5000 2 -1.0000 1.0000 1.5880 -6.0000 6.0000 14.0000 2.0000 10.0000 -2.0000 0.1527 0.2024 0.2933 0.2634 0.3317 1.2435 1.9141 3.4028 
15.0000 1.0000 2.0000 -4.0000 1.0000 -7.5000 2 -1.0000 0.0000 1.9090 -2.0000 -10.0000 -14.0000 6.0000 -6.0000 2.0000 0.2500 0.2500 0.2500 0.2500 0.2500 1.2500 1.9950 3.5093 
15.0000 15.0000 2.0000 -2.0000 1.0000 -7.5000 8 1.0000 1.0000 2.8350 8.0000 -4.0000 -8.0000 0.0000 -12.0000 4.0000 0.2500 0.2500 0.2500 0.2500 0.2500 1.2500 1.9319 3.4425 
15.0000 47.0000 2.0000 2.0000 1.0000 2.5000 2 -1.0000 1.0000 2.7450 -4.0000 8.0000 12.0000 -8.0000 4.0000 0.0000 0.2500 0.2500 0.2500 0.2500 0.2500 1.2500 1.8183 3.3258 
15.0000 32.0000 3.0000 0.0000 1.0000 0.0000 8 1.0000 0.0000 2.8320 -10.0000 -2.0000 10.0000 -6.0000 6.0000 2.0000 0.2500 0.2500 0.2500 0.2500 0.2500 1.2500 1.9783 3.4759 
15.0000 40.0000 3.0000 0.0000 0.0000 2.8000 2 -1.0000 1.0000 0.9350 -2.0000 6.0000 10.0000 -10.0000 2.0000 -6.0000 0.1773 0.3565 0.2345 0.3366 0.1526 1.2574 1.7621 3.2832 
15.0000 22.0000 3.0000 -2.0000 0.0000 -8.4000 8 1.0000 1.0000 1.0570 4.0000 -8.0000 -12.0000 8.0000 -4.0000 0.0000 0.1814 0.2272 0.3315 0.1525 0.3608 1.2534 1.9806 3.4960 
15.0000 34.0000 3.0000 0.0000 1.0000 5.6000 2 -1.0000 1.0000 0.9880 -6.0000 2.0000 10.0000 -2.0000 6.0000 -10.0000 0.2500 0.2500 0.2500 0.2500 0.2500 1.2500 1.9051 3.4093 
15.0000 35.0000 3.0000 0.0000 1.0000 8.4000 2 -1.0000 1.0000 1.1830 -2.0000 6.0000 10.0000 -10.0000 2.0000 -6.0000 0.2500 0.2500 0.2500 0.2500 0.2500 1.2500 1.9859 3.4926 
15.0000 6.0000 3.0000 -4.0000 1.0000 5.6000 2 -1.0000 1.0000 1.5140 6.0000 -2.0000 -10.0000 2.0000 -14.0000 -6.0000 0.2500 0.2500 0.2500 0.2500 0.2500 1.2500 1.7652 3.2592 
15.0000 55.0000 3.0000 2.0000 0.0000 5.6000 8 1.0000 0.0000 1.0090 8.0000 0.0000 -8.0000 4.0000 -4.0000 12.0000 0.3317 0.1736 0.3694 0.1536 0.2236 1.2518 1.7950 3.2943 
15.0000 3.0000 3.0000 -4.0000 1.0000 -2.8000 8 1.0000 1.0000 1.1010 2.0000 -6.0000 -10.0000 -2.0000 -14.0000 6.0000 0.2500 0.2500 0.2500 0.2500 0.2500 1.2500 1.7671 3.2592 
15.0000 68.0000 3.0000 4.0000 0.0000 2.8000 2 -1.0000 1.0000 1.2970 -2.0000 6.0000 10.0000 2.0000 14.0000 -6.0000 0.1711 0.2828 0.3502 0.1854 0.2595 1.2490 1.8376 3.3415 
15.0000 16.0000 3.0000 -2.0000 1.0000 -5.6000 8 1.0000 1.0000 1.3280 8.0000 -4.0000 -12.0000 0.0000 -8.0000 4.0000 0.2500 0.2500 0.2500 0.2500 0.2500 1.2500 1.9525 3.4424 
15.0000 69.0000 3.0000 4.0000 0.0000 5.6000 2 -1.0000 1.0000 1.4430 10.0000 -2.0000 -6.0000 14.0000 2.0000 6.0000 0.3006 0.3359 0.2463 0.2129 0.1592 1.2549 1.8680 3.3641 
15.0000 11.0000 3.0000 -4.0000 0.0000 0.0000 8 1.0000 0.0000 2.9810 -6.0000 2.0000 6.0000 -14.0000 -2.0000 -10.0000 0.3300 0.1776 0.2042 0.3528 0.1847 1.2491 1.9705 3.4585 
15.0000 54.0000 3.0000 2.0000 0.0000 2.8000 8 1.0000 0.0000 0.5650 -8.0000 0.0000 12.0000 -4.0000 8.0000 4.0000 0.3055 0.2485 0.1722 0.2354 0.2872 1.2488 1.8651 3.3748 
15.0000 30.0000 3.0000 0.0000 1.0000 -5.6000 8 1.0000 1.0000 2.4690 -10.0000 -2.0000 10.0000 -6.0000 6.0000 2.0000 0.2500 0.2500 0.2500 0.2500 0.2500 1.2500 1.9096 3.4091 
15.0000 45.0000 3.0000 2.0000 1.0000 -2.8000 8 1.0000 1.0000 1.2070 12.0000 0.0000 -8.0000 4.0000 -4.0000 8.0000 0.2500 0.2500 0.2500 0.2500 0.2500 1.2500 1.8556 3.3592 
15.0000 60.0000 3.0000 4.0000 1.0000 0.0000 2 -1.0000 0.0000 1.1050 -6.0000 2.0000 14.0000 -2.0000 10.0000 6.0000 0.2500 0.2500 0.2500 0.2500 0.2500 1.2500 1.8396 3.3426 
15.0000 62.0000 3.0000 4.0000 1.0000 5.6000 2 -1.0000 1.0000 1.5770 6.0000 -2.0000 -6.0000 14.0000 2.0000 10.0000 0.2500 0.2500 0.2500 0.2500 0.2500 1.2500 1.9080 3.4092 
15.0000 70.0000 3.0000 4.0000 0.0000 8.4000 2 -1.0000 1.0000 1.2250 -6.0000 2.0000 14.0000 -2.0000 10.0000 6.0000 0.2488 0.3378 0.2806 0.1722 0.2127 1.2521 1.8619 3.3614 
15.0000 51.0000 3.0000 2.0000 0.0000 -5.6000 8 1.0000 1.0000 0.9000 -8.0000 0.0000 8.0000 -4.0000 12.0000 4.0000 0.2366 0.2894 0.2249 0.1898 0.3163 1.2570 1.9211 3.4330 
15.0000 33.0000 3.0000 0.0000 1.0000 2.8000 8 1.0000 0.0000 2.4190 -10.0000 2.0000 6.0000 -2.0000 10.0000 -6.0000 0.2500 0.2500 0.2500 0.2500 0.2500 1.2500 1.7897 3.2925 
15.0000 7.0000 3.0000 -4.0000 1.0000 8.4000 2 -1.0000 1.0000 1.3860 -2.0000 -10.0000 -14.0000 6.0000 -6.0000 2.0000 0.2500 0.2500 0.2500 0.2500 0.2500 1.2500 1.8663 3.3591 
15.0000 38.0000 3.0000 0.0000 0.0000 -2.8000 2 -1.0000 0.0000 1.3340 -6.0000 6.0000 10.0000 -10.0000 2.0000 -2.0000 0.3545 0.3271 0.1608 0.1865 0.2117 1.2405 1.7926 3.2832 
15.0000 58.0000 3.0000 4.0000 1.0000 -5.6000 8 1.0000 1.0000 0.8900 10.0000 -2.0000 -6.0000 14.0000 2.0000 6.0000 0.2500 0.2500 0.2500 0.2500 0.2500 1.2500 1.8306 3.3260 
15.0000 42.0000 3.0000 0.0000 0.0000 8.4000 2 -1.0000 1.0000 1.3310 2.0000 -6.0000 -10.0000 10.0000 -2.0000 6.0000 0.3773 0.1580 0.2984 0.1610 0.2562 1.2509 1.8804 3.3934 
15.0000 28.0000 3.0000 -2.0000 0.0000 8.4000 2 -1.0000 1.0000 1.1040 -8.0000 0.0000 8.0000 -4.0000 4.0000 -12.0000 0.2231 0.3581 0.2926 0.1676 0.2166 1.2581 1.7927 3.3006 
15.0000 17.0000 3.0000 -2.0000 1.0000 -2.8000 2 -1.0000 0.0000 2.2680 8.0000 -4.0000 -8.0000 0.0000 -12.0000 4.0000 0.2500 0.2500 0.2500 0.2500 0.2500 1.2500 1.8231 3.3259 
15.0000 41.0000 3.0000 0.0000 0.0000 5.6000 2 -1.0000 1.0000 3.0040 -10.0000 -2.0000 10.0000 -6.0000 6.0000 2.0000 0.2273 0.3866 0.2526 0.1526 0.2275 1.2466 1.7888 3.2891 
15.0000 47.0000 3.0000 2.0000 1.0000 2.8000 2 -1.0000 1.0000 1.0470 -8.0000 0.0000 8.0000 -4.0000 12.0000 4.0000 0.2500 0.2500 0.2500 0.2500 0.2500 1.2500 1.9506 3.4592 
15.0000 14.0000 3.0000 -4.0000 0.0000 8.4000 2 -1.0000 1.0000 0.6890 -2.0000 -10.0000 -14.0000 6.0000 -6.0000 2.0000 0.3073 0.1537 0.1951 0.3298 0.2607 1.2466 1.9614 3.4560 
15.0000 46.0000 3.0000 2.0000 1.0000 0.0000 8 1.0000 0.0000 1.2890 -4.0000 4.0000 12.0000 0.0000 8.0000 -8.0000 0.2500 0.2500 0.2500 0.2500 0.2500 1.2500 1.9395 3.4425 
15.0000 56.0000 3.0000 2.0000 0.0000 8.4000 2 -1.0000 1.0000 0.7370 8.0000 0.0000 -8.0000 4.0000 -4.0000 12.0000 0.2714 0.1680 0.3469 0.2484 0.2090 1.2437 1.7701 3.2696 
15.0000 63.0000 3.0000 4.0000 1.0000 8.4000 2 -1.0000 1.0000 2.0400 -2.0000 6.0000 14.0000 2.0000 10.0000 -6.0000 0.2500 0.2500 0.2500 0.2500 0.2500 1.2500 1.9607 3.4593 
15.0000 8.0000 3.0000 -4.0000 0.0000 -8.4000 8 1.0000 1.0000 1.1440 -10.0000 -2.0000 2.0000 -6.0000 6.0000 -14.0000 0.2281 0.3180 0.2493 0.2049 0.2466 1.2469 1.7584 3.2561 
15.0000 67.0000 3.0000 4.0000 0.0000 0.0000 8 1.0000 0.0000 0.9930 -6.0000 6.0000 10.0000 2.0000 14.0000 -2.0000 0.2013 0.3587 0.1604 0.3035 0.2183 1.2422 1.9367 3.4181 
15.0000 59.0000 3.0000 4.0000 1.0000 -2.8000 2 -1.0000 0.0000 1.6900 14.0000 6.0000 -6.0000 10.0000 -2.0000 2.0000 0.2500 0.2500 0.2500 0.2500 0.2500 1.2500 1.8284 3.3427 
15.0000 5.0000 3.0000 -4.0000 1.0000 2.8000 8 1.0000 0.0000 2.5250 -10.0000 2.0000 6.0000 -14.0000 -2.0000 -6.0000 0.2500 0.2500 0.2500 0.2500 0.2500 1.2500 1.8579 3.3591 
15.0000 48.0000 3.0000 2.0000 1.0000 5.6000 2 -1.0000 1.0000 0.8790 8.0000 -4.0000 -8.0000 12.0000 0.0000 4.0000 0.2500 0.2500 0.2500 0.2500 0.2500 1.2500 1.8374 3.3425 
15.0000 53.0000 3.0000 2.0000 0.0000 0.0000 2 -1.0000 0.0000 0.7980 -4.0000 4.0000 8.0000 0.0000 12.0000 -8.0000 0.2664 0.3042 0.2008 0.3194 0.1543 1.2451 1.8067 3.3043 
15.0000 29.0000 3.0000 0.0000 1.0000 -8.4000 2 -1.0000 0.0000 2.8550 2.0000 -6.0000 -10.0000 10.0000 -2.0000 6.0000 0.2500 0.2500 0.2500 0.2500 0.2500 1.2500 1.8153 3.3258 
15.0000 21.0000 3.0000 -2.0000 1.0000 8.4000 2 -1.0000 1.0000 1.2220 -12.0000 -4.0000 4.0000 -8.0000 8.0000 0.0000 0.2500 0.2500 0.2500 0.2500 0.2500 1.2500 1.9721 3.4761 
15.0000 25.0000 3.0000 -2.0000 0.0000 0.0000 8 1.0000 0.0000 2.8320 8.0000 0.0000 -12.0000 4.0000 -8.0000 -4.0000 0.1845 0.3134 0.1564 0.2084 0.3947 1.2574 1.9858 3.4999 
15.0000 52.0000 3.0000 2.0000 0.0000 -2.8000 2 -1.0000 0.0000 1.2190 -8.0000 0.0000 8.0000 -4.0000 12.0000 4.0000 0.3631 0.3064 0.1951 0.1575 0.2289 1.2511 1.9329 3.4270 
15.0000 37.0000 3.0000 0.0000 0.0000 -5.6000 8 1.0000 1.0000 1.0410 -10.0000 -2.0000 6.0000 -6.0000 10.0000 2.0000 0.2967 0.2254 0.2764 0.1672 0.2776 1.2434 1.8854 3.3694 
15.0000 64.0000 3.0000 4.0000 0.0000 -8.4000 8 1.0000 1.0000 1.5360 14.0000 6.0000 -2.0000 10.0000 -6.0000 2.0000 0.2648 0.3163 0.2585 0.1577 0.2606 1.2578 1.8668 3.3672 
15.0000 31.0000 3.0000 0.0000 1.0000 -2.8000 2 -1.0000 0.0000 0.5150 2.0000 -6.0000 -10.0000 10.0000 -2.0000 6.0000 0.2500 0.2500 0.2500 0.2500 0.2500 1.2500 1.8742 3.3591 
15.0000 49.0000 3.0000 2.0000 1.0000 8.4000 2 -1.0000 1.0000 1.2010 12.0000 0.0000 -4.0000 4.0000 -8.0000 8.0000 0.2500 0.2500 0.2500 0.2500 0.2500 1.2500 1.9911 3.4926 
15.0000 27.0000 3.0000 -2.0000 0.0000 5.6000 2 -1.0000 1.0000 0.8440 -4.0000 4.0000 8.0000 -12.0000 0.0000 -8.0000 0.2763 0.1995 0.3721 0.2407 0.1662 1.2549 1.9627 3.4809 
15.0000 61.0000 3.0000 4.0000 1.0000 2.8000 8 1.0000 0.0000 0.7560 14.0000 6.0000 -6.0000 10.0000 -2.0000 2.0000 0.2500 0.2500 0.2500 0.2500 0.2500 1.2500 1.7909 3.2925 
15.0000 50.0000 3.0000 2.0000 0.0000 -8.4000 8 1.0000 1.0000 1.8940 8.0000 -4.0000 -8.0000 12.0000 0.0000 4.0000 0.1850 0.3953 0.2854 0.1716 0.2140 1.2514 1.8024 3.3105 
15.0000 26.0000 3.0000 -2.0000 0.0000 2.8000 2 -1.0000 1.0000 0.9430 8.0000 -4.0000 -12.0000 0.0000 -8.0000 4.0000 0.1882 0.3460 0.2797 0.2542 0.1771 1.2452 1.9079 3.4044 
15.0000 43.0000 3.0000 2.0000 1.0000 -8.4000 8 1.0000 1.0000 0.4440 0.0000 8.0000 12.0000 -8.0000 4.0000 -4.0000 0.2500 0.2500 0.2500 0.2500 0.2500 1.2500 1.9975 3.4925 
15.0000 19.0000 3.0000 -2.0000 1.0000 2.8000 2 -1.0000 1.0000 0.5400 8.0000 -4.0000 -12.0000 0.0000 -8.0000 4.0000 0.2500 0.2500 0.2500 0.2500 0.2500 1.2500 1.9850 3.4926 
15.0000 44.0000 3.0000 2.0000 1.0000 -5.6000 2 -1.0000 0.0000 1.9990 -8.0000 0.0000 12.0000 -4.0000 8.0000 4.0000 0.2500 0.2500 0.2500 0.2500 0.2500 1.2500 1.9007 3.3925 
15.0000 15.0000 3.0000 -2.0000 1.0000 -8.4000 8 1.0000 1.0000 0.8320 -12.0000 0.0000 8.0000 -4.0000 4.0000 -8.0000 0.2500 0.2500 0.2500 0.2500 0.2500 1.2500 1.8364 3.3259 
15.0000 1.0000 3.0000 -4.0000 1.0000 -8.4000 2 -1.0000 0.0000 1.9820 -14.0000 -6.0000 6.0000 -10.0000 2.0000 -2.0000 0.2500 0.2500 0.2500 0.2500 0.2500 1.2500 1.8358 3.3258 
15.0000 36.0000 3.0000 0.0000 0.0000 -8.4000 8 1.0000 1.0000 1.6490 -6.0000 6.0000 10.0000 -10.0000 2.0000 -2.0000 0.2954 0.3670 0.1827 0.2409 0.1723 1.2583 1.7957 3.3009 
15.0000 23.0000 3.0000 -2.0000 0.0000 -5.6000 8 1.0000 1.0000 1.3300 8.0000 -4.0000 -8.0000 0.0000 -12.0000 4.0000 0.1556 0.1927 0.3877 0.2346 0.2745 1.2450 1.8426 3.3377 
15.0000 65.0000 3.0000 4.0000 0.0000 -5.6000 2 -1.0000 0.0000 1.1000 14.0000 2.0000 -6.0000 6.0000 -2.0000 10.0000 0.2159 0.1719 0.3215 0.3526 0.1877 1.2495 1.8285 3.3421 
15.0000 2.0000 3.0000 -4.0000 1.0000 -5.6000 8 1.0000 1.0000 0.8340 6.0000 -6.0000 -14.0000 -2.0000 -10.0000 2.0000 0.2500 0.2500 0.2500 0.2500 0.2500 1.2500 1.9794 3.4927 
15.0000 4.0000 3.0000 -4.0000 1.0000 0.0000 2 -1.0000 0.0000 0.7060 -2.0000 -10.0000 -14.0000 6.0000 -6.0000 2.0000 0.2500 0.2500 0.2500 0.2500 0.2500 1.2500 1.9709 3.4760 
15.0000 18.0000 3.0000 -2.0000 1.0000 0.0000 8 1.0000 0.0000 1.9500 -4.0000 4.0000 8.0000 -12.0000 0.0000 -8.0000 0.2500 0.2500 0.2500 0.2500 0.2500 1.2500 1.8473 3.3592 
15.0000 24.0000 3.0000 -2.0000 0.0000 -2.8000 2 -1.0000 0.0000 3.1850 4.0000 -8.0000 -12.0000 8.0000 -4.0000 0.0000 0.3254 0.2037 0.2749 0.1639 0.2723 1.2402 1.8237 3.3160 
15.0000 39.0000 3.0000 0.0000 0.0000 0.0000 8 1.0000 0.0000 1.6920 10.0000 -2.0000 -6.0000 2.0000 -10.0000 6.0000 0.1810 0.3255 0.2503 0.2123 0.2832 1.2523 1.7909 3.2949 
15.0000 13.0000 3.0000 -4.0000 0.0000 5.6000 8 1.0000 0.0000 1.8330 2.0000 -10.0000 -14.0000 6.0000 -6.0000 -2.0000 0.3157 0.1754 0.3425 0.2236 0.1903 1.2475 1.8141 3.3068 
15.0000 9.0000 3.0000 -4.0000 0.0000 -5.6000 2 -1.0000 0.0000 3.3850 -14.0000 -6.0000 6.0000 -10.0000 2.0000 -2.0000 0.1618 0.2978 0.3981 0.2141 0.1765 1.2484 1.8107 3.3077 
15.0000 66.0000 3.0000 4.0000 0.0000 -2.8000 8 1.0000 1.0000 1.2380 10.0000 -2.0000 -6.0000 14.0000 2.0000 6.0000 0.2876 0.2357 0.1551 0.3111 0.2537 1.2433 1.9512 3.4359 
15.0000 20.0000 3.0000 -2.0000 1.0000 5.6000 2 -1.0000 1.0000 0.4470 -12.0000 0.0000 8.0000 -4.0000 4.0000 -8.0000 0.2500 0.2500 0.2500 0.2500 0.2500 1.2500 1.8207 3.3091 
15.0000 57.0000 3.0000 4.0000 1.0000 -8.4000 8 1.0000 1.0000 1.7910 14.0000 6.0000 -6.0000 10.0000 -2.0000 2.0000 0.2500 0.2500 0.2500 0.2500 0.2500 1.2500 1.7796 3.2758 
15.0000 10.0000 3.0000 -4.0000 0.0000 -2.8000 2 -1.0000 0.0000 0.9140 -14.0000 -6.0000 6.0000 -10.0000 2.0000 -2.0000 0.1521 0.2521 0.1952 0.3683 0.2872 1.2550 1.9653 3.4810 
15.0000 12.0000 3.0000 -4.0000 0.0000 2.8000 8 1.0000 0.0000 0.9230 -14.0000 -6.0000 2.0000 -10.0000 6.0000 -2.0000 0.1596 0.2072 0.3269 0.2382 0.3274 1.2593 1.8972 3.4185 
15.0000 39.0000 4.0000 0.0000 0.0000 0.0000 8 1.0000 0.0000 2.3500 -10.0000 -2.0000 10.0000 -6.0000 6.0000 2.0000 0.2650 0.1744 0.3123 0.1872 0.3157 1.2547 1.8324 3.3471 
15.0000 64.0000 4.0000 4.0000 0.0000 -8.4000 8 1.0000 1.0000 0.7920 -2.0000 6.0000 10.0000 2.0000 14.0000 -6.0000 0.1751 0.2299 0.3596 0.1901 0.2921 1.2468 1.7882 3.2893 
15.0000 5.0000 4.0000 -4.0000 1.0000 2.8000 8 1.0000 0.0000 2.4210 -10.0000 2.0000 6.0000 -14.0000 -2.0000 -6.0000 0.2500 0.2500 0.2500 0.2500 0.2500 1.2500 1.7539 3.2591 
15.0000 61.0000 4.0000 4.0000 1.0000 2.8000 2 -1.0000 1.0000 1.0130 -6.0000 2.0000 14.0000 -2.0000 10.0000 6.0000 0.2500 0.2500 0.2500 0.2500 0.2500 1.2500 1.9978 3.4928 
15.0000 56.0000 4.0000 2.0000 0.0000 8.4000 2 -1.0000 1.0000 0.8020 8.0000 -4.0000 -8.0000 12.0000 0.0000 4.0000 0.1777 0.3991 0.1513 0.2129 0.3176 1.2586 1.9053 3.4179 
15.0000 68.0000 4.0000 4.0000 0.0000 2.8000 2 -1.0000 1.0000 0.5810 6.0000 -2.0000 -6.0000 14.0000 2.0000 10.0000 0.3215 0.2216 0.2585 0.1894 0.2619 1.2529 1.9787 3.4790 
15.0000 60.0000 4.0000 4.0000 1.0000 0.0000 2 -1.0000 0.0000 0.4270 10.0000 2.0000 -2.0000 6.0000 -6.0000 14.0000 0.2500 0.2500 0.2500 0.2500 0.2500 1.2500 1.9126 3.4091 
15.0000 52.0000 4.0000 2.0000 0.0000 -2.8000 2 -1.0000 0.0000 0.5000 8.0000 0.0000 -4.0000 4.0000 -8.0000 12.0000 0.2280 0.1676 0.3125 0.3622 0.1753 1.2456 1.8356 3.3216 
15.0000 1.0000 4.0000 -4.0000 1.0000 -8.4000 8 1.0000 1.0000 0.7800 6.0000 -2.0000 -10.0000 2.0000 -14.0000 -6.0000 0.2500 0.2500 0.2500 0.2500 0.2500 1.2500 1.8150 3.3092 
15.0000 51.0000 4.0000 2.0000 0.0000 -5.6000 8 1.0000 1.0000 1.7960 -4.0000 4.0000 12.0000 0.0000 8.0000 -8.0000 0.2488 0.2995 0.1528 0.2251 0.3220 1.2482 1.8342 3.3407 
15.0000 46.0000 4.0000 2.0000 1.0000 0.0000 2 -1.0000 0.0000 0.7470 -8.0000 0.0000 8.0000 -4.0000 12.0000 4.0000 0.2500 0.2500 0.2500 0.2500 0.2500 1.2500 1.8499 3.3592 
15.0000 6.0000 4.0000 -4.0000 1.0000 5.6000 2 -1.0000 1.0000 1.8860 6.0000 -2.0000 -10.0000 2.0000 -14.0000 -6.0000 0.2500 0.2500 0.2500 0.2500 0.2500 1.2500 1.8358 3.3425 
15.0000 36.0000 4.0000 0.0000 0.0000 -8.4000 8 1.0000 1.0000 0.6620 -2.0000 6.0000 10.0000 -10.0000 2.0000 -6.0000 0.2018 0.2432 0.3287 0.2561 0.2247 1.2546 1.9194 3.4307 
15.0000 40.0000 4.0000 0.0000 0.0000 2.8000 2 -1.0000 1.0000 1.3760 -10.0000 -2.0000 10.0000 -6.0000 6.0000 2.0000 0.3405 0.2927 0.1905 0.1576 0.2728 1.2541 1.7793 3.2799 
15.0000 21.0000 4.0000 -2.0000 1.0000 8.4000 2 -1.0000 1.0000 2.0740 4.0000 -8.0000 -12.0000 8.0000 -4.0000 0.0000 0.2500 0.2500 0.2500 0.2500 0.2500 1.2500 1.9716 3.4759 
15.0000 43.0000 4.0000 2.0000 1.0000 -8.4000 8 1.0000 1.0000 1.8310 -4.0000 4.0000 8.0000 0.0000 12.0000 -8.0000 0.2500 0.2500 0.2500 0.2500 0.2500 1.2500 1.8320 3.3258 
15.0000 35.0000 4.0000 0.0000 1.0000 8.4000 2 -1.0000 1.0000 0.9500 10.0000 2.0000 -6.0000 6.0000 -10.0000 -2.0000 0.2500 0.2500 0.2500 0.2500 0.2500 1.2500 1.8932 3.3927 
15.0000 8.0000 4.0000 -4.0000 0.0000 -8.4000 8 1.0000 1.0000 1.0220 -2.0000 -10.0000 -14.0000 6.0000 -6.0000 2.0000 0.2970 0.2315 0.3214 0.1689 0.2218 1.2405 1.8982 3.3831 
15.0000 24.0000 4.0000 -2.0000 0.0000 -2.8000 8 1.0000 1.0000 1.5230 8.0000 0.0000 -12.0000 4.0000 -8.0000 -4.0000 0.1568 0.3895 0.3115 0.1725 0.2205 1.2508 1.9417 3.4434 
15.0000 44.0000 4.0000 2.0000 1.0000 -5.6000 8 1.0000 1.0000 1.0230 -8.0000 0.0000 12.0000 -4.0000 8.0000 4.0000 0.2500 0.2500 0.2500 0.2500 0.2500 1.2500 1.8538 3.3425 
15.0000 19.0000 4.0000 -2.0000 1.0000 2.8000 2 -1.0000 1.0000 1.3510 -12.0000 -4.0000 4.0000 -8.0000 8.0000 0.0000 0.2500 0.2500 0.2500 0.2500 0.2500 1.2500 1.7865 3.2759 
15.0000 15.0000 4.0000 -2.0000 1.0000 -8.4000 8 1.0000 1.0000 2.4160 -12.0000 -4.0000 8.0000 -8.0000 4.0000 0.0000 0.2500 0.2500 0.2500 0.2500 0.2500 1.2500 1.8280 3.3424 
15.0000 31.0000 4.0000 0.0000 1.0000 -2.8000 8 1.0000 1.0000 0.7750 6.0000 -2.0000 -10.0000 2.0000 -6.0000 10.0000 0.2500 0.2500 0.2500 0.2500 0.2500 1.2500 1.8386 3.3425 
15.0000 57.0000 4.0000 4.0000 1.0000 -8.4000 2 -1.0000 0.0000 0.5590 14.0000 2.0000 -6.0000 6.0000 -2.0000 10.0000 0.2500 0.2500 0.2500 0.2500 0.2500 1.2500 1.9129 3.4092 
15.0000 11.0000 4.0000 -4.0000 0.0000 0.0000 8 1.0000 0.0000 1.0350 -14.0000 -2.0000 2.0000 -6.0000 6.0000 -10.0000 0.2209 0.3055 0.1859 0.2370 0.3058 1.2551 1.9647 3.4809 
15.0000 27.0000 4.0000 -2.0000 0.0000 5.6000 2 -1.0000 1.0000 0.8450 -12.0000 -4.0000 8.0000 -8.0000 4.0000 0.0000 0.3863 0.1726 0.2414 0.1835 0.2755 1.2593 1.9290 3.4351 
15.0000 45.0000 4.0000 2.0000 1.0000 -2.8000 8 1.0000 1.0000 0.5040 8.0000 -4.0000 -8.0000 12.0000 0.0000 4.0000 0.2500 0.2500 0.2500 0.2500 0.2500 1.2500 1.9356 3.4425 
15.0000 47.0000 4.0000 2.0000 1.0000 2.8000 2 -1.0000 1.0000 0.7680 8.0000 0.0000 -4.0000 4.0000 -8.0000 12.0000 0.2500 0.2500 0.2500 0.2500 0.2500 1.2500 1.9812 3.4760 
15.0000 13.0000 4.0000 -4.0000 0.0000 5.6000 2 -1.0000 1.0000 0.8460 -10.0000 -2.0000 2.0000 -6.0000 6.0000 -14.0000 0.2926 0.3261 0.2865 0.1819 0.1542 1.2413 1.8936 3.3838 
15.0000 63.0000 4.0000 4.0000 1.0000 8.4000 2 -1.0000 1.0000 1.6660 14.0000 6.0000 -6.0000 10.0000 -2.0000 2.0000 0.2500 0.2500 0.2500 0.2500 0.2500 1.2500 1.7812 3.2759 
15.0000 18.0000 4.0000 -2.0000 1.0000 0.0000 8 1.0000 0.0000 1.8680 4.0000 -8.0000 -12.0000 8.0000 -4.0000 0.0000 0.2500 0.2500 0.2500 0.2500 0.2500 1.2500 1.8799 3.3758 
15.0000 53.0000 4.0000 2.0000 0.0000 0.0000 2 -1.0000 0.0000 1.1250 0.0000 8.0000 12.0000 -8.0000 4.0000 -4.0000 0.1650 0.1952 0.2456 0.2765 0.3740 1.2563 1.8212 3.3154 
15.0000 20.0000 4.0000 -2.0000 1.0000 5.6000 2 -1.0000 1.0000 0.7060 -4.0000 4.0000 8.0000 -12.0000 0.0000 -8.0000 0.2500 0.2500 0.2500 0.2500 0.2500 1.2500 1.9167 3.4259 
15.0000 10.0000 4.0000 -4.0000 0.0000 -2.8000 8 1.0000 1.0000 1.1460 -2.0000 -10.0000 -14.0000 6.0000 -6.0000 2.0000 0.2097 0.3436 0.2000 0.2333 0.2598 1.2464 1.9601 3.4558 
15.0000 22.0000 4.0000 -2.0000 0.0000 -8.4000 8 1.0000 1.0000 1.1980 8.0000 -4.0000 -12.0000 0.0000 -8.0000 4.0000 0.2889 0.1655 0.2439 0.3879 0.1720 1.2581 1.9763 3.4842 
15.0000 16.0000 4.0000 -2.0000 1.0000 -5.6000 8 1.0000 1.0000 1.4900 -4.0000 4.0000 8.0000 -12.0000 0.0000 -8.0000 0.2500 0.2500 0.2500 0.2500 0.2500 1.2500 1.7794 3.2757 
15.0000 29.0000 4.0000 0.0000 1.0000 -8.4000 8 1.0000 1.0000 0.9740 6.0000 -2.0000 -6.0000 2.0000 -10.0000 10.0000 0.2500 0.2500 0.2500 0.2500 0.2500 1.2500 1.8390 3.3424 
15.0000 49.0000 4.0000 2.0000 1.0000 8.4000 2 -1.0000 1.0000 0.7610 4.0000 -4.0000 -8.0000 12.0000 0.0000 8.0000 0.2500 0.2500 0.2500 0.2500 0.2500 1.2500 1.9791 3.4760 
15.0000 65.0000 4.0000 4.0000 0.0000 -5.6000 8 1.0000 1.0000 2.0670 -2.0000 6.0000 14.0000 2.0000 10.0000 -6.0000 0.2470 0.1690 0.2782 0.1687 0.3771 1.2400 1.8758 3.3661 
15.0000 70.0000 4.0000 4.0000 0.0000 8.4000 2 -1.0000 1.0000 0.7160 -6.0000 2.0000 10.0000 -2.0000 14.0000 6.0000 0.2424 0.1530 0.2466 0.3523 0.2476 1.2419 1.9572 3.4511 
15.0000 7.0000 4.0000 -4.0000 1.0000 8.4000 2 -1.0000 1.0000 0.7360 2.0000 -6.0000 -10.0000 -2.0000 -14.0000 6.0000 0.2500 0.2500 0.2500 0.2500 0.2500 1.2500 1.8525 3.3424 
15.0000 37.0000 4.0000 0.0000 0.0000 -5.6000 8 1.0000 1.0000 1.1590 6.0000 -2.0000 -6.0000 2.0000 -10.0000 10.0000 0.2852 0.2236 0.1500 0.3888 0.1967 1.2443 1.9242 3.4201 
15.0000 48.0000 4.0000 2.0000 1.0000 5.6000 2 -1.0000 1.0000 0.7190 -8.0000 4.0000 8.0000 0.0000 12.0000 -4.0000 0.2500 0.2500 0.2500 0.2500 0.2500 1.2500 1.7528 3.2425 
15.0000 12.0000 4.0000 -4.0000 0.0000 2.8000 2 -1.0000 1.0000 0.8570 6.0000 -2.0000 -14.0000 2.0000 -10.0000 -6.0000 0.2793 0.2524 0.1863 0.2114 0.3247 1.2541 1.8546 3.3467 
15.0000 23.0000 4.0000 -2.0000 0.0000 -5.6000 8 1.0000 1.0000 0.7450 -4.0000 4.0000 8.0000 -12.0000 0.0000 -8.0000 0.2475 0.1632 0.3472 0.3169 0.1704 1.2452 1.8167 3.3210 
15.0000 2.0000 4.0000 -4.0000 1.0000 -5.6000 8 1.0000 1.0000 1.5100 6.0000 -2.0000 -10.0000 2.0000 -14.0000 -6.0000 0.2500 0.2500 0.2500 0.2500 0.2500 1.2500 1.9484 3.4593 
15.0000 30.0000 4.0000 0.0000 1.0000 -5.6000 8 1.0000 1.0000 0.5910 -2.0000 6.0000 10.0000 -10.0000 2.0000 -6.0000 0.2500 0.2500 0.2500 0.2500 0.2500 1.2500 1.7528 3.2592 
15.0000 54.0000 4.0000 2.0000 0.0000 2.8000 2 -1.0000 1.0000 0.6330 -8.0000 4.0000 12.0000 0.0000 8.0000 -4.0000 0.1597 0.2416 0.3145 0.1702 0.3648 1.2509 1.9749 3.4767 
15.0000 34.0000 4.0000 0.0000 1.0000 5.6000 8 1.0000 0.0000 0.9510 -10.0000 2.0000 10.0000 -2.0000 6.0000 -6.0000 0.2500 0.2500 0.2500 0.2500 0.2500 1.2500 1.8528 3.3592 
15.0000 38.0000 4.0000 0.0000 0.0000 -2.8000 2 -1.0000 0.0000 0.6600 -6.0000 2.0000 6.0000 -2.0000 10.0000 -10.0000 0.2219 0.1829 0.2779 0.3334 0.2291 1.2452 1.7658 3.2710 
15.0000 32.0000 4.0000 0.0000 1.0000 0.0000 2 -1.0000 0.0000 1.5590 2.0000 -6.0000 -10.0000 10.0000 -2.0000 6.0000 0.2500 0.2500 0.2500 0.2500 0.2500 1.2500 1.9497 3.4427 
15.0000 3.0000 4.0000 -4.0000 1.0000 -2.8000 8 1.0000 1.0000 0.8260 6.0000 -2.0000 -10.0000 2.0000 -14.0000 -6.0000 0.2500 0.2500 0.2500 0.2500 0.2500 1.2500 1.8017 3.2924 
15.0000 26.0000 4.0000 -2.0000 0.0000 2.8000 8 1.0000 0.0000 0.7610 8.0000 0.0000 -8.0000 4.0000 -12.0000 -4.0000 0.3503 0.1829 0.1508 0.3868 0.1833 1.2540 1.8944 3.3966 
15.0000 33.0000 4.0000 0.0000 1.0000 2.8000 2 -1.0000 1.0000 2.5640 10.0000 -2.0000 -10.0000 2.0000 -6.0000 6.0000 0.2500 0.2500 0.2500 0.2500 0.2500 1.2500 1.8388 3.3426 
15.0000 41.0000 4.0000 0.0000 0.0000 5.6000 2 -1.0000 1.0000 0.5440 -10.0000 -2.0000 6.0000 -6.0000 10.0000 2.0000 0.3254 0.2592 0.2332 0.2715 0.1527 1.2420 1.7635 3.2512 
15.0000 59.0000 4.0000 4.0000 1.0000 -2.8000 2 -1.0000 0.0000 0.8950 10.0000 2.0000 -6.0000 6.0000 -2.0000 14.0000 0.2500 0.2500 0.2500 0.2500 0.2500 1.2500 1.7852 3.2759 
15.0000 17.0000 4.0000 -2.0000 1.0000 -2.8000 8 1.0000 1.0000 0.3720 8.0000 0.0000 -12.0000 4.0000 -8.0000 -4.0000 0.2500 0.2500 0.2500 0.2500 0.2500 1.2500 1.9933 3.5093 
15.0000 28.0000 4.0000 -2.0000 0.0000 8.4000 2 -1.0000 1.0000 1.3150 -12.0000 -4.0000 4.0000 -8.0000 8.0000 0.0000 0.3209 0.2563 0.2119 0.2496 0.2138 1.2527 1.8969 3.4120 
15.0000 9.0000 4.0000 -4.0000 0.0000 -5.6000 8 1.0000 1.0000 0.9860 6.0000 -6.0000 -14.0000 -2.0000 -10.0000 2.0000 0.2630 0.1562 0.2349 0.3459 0.2535 1.2534 1.9359 3.4459 
15.0000 14.0000 4.0000 -4.0000 0.0000 8.4000 2 -1.0000 1.0000 1.1480 -6.0000 2.0000 6.0000 -14.0000 -2.0000 -10.0000 0.1986 0.2434 0.2776 0.3550 0.1716 1.2462 1.8012 3.3055 
15.0000 4.0000 4.0000 -4.0000 1.0000 0.0000 2 -1.0000 0.0000 0.9310 -14.0000 -6.0000 6.0000 -10.0000 2.0000 -2.0000 0.2500 0.2500 0.2500 0.2500 0.2500 1.2500 1.9486 3.4594 
15.0000 25.0000 4.0000 -2.0000 0.0000 0.0000 8 1.0000 0.0000 0.3930 4.0000 -4.0000 -8.0000 0.0000 -12.0000 8.0000 0.3476 0.1675 0.2230 0.3617 0.1560 1.2557 1.9377 3.4483 
15.0000 55.0000 4.0000 2.0000 0.0000 5.6000 2 -1.0000 1.0000 0.6450 12.0000 4.0000 -4.0000 8.0000 -8.0000 0.0000 0.1506 0.2793 0.2376 0.3569 0.2184 1.2428 1.9421 3.4355 
15.0000 50.0000 4.0000 2.0000 0.0000 -8.4000 8 1.0000 1.0000 2.6990 -8.0000 0.0000 12.0000 -4.0000 8.0000 4.0000 0.2841 0.1836 0.2826 0.2282 0.2744 1.2530 1.8902 3.3955 
15.0000 69.0000 4.0000 4.0000 0.0000 5.6000 2 -1.0000 1.0000 0.7620 -6.0000 2.0000 10.0000 -2.0000 14.0000 6.0000 0.3112 0.1928 0.2183 0.1566 0.3750 1.2539 1.7681 3.2631 
15.0000 62.0000 4.0000 4.0000 1.0000 5.6000 2 -1.0000 1.0000 0.4430 14.0000 2.0000 -2.0000 6.0000 -6.0000 10.0000 0.2500 0.2500 0.2500 0.2500 0.2500 1.2500 1.8282 3.3258 
15.0000 67.0000 4.0000 4.0000 0.0000 0.0000 2 -1.0000 0.0000 0.3620 2.0000 10.0000 14.0000 -6.0000 6.0000 -2.0000 0.2386 0.2802 0.3635 0.1665 0.2072 1.2560 1.8612 3.3652 
15.0000 66.0000 4.0000 4.0000 0.0000 -2.8000 2 -1.0000 0.0000 0.4490 2.0000 10.0000 14.0000 -6.0000 6.0000 -2.0000 0.3596 0.2177 0.1722 0.2937 0.2109 1.2542 1.9688 3.4634 
15.0000 58.0000 4.0000 4.0000 1.0000 -5.6000 2 -1.0000 0.0000 0.8180 14.0000 6.0000 -6.0000 10.0000 -2.0000 2.0000 0.2500 0.2500 0.2500 0.2500 0.2500 1.2500 1.9680 3.4592 
15.0000 42.0000 4.0000 0.0000 0.0000 8.4000 2 -1.0000 1.0000 1.6110 -10.0000 2.0000 6.0000 -2.0000 10.0000 -6.0000 0.3002 0.2112 0.1731 0.3802 0.1796 1.2442 1.7923 3.2867 
15.0000 31.0000 5.0000 0.0000 1.0000 -2.8000 8 1.0000 1.0000 2.1000 -6.0000 2.0000 10.0000 -2.0000 6.0000 -10.0000 0.2500 0.2500 0.2500 0.2500 0.2500 1.2500 1.7792 3.2925 
15.0000 61.0000 5.0000 4.0000 1.0000 2.8000 2 -1.0000 1.0000 0.7350 -6.0000 6.0000 14.0000 2.0000 10.0000 -2.0000 0.2500 0.2500 0.2500 0.2500 0.2500 1.2500 1.8827 3.3926 
15.0000 46.0000 5.0000 2.0000 1.0000 0.0000 2 -1.0000 0.0000 1.7190 -8.0000 0.0000 8.0000 -4.0000 12.0000 4.0000 0.2500 0.2500 0.2500 0.2500 0.2500 1.2500 1.9021 3.4091 
15.0000 23.0000 5.0000 -2.0000 0.0000 -5.6000 8 1.0000 1.0000 1.1060 0.0000 -8.0000 -12.0000 8.0000 -4.0000 4.0000 0.1792 0.3204 0.1771 0.3191 0.2613 1.2571 1.8401 3.3497 
15.0000 21.0000 5.0000 -2.0000 1.0000 8.4000 8 1.0000 0.0000 0.4560 -8.0000 4.0000 8.0000 -12.0000 0.0000 -4.0000 0.2500 0.2500 0.2500 0.2500 0.2500 1.2500 1.8022 3.3091 
15.0000 28.0000 5.0000 -2.0000 0.0000 8.4000 2 -1.0000 1.0000 0.9510 -8.0000 0.0000 8.0000 -4.0000 4.0000 -12.0000 0.1863 0.2841 0.2288 0.3408 0.2070 1.2470 1.8521 3.3397 
15.0000 10.0000 5.0000 -4.0000 0.0000 -2.8000 8 1.0000 1.0000 1.3460 6.0000 -2.0000 -10.0000 2.0000 -14.0000 -6.0000 0.1979 0.2971 0.1607 0.3502 0.2414 1.2473 1.8113 3.3065 
15.0000 67.0000 5.0000 4.0000 0.0000 0.0000 2 -1.0000 0.0000 0.4190 14.0000 6.0000 -2.0000 10.0000 -6.0000 2.0000 0.1679 0.2228 0.3796 0.1755 0.3054 1.2512 1.8656 3.3604 
15.0000 63.0000 5.0000 4.0000 1.0000 8.4000 2 -1.0000 1.0000 1.1020 -6.0000 2.0000 10.0000 -2.0000 14.0000 6.0000 0.2500 0.2500 0.2500 0.2500 0.2500 1.2500 1.8057 3.2926 
15.0000 13.0000 5.0000 -4.0000 0.0000 5.6000 8 1.0000 0.0000 0.5750 -14.0000 -2.0000 2.0000 -6.0000 6.0000 -10.0000 0.3878 0.1724 0.2913 0.2268 0.1776 1.2557 1.7517 3.2483 
15.0000 34.0000 5.0000 0.0000 1.0000 5.6000 2 -1.0000 1.0000 1.1460 6.0000 -2.0000 -6.0000 2.0000 -10.0000 10.0000 0.2500 0.2500 0.2500 0.2500 0.2500 1.2500 1.9906 3.4760 
15.0000 32.0000 5.0000 0.0000 1.0000 0.0000 2 -1.0000 0.0000 1.2240 6.0000 -2.0000 -6.0000 2.0000 -10.0000 10.0000 0.2500 0.2500 0.2500 0.2500 0.2500 1.2500 1.9462 3.4592 
15.0000 17.0000 5.0000 -2.0000 1.0000 -2.8000 8 1.0000 1.0000 0.7910 -12.0000 0.0000 4.0000 -4.0000 8.0000 -8.0000 0.2500 0.2500 0.2500 0.2500 0.2500 1.2500 1.8220 3.3259 
15.0000 54.0000 5.0000 2.0000 0.0000 2.8000 2 -1.0000 1.0000 0.6440 12.0000 0.0000 -8.0000 4.0000 -4.0000 8.0000 0.1538 0.2533 0.3725 0.2654 0.2085 1.2536 1.9121 3.4128 
15.0000 53.0000 5.0000 2.0000 0.0000 0.0000 8 1.0000 0.0000 1.3650 -4.0000 4.0000 8.0000 0.0000 12.0000 -8.0000 0.2066 0.2496 0.1852 0.2667 0.3451 1.2531 1.7744 3.2790 
15.0000 7.0000 5.0000 -4.0000 1.0000 8.4000 2 -1.0000 1.0000 3.2980 -10.0000 -2.0000 2.0000 -6.0000 6.0000 -14.0000 0.2500 0.2500 0.2500 0.2500 0.2500 1.2500 1.9787 3.4760 
15.0000 38.0000 5.0000 0.0000 0.0000 -2.8000 8 1.0000 1.0000 1.1640 10.0000 -2.0000 -6.0000 2.0000 -10.0000 6.0000 0.2484 0.1828 0.3428 0.1799 0.3057 1.2596 1.9003 3.4022 
15.0000 40.0000 5.0000 0.0000 0.0000 2.8000 8 1.0000 0.0000 1.9360 10.0000 -2.0000 -10.0000 2.0000 -6.0000 6.0000 0.1811 0.3953 0.2250 0.2855 0.1533 1.2401 1.9613 3.4494 
15.0000 39.0000 5.0000 0.0000 0.0000 0.0000 2 -1.0000 0.0000 1.8100 6.0000 -6.0000 -10.0000 10.0000 -2.0000 2.0000 0.2496 0.1771 0.3852 0.2450 0.1986 1.2555 1.8640 3.3646 
15.0000 64.0000 5.0000 4.0000 0.0000 -8.4000 8 1.0000 1.0000 2.1190 14.0000 2.0000 -6.0000 6.0000 -2.0000 10.0000 0.3514 0.2784 0.1984 0.2547 0.1694 1.2523 1.9494 3.4449 
15.0000 70.0000 5.0000 4.0000 0.0000 8.4000 2 -1.0000 1.0000 0.8860 10.0000 2.0000 -2.0000 6.0000 -6.0000 14.0000 0.3847 0.2022 0.1743 0.2907 0.1919 1.2438 1.9347 3.4198 
15.0000 35.0000 5.0000 0.0000 1.0000 8.4000 2 -1.0000 1.0000 1.1170 6.0000 -2.0000 -10.0000 2.0000 -6.0000 10.0000 0.2500 0.2500 0.2500 0.2500 0.2500 1.2500 1.9677 3.4760 
15.0000 12.0000 5.0000 -4.0000 0.0000 2.8000 8 1.0000 0.0000 2.1480 2.0000 -10.0000 -14.0000 6.0000 -6.0000 -2.0000 0.3578 0.2155 0.2732 0.1633 0.2472 1.2571 1.9718 3.4830 
15.0000 14.0000 5.0000 -4.0000 0.0000 8.4000 2 -1.0000 1.0000 1.7670 2.0000 -6.0000 -14.0000 -2.0000 -10.0000 6.0000 0.2200 0.3685 0.1766 0.3302 0.1645 1.2599 1.7549 3.2690 
15.0000 36.0000 5.0000 0.0000 0.0000 -8.4000 8 1.0000 1.0000 0.9960 -10.0000 -2.0000 10.0000 -6.0000 6.0000 2.0000 0.2480 0.3472 0.2684 0.1663 0.2280 1.2581 1.7547 3.2672 
15.0000 56.0000 5.0000 2.0000 0.0000 8.4000 2 -1.0000 1.0000 0.8290 8.0000 0.0000 -8.0000 4.0000 -4.0000 12.0000 0.2391 0.2979 0.2723 0.1742 0.2703 1.2537 1.9874 3.4964 
15.0000 20.0000 5.0000 -2.0000 1.0000 5.6000 2 -1.0000 1.0000 0.4630 8.0000 0.0000 -12.0000 4.0000 -8.0000 -4.0000 0.2500 0.2500 0.2500 0.2500 0.2500 1.2500 1.9838 3.4926 
15.0000 33.0000 5.0000 0.0000 1.0000 2.8000 2 -1.0000 1.0000 1.2310 6.0000 -2.0000 -10.0000 2.0000 -6.0000 10.0000 0.2500 0.2500 0.2500 0.2500 0.2500 1.2500 1.7926 3.2925 
15.0000 5.0000 5.0000 -4.0000 1.0000 2.8000 2 -1.0000 1.0000 1.9440 -14.0000 -6.0000 2.0000 -10.0000 6.0000 -2.0000 0.2500 0.2500 0.2500 0.2500 0.2500 1.2500 1.9741 3.4759 
15.0000 30.0000 5.0000 0.0000 1.0000 -5.6000 8 1.0000 1.0000 0.8410 10.0000 2.0000 -10.0000 6.0000 -6.0000 -2.0000 0.2500 0.2500 0.2500 0.2500 0.2500 1.2500 1.8823 3.3759 
15.0000 69.0000 5.0000 4.0000 0.0000 5.6000 2 -1.0000 1.0000 0.5750 6.0000 -2.0000 -6.0000 14.0000 2.0000 10.0000 0.2624 0.1762 0.2340 0.3403 0.2454 1.2583 1.8979 3.4009 
15.0000 25.0000 5.0000 -2.0000 0.0000 0.0000 8 1.0000 0.0000 3.4970 0.0000 -8.0000 -12.0000 8.0000 -4.0000 4.0000 0.2635 0.3215 0.1589 0.3180 0.1785 1.2404 1.8546 3.3329 
15.0000 59.0000 5.0000 4.0000 1.0000 -2.8000 8 1.0000 1.0000 1.0920 -2.0000 6.0000 14.0000 2.0000 10.0000 -6.0000 0.2500 0.2500 0.2500 0.2500 0.2500 1.2500 1.8293 3.3426 
15.0000 22.0000 5.0000 -2.0000 0.0000 -8.4000 8 1.0000 1.0000 1.6440 -12.0000 0.0000 4.0000 -4.0000 8.0000 -8.0000 0.1751 0.2919 0.2513 0.1658 0.3568 1.2409 1.7682 3.2667 
15.0000 4.0000 5.0000 -4.0000 1.0000 0.0000 2 -1.0000 0.0000 0.7220 -14.0000 -6.0000 6.0000 -10.0000 2.0000 -2.0000 0.2500 0.2500 0.2500 0.2500 0.2500 1.2500 1.8411 3.3425 
15.0000 19.0000 5.0000 -2.0000 1.0000 2.8000 8 1.0000 0.0000 0.5760 4.0000 -4.0000 -8.0000 0.0000 -12.0000 8.0000 0.2500 0.2500 0.2500 0.2500 0.2500 1.2500 1.9401 3.4426 
15.0000 37.0000 5.0000 0.0000 0.0000 -5.6000 8 1.0000 1.0000 1.1530 6.0000 -2.0000 -10.0000 2.0000 -6.0000 10.0000 0.2670 0.1598 0.2526 0.3524 0.2208 1.2527 1.8628 3.3618 
15.0000 29.0000 5.0000 0.0000 1.0000 -8.4000 8 1.0000 1.0000 0.6560 10.0000 2.0000 -6.0000 6.0000 -10.0000 -2.0000 0.2500 0.2500 0.2500 0.2500 0.2500 1.2500 1.9066 3.4092 
15.0000 66.0000 5.0000 4.0000 0.0000 -2.8000 2 -1.0000 0.0000 1.6730 10.0000 2.0000 -6.0000 6.0000 -2.0000 14.0000 0.1777 0.3628 0.1591 0.2334 0.3231 1.2561 1.7735 3.2819 
15.0000 9.0000 5.0000 -4.0000 0.0000 -5.6000 8 1.0000 1.0000 2.5690 6.0000 -2.0000 -14.0000 2.0000 -10.0000 -6.0000 0.1720 0.2870 0.3796 0.2541 0.1538 1.2466 1.9807 3.4724 
15.0000 2.0000 5.0000 -4.0000 1.0000 -5.6000 2 -1.0000 0.0000 1.8050 -10.0000 -2.0000 2.0000 -6.0000 6.0000 -14.0000 0.2500 0.2500 0.2500 0.2500 0.2500 1.2500 1.9852 3.4761 
15.0000 8.0000 5.0000 -4.0000 0.0000 -8.4000 2 -1.0000 0.0000 0.6770 -14.0000 -6.0000 6.0000 -10.0000 2.0000 -2.0000 0.2945 0.2360 0.2104 0.3128 0.2035 1.2571 1.8443 3.3496 
15.0000 48.0000 5.0000 2.0000 1.0000 5.6000 8 1.0000 0.0000 0.8280 12.0000 0.0000 -4.0000 4.0000 -8.0000 8.0000 0.2500 0.2500 0.2500 0.2500 0.2500 1.2500 1.8616 3.3591 
15.0000 43.0000 5.0000 2.0000 1.0000 -8.4000 2 -1.0000 0.0000 1.1850 -8.0000 0.0000 12.0000 -4.0000 8.0000 4.0000 0.2500 0.2500 0.2500 0.2500 0.2500 1.2500 1.8913 3.3760 
15.0000 27.0000 5.0000 -2.0000 0.0000 5.6000 2 -1.0000 1.0000 2.4550 -8.0000 4.0000 8.0000 -12.0000 0.0000 -4.0000 0.1789 0.2798 0.2489 0.3142 0.2284 1.2502 1.8489 3.3594 
15.0000 26.0000 5.0000 -2.0000 0.0000 2.8000 2 -1.0000 1.0000 2.0210 -12.0000 -4.0000 4.0000 -8.0000 8.0000 0.0000 0.1935 0.1535 0.3258 0.3782 0.1932 1.2443 1.8600 3.3533 
15.0000 44.0000 5.0000 2.0000 1.0000 -5.6000 2 -1.0000 0.0000 0.7220 12.0000 4.0000 -8.0000 8.0000 -4.0000 0.0000 0.2500 0.2500 0.2500 0.2500 0.2500 1.2500 1.8326 3.3425 
15.0000 41.0000 5.0000 0.0000 0.0000 5.6000 2 -1.0000 1.0000 2.9300 6.0000 -2.0000 -6.0000 2.0000 -10.0000 10.0000 0.1732 0.3908 0.2107 0.2874 0.1823 1.2444 1.7518 3.2535 
15.0000 45.0000 5.0000 2.0000 1.0000 -2.8000 8 1.0000 1.0000 1.9260 12.0000 0.0000 -8.0000 4.0000 -4.0000 8.0000 0.2500 0.2500 0.2500 0.2500 0.2500 1.2500 1.9736 3.4760 
15.0000 16.0000 5.0000 -2.0000 1.0000 -5.6000 8 1.0000 1.0000 1.1830 -8.0000 4.0000 8.0000 -12.0000 0.0000 -4.0000 0.2500 0.2500 0.2500 0.2500 0.2500 1.2500 1.9327 3.4260 
15.0000 57.0000 5.0000 4.0000 1.0000 -8.4000 8 1.0000 1.0000 1.4320 6.0000 -2.0000 -6.0000 14.0000 2.0000 10.0000 0.2500 0.2500 0.2500 0.2500 0.2500 1.2500 1.8257 3.3260 
15.0000 58.0000 5.0000 4.0000 1.0000 -5.6000 8 1.0000 1.0000 0.9390 6.0000 -2.0000 -6.0000 14.0000 2.0000 10.0000 0.2500 0.2500 0.2500 0.2500 0.2500 1.2500 1.9116 3.4092 
15.0000 24.0000 5.0000 -2.0000 0.0000 -2.8000 2 -1.0000 0.0000 1.0870 4.0000 -8.0000 -12.0000 8.0000 -4.0000 0.0000 0.1995 0.3151 0.2475 0.2908 0.1945 1.2474 1.8320 3.3232 
15.0000 1.0000 5.0000 -4.0000 1.0000 -8.4000 8 1.0000 1.0000 3.7380 -6.0000 2.0000 6.0000 -14.0000 -2.0000 -10.0000 0.2500 0.2500 0.2500 0.2500 0.2500 1.2500 1.8905 3.3925 
15.0000 47.0000 5.0000 2.0000 1.0000 2.8000 8 1.0000 0.0000 2.3460 -4.0000 8.0000 12.0000 -8.0000 4.0000 0.0000 0.2500 0.2500 0.2500 0.2500 0.2500 1.2500 1.9217 3.4258 
15.0000 62.0000 5.0000 4.0000 1.0000 5.6000 2 -1.0000 1.0000 1.2650 -6.0000 2.0000 10.0000 -2.0000 14.0000 6.0000 0.2500 0.2500 0.2500 0.2500 0.2500 1.2500 1.8326 3.3426 
15.0000 6.0000 5.0000 -4.0000 1.0000 5.6000 2 -1.0000 1.0000 2.6760 6.0000 -6.0000 -10.0000 -2.0000 -14.0000 2.0000 0.2500 0.2500 0.2500 0.2500 0.2500 1.2500 1.8982 3.4092 
15.0000 15.0000 5.0000 -2.0000 1.0000 -8.4000 8 1.0000 1.0000 0.8890 4.0000 -8.0000 -12.0000 8.0000 -4.0000 0.0000 0.2500 0.2500 0.2500 0.2500 0.2500 1.2500 1.8461 3.3425 
15.0000 51.0000 5.0000 2.0000 0.0000 -5.6000 8 1.0000 1.0000 0.9350 8.0000 -4.0000 -8.0000 12.0000 0.0000 4.0000 0.1704 0.2986 0.1636 0.2639 0.3614 1.2579 1.7987 3.3005 
15.0000 50.0000 5.0000 2.0000 0.0000 -8.4000 8 1.0000 1.0000 1.5470 -4.0000 4.0000 8.0000 0.0000 12.0000 -8.0000 0.2431 0.3343 0.1711 0.3099 0.1894 1.2477 1.8304 3.3235 
15.0000 55.0000 5.0000 2.0000 0.0000 5.6000 2 -1.0000 1.0000 1.0000 8.0000 -4.0000 -8.0000 12.0000 0.0000 4.0000 0.2709 0.3364 0.2700 0.1549 0.2088 1.2409 1.9829 3.4668 
15.0000 60.0000 5.0000 4.0000 1.0000 0.0000 2 -1.0000 0.0000 2.2040 6.0000 -2.0000 -6.0000 14.0000 2.0000 10.0000 0.2500 0.2500 0.2500 0.2500 0.2500 1.2500 1.9219 3.4260 
15.0000 3.0000 5.0000 -4.0000 1.0000 -2.8000 8 1.0000 1.0000 1.1810 -14.0000 -6.0000 6.0000 -10.0000 2.0000 -2.0000 0.2500 0.2500 0.2500 0.2500 0.2500 1.2500 1.8709 3.3592 
15.0000 18.0000 5.0000 -2.0000 1.0000 0.0000 2 -1.0000 0.0000 1.8880 -4.0000 4.0000 8.0000 -12.0000 0.0000 -8.0000 0.2500 0.2500 0.2500 0.2500 0.2500 1.2500 1.8107 3.3091 
15.0000 52.0000 5.0000 2.0000 0.0000 -2.8000 8 1.0000 1.0000 1.7190 12.0000 4.0000 -8.0000 8.0000 -4.0000 0.0000 0.3433 0.1647 0.2293 0.1598 0.3508 1.2480 1.7800 3.2739 
15.0000 42.0000 5.0000 0.0000 0.0000 8.4000 2 -1.0000 1.0000 1.0030 -10.0000 -2.0000 6.0000 -6.0000 10.0000 2.0000 0.2143 0.3604 0.2366 0.2112 0.2373 1.2598 1.7937 3.3190 
15.0000 11.0000 5.0000 -4.0000 0.0000 0.0000 2 -1.0000 0.0000 0.7770 2.0000 -6.0000 -10.0000 -2.0000 -14.0000 6.0000 0.2588 0.2086 0.3471 0.1707 0.2654 1.2506 1.8165 3.3266 
15.0000 68.0000 5.0000 4.0000 0.0000 2.8000 8 1.0000 0.0000 1.4240 -6.0000 6.0000 10.0000 2.0000 14.0000 -2.0000 0.1543 0.3552 0.1630 0.3439 0.2291 1.2455 1.9194 3.4216 
15.0000 65.0000 5.0000 4.0000 0.0000 -5.6000 8 1.0000 1.0000 0.8160 14.0000 2.0000 -2.0000 6.0000 -6.0000 10.0000 0.2257 0.3118 0.1734 0.3607 0.1848 1.2563 1.9864 3.4988 
15.0000 49.0000 5.0000 2.0000 1.0000 8.4000 2 -1.0000 1.0000 0.9550 -4.0000 4.0000 12.0000 0.0000 8.0000 -8.0000 0.2500 0.2500 0.2500 0.2500 0.2500 1.2500 1.7729 3.2758 
15.0000 4.0000 6.0000 -4.0000 1.0000 0.0000 8 1.0000 0.0000 0.6180 6.0000 -6.0000 -14.0000 -2.0000 -10.0000 2.0000 0.2500 0.2500 0.2500 0.2500 0.2500 1.2500 1.9083 3.4093 
15.0000 38.0000 6.0000 0.0000 0.0000 -2.8000 8 1.0000 1.0000 1.4850 -6.0000 2.0000 10.0000 -2.0000 6.0000 -10.0000 0.2758 0.1840 0.3816 0.1618 0.2426 1.2458 1.7570 3.2550 
15.0000 3.0000 6.0000 -4.0000 1.0000 -2.8000 2 -1.0000 0.0000 0.9380 2.0000 -6.0000 -10.0000 -2.0000 -14.0000 6.0000 0.2500 0.2500 0.2500 0.2500 0.2500 1.2500 1.8411 3.3425 
15.0000 12.0000 6.0000 -4.0000 0.0000 2.8000 2 -1.0000 1.0000 1.2300 6.0000 -2.0000 -10.0000 2.0000 -14.0000 -6.0000 0.3580 0.2079 0.3147 0.1746 0.2015 1.2566 1.8492 3.3493 
15.0000 14.0000 6.0000 -4.0000 0.0000 8.4000 8 1.0000 0.0000 1.2400 2.0000 -6.0000 -10.0000 -2.0000 -14.0000 6.0000 0.3212 0.2938 0.2279 0.2584 0.1569 1.2583 1.9468 3.4509 
15.0000 37.0000 6.0000 0.0000 0.0000 -5.6000 2 -1.0000 0.0000 0.8060 6.0000 -2.0000 -6.0000 2.0000 -10.0000 10.0000 0.2629 0.1685 0.2256 0.1844 0.3997 1.2413 1.9017 3.3838 
15.0000 10.0000 6.0000 -4.0000 0.0000 -2.8000 8 1.0000 1.0000 1.2290 2.0000 -6.0000 -14.0000 -2.0000 -10.0000 6.0000 0.1635 0.3539 0.1961 0.2446 0.2820 1.2402 1.9345 3.4163 
15.0000 34.0000 6.0000 0.0000 1.0000 5.6000 2 -1.0000 1.0000 2.1970 -10.0000 -2.0000 10.0000 -6.0000 6.0000 2.0000 0.2500 0.2500 0.2500 0.2500 0.2500 1.2500 1.9366 3.4426 
15.0000 6.0000 6.0000 -4.0000 1.0000 5.6000 2 -1.0000 1.0000 0.6000 -14.0000 -6.0000 6.0000 -10.0000 2.0000 -2.0000 0.2500 0.2500 0.2500 0.2500 0.2500 1.2500 1.7898 3.2925 
15.0000 59.0000 6.0000 4.0000 1.0000 -2.8000 8 1.0000 1.0000 0.6340 -6.0000 6.0000 14.0000 2.0000 10.0000 -2.0000 0.2500 0.2500 0.2500 0.2500 0.2500 1.2500 1.8372 3.3425 
15.0000 54.0000 6.0000 2.0000 0.0000 2.8000 2 -1.0000 1.0000 0.4900 -8.0000 4.0000 8.0000 0.0000 12.0000 -4.0000 0.2944 0.1524 0.2443 0.3492 0.2145 1.2548 1.9720 3.4808 
15.0000 65.0000 6.0000 4.0000 0.0000 -5.6000 2 -1.0000 0.0000 2.1200 -6.0000 2.0000 10.0000 -2.0000 14.0000 6.0000 0.1632 0.2467 0.2095 0.3899 0.2498 1.2590 1.9449 3.4515 
15.0000 8.0000 6.0000 -4.0000 0.0000 -8.4000 8 1.0000 1.0000 0.9890 -14.0000 -6.0000 6.0000 -10.0000 2.0000 -2.0000 0.2803 0.1939 0.1685 0.3942 0.2109 1.2477 1.8124 3.3069 
15.0000 11.0000 6.0000 -4.0000 0.0000 0.0000 2 -1.0000 0.0000 0.9770 -14.0000 -6.0000 6.0000 -10.0000 2.0000 -2.0000 0.1517 0.3121 0.1978 0.3325 0.2535 1.2476 1.8196 3.3235 
15.0000 46.0000 6.0000 2.0000 1.0000 0.0000 2 -1.0000 0.0000 1.2030 -8.0000 0.0000 8.0000 -4.0000 12.0000 4.0000 0.2500 0.2500 0.2500 0.2500 0.2500 1.2500 1.8114 3.3091 
15.0000 51.0000 6.0000 2.0000 0.0000 -5.6000 2 -1.0000 0.0000 1.3580 -4.0000 4.0000 12.0000 0.0000 8.0000 -8.0000 0.2198 0.3417 0.1700 0.2305 0.2840 1.2461 1.9839 3.4720 
15.0000 70.0000 6.0000 4.0000 0.0000 8.4000 2 -1.0000 1.0000 2.7510 10.0000 2.0000 -6.0000 6.0000 -2.0000 14.0000 0.2980 0.2505 0.2761 0.2242 0.1925 1.2413 1.8595 3.3506 
15.0000 5.0000 6.0000 -4.0000 1.0000 2.8000 2 -1.0000 1.0000 1.8060 2.0000 -6.0000 -10.0000 -2.0000 -14.0000 6.0000 0.2500 0.2500 0.2500 0.2500 0.2500 1.2500 1.9488 3.4424 
15.0000 18.0000 6.0000 -2.0000 1.0000 0.0000 8 1.0000 0.0000 0.9500 8.0000 -4.0000 -12.0000 0.0000 -8.0000 4.0000 0.2500 0.2500 0.2500 0.2500 0.2500 1.2500 1.9941 3.5093 
15.0000 52.0000 6.0000 2.0000 0.0000 -2.8000 8 1.0000 1.0000 0.8550 -4.0000 8.0000 12.0000 -8.0000 4.0000 0.0000 0.2016 0.1655 0.2793 0.3191 0.2890 1.2544 1.8483 3.3635 
15.0000 23.0000 6.0000 -2.0000 0.0000 -5.6000 8 1.0000 1.0000 0.9050 -8.0000 0.0000 4.0000 -4.0000 8.0000 -12.0000 0.1695 0.2936 0.2150 0.3713 0.1975 1.2469 1.7639 3.2728 
15.0000 61.0000 6.0000 4.0000 1.0000 2.8000 2 -1.0000 1.0000 0.8960 -2.0000 6.0000 14.0000 2.0000 10.0000 -6.0000 0.2500 0.2500 0.2500 0.2500 0.2500 1.2500 1.9026 3.4093 
15.0000 44.0000 6.0000 2.0000 1.0000 -5.6000 8 1.0000 1.0000 0.5570 -4.0000 4.0000 12.0000 0.0000 8.0000 -8.0000 0.2500 0.2500 0.2500 0.2500 0.2500 1.2500 1.8394 3.3425 
15.0000 39.0000 6.0000 0.0000 0.0000 0.0000 8 1.0000 0.0000 1.0230 6.0000 -6.0000 -10.0000 10.0000 -2.0000 2.0000 0.2710 0.1724 0.3837 0.2017 0.2306 1.2593 1.8448 3.3518 
15.0000 68.0000 6.0000 4.0000 0.0000 2.8000 2 -1.0000 1.0000 0.8500 2.0000 10.0000 14.0000 -6.0000 6.0000 -2.0000 0.3869 0.1994 0.1547 0.2800 0.2254 1.2464 1.9720 3.4724 
15.0000 1.0000 6.0000 -4.0000 1.0000 -8.4000 8 1.0000 1.0000 1.2770 6.0000 -2.0000 -10.0000 2.0000 -14.0000 -6.0000 0.2500 0.2500 0.2500 0.2500 0.2500 1.2500 1.9367 3.4424 
15.0000 66.0000 6.0000 4.0000 0.0000 -2.8000 2 -1.0000 0.0000 1.9330 14.0000 2.0000 -6.0000 6.0000 -2.0000 10.0000 0.2825 0.3294 0.1923 0.2756 0.1671 1.2470 1.9763 3.4731 
15.0000 50.0000 6.0000 2.0000 0.0000 -8.4000 8 1.0000 1.0000 0.7230 8.0000 0.0000 -4.0000 4.0000 -8.0000 12.0000 0.1550 0.3726 0.1707 0.3708 0.1833 1.2524 1.9292 3.4284 
15.0000 33.0000 6.0000 0.0000 1.0000 2.8000 2 -1.0000 1.0000 1.2020 -10.0000 2.0000 6.0000 -2.0000 10.0000 -6.0000 0.2500 0.2500 0.2500 0.2500 0.2500 1.2500 1.9737 3.4759 
15.0000 63.0000 6.0000 4.0000 1.0000 8.4000 2 -1.0000 1.0000 0.9430 2.0000 10.0000 14.0000 -6.0000 6.0000 -2.0000 0.2500 0.2500 0.2500 0.2500 0.2500 1.2500 1.9212 3.4092 
15.0000 20.0000 6.0000 -2.0000 1.0000 5.6000 2 -1.0000 1.0000 0.9600 0.0000 -8.0000 -12.0000 8.0000 -4.0000 4.0000 0.2500 0.2500 0.2500 0.2500 0.2500 1.2500 1.8362 3.3425 
15.0000 55.0000 6.0000 2.0000 0.0000 5.6000 2 -1.0000 1.0000 0.6930 -8.0000 4.0000 8.0000 0.0000 12.0000 -4.0000 0.1551 0.2827 0.2121 0.3954 0.2032 1.2486 1.8120 3.3244 
15.0000 40.0000 6.0000 0.0000 0.0000 2.8000 8 1.0000 0.0000 2.3450 -6.0000 2.0000 10.0000 -2.0000 6.0000 -10.0000 0.2079 0.1703 0.2624 0.3702 0.2408 1.2516 1.9959 3.5109 
15.0000 57.0000 6.0000 4.0000 1.0000 -8.4000 2 -1.0000 0.0000 2.1670 -6.0000 2.0000 10.0000 -2.0000 14.0000 6.0000 0.2500 0.2500 0.2500 0.2500 0.2500 1.2500 1.8997 3.4092 
15.0000 30.0000 6.0000 0.0000 1.0000 -5.6000 8 1.0000 1.0000 1.2860 -6.0000 2.0000 6.0000 -2.0000 10.0000 -10.0000 0.2500 0.2500 0.2500 0.2500 0.2500 1.2500 1.9102 3.4091 
15.0000 24.0000 6.0000 -2.0000 0.0000 -2.8000 8 1.0000 1.0000 0.9900 8.0000 -4.0000 -8.0000 0.0000 -12.0000 4.0000 0.2707 0.2130 0.3140 0.1816 0.2797 1.2590 1.9571 3.4682 
15.0000 35.0000 6.0000 0.0000 1.0000 8.4000 2 -1.0000 1.0000 3.0020 -10.0000 -2.0000 6.0000 -6.0000 10.0000 2.0000 0.2500 0.2500 0.2500 0.2500 0.2500 1.2500 1.7555 3.2591 
15.0000 41.0000 6.0000 0.0000 0.0000 5.6000 2 -1.0000 1.0000 0.9870 -6.0000 6.0000 10.0000 -10.0000 2.0000 -2.0000 0.3152 0.1989 0.2673 0.1934 0.2735 1.2483 1.7992 3.2908 
15.0000 43.0000 6.0000 2.0000 1.0000 -8.4000 8 1.0000 1.0000 1.0010 -8.0000 0.0000 12.0000 -4.0000 8.0000 4.0000 0.2500 0.2500 0.2500 0.2500 0.2500 1.2500 1.7513 3.2424 
15.0000 9.0000 6.0000 -4.0000 0.0000 -5.6000 8 1.0000 1.0000 0.7580 -10.0000 2.0000 6.0000 -14.0000 -2.0000 -6.0000 0.3615 0.1866 0.2733 0.2403 0.1940 1.2557 1.7571 3.2649 
15.0000 27.0000 6.0000 -2.0000 0.0000 5.6000 2 -1.0000 1.0000 1.4090 8.0000 -4.0000 -8.0000 0.0000 -12.0000 4.0000 0.2038 0.3098 0.3890 0.1599 0.1950 1.2576 1.9927 3.5003 
15.0000 17.0000 6.0000 -2.0000 1.0000 -2.8000 8 1.0000 1.0000 1.0010 -12.0000 -4.0000 4.0000 -8.0000 8.0000 0.0000 0.2500 0.2500 0.2500 0.2500 0.2500 1.2500 1.8494 3.3592 
15.0000 47.0000 6.0000 2.0000 1.0000 2.8000 2 -1.0000 1.0000 2.5230 -8.0000 4.0000 8.0000 0.0000 12.0000 -4.0000 0.2500 0.2500 0.2500 0.2500 0.2500 1.2500 1.7550 3.2591 
15.0000 56.0000 6.0000 2.0000 0.0000 8.4000 2 -1.0000 1.0000 1.0460 12.0000 4.0000 -8.0000 8.0000 -4.0000 0.0000 0.1831 0.2998 0.1964 0.3588 0.2132 1.2512 1.8304 3.3437 
15.0000 36.0000 6.0000 0.0000 0.0000 -8.4000 8 1.0000 1.0000 0.9520 -10.0000 2.0000 10.0000 -2.0000 6.0000 -6.0000 0.1983 0.1553 0.2057 0.3790 0.3152 1.2535 1.9287 3.4295 
15.0000 64.0000 6.0000 4.0000 0.0000 -8.4000 2 -1.0000 0.0000 0.6310 14.0000 2.0000 -6.0000 6.0000 -2.0000 10.0000 0.2412 0.3862 0.1801 0.2394 0.1954 1.2423 1.9306 3.4184 
15.0000 16.0000 6.0000 -2.0000 1.0000 -5.6000 8 1.0000 1.0000 1.4650 -8.0000 0.0000 4.0000 -4.0000 8.0000 -12.0000 0.2500 0.2500 0.2500 0.2500 0.2500 1.2500 1.7532 3.2592 
15.0000 49.0000 6.0000 2.0000 1.0000 8.4000 2 -1.0000 1.0000 0.6280 8.0000 -4.0000 -8.0000 12.0000 0.0000 4.0000 0.2500 0.2500 0.2500 0.2500 0.2500 1.2500 1.8881 3.3926 
15.0000 2.0000 6.0000 -4.0000 1.0000 -5.6000 8 1.0000 1.0000 0.9340 2.0000 -6.0000 -14.0000 -2.0000 -10.0000 6.0000 0.2500 0.2500 0.2500 0.2500 0.2500 1.2500 1.9927 3.4927 
15.0000 7.0000 6.0000 -4.0000 1.0000 8.4000 2 -1.0000 1.0000 0.5970 2.0000 -10.0000 -14.0000 6.0000 -6.0000 -2.0000 0.2500 0.2500 0.2500 0.2500 0.2500 1.2500 1.9527 3.4425 
15.0000 22.0000 6.0000 -2.0000 0.0000 -8.4000 8 1.0000 1.0000 1.2110 8.0000 -4.0000 -8.0000 0.0000 -12.0000 4.0000 0.3151 0.2091 0.2482 0.1837 0.2904 1.2464 1.9951 3.4890 
15.0000 53.0000 6.0000 2.0000 0.0000 0.0000 2 -1.0000 0.0000 0.8000 -8.0000 0.0000 12.0000 -4.0000 8.0000 4.0000 0.3679 0.2003 0.2328 0.1744 0.2744 1.2498 1.9126 3.4090 
15.0000 21.0000 6.0000 -2.0000 1.0000 8.4000 2 -1.0000 1.0000 1.2860 -12.0000 0.0000 8.0000 -4.0000 4.0000 -8.0000 0.2500 0.2500 0.2500 0.2500 0.2500 1.2500 1.8959 3.3926 
15.0000 19.0000 6.0000 -2.0000 1.0000 2.8000 2 -1.0000 1.0000 0.6570 4.0000 -4.0000 -12.0000 0.0000 -8.0000 8.0000 0.2500 0.2500 0.2500 0.2500 0.2500 1.2500 1.8349 3.3426 
15.0000 26.0000 6.0000 -2.0000 0.0000 2.8000 8 1.0000 0.0000 1.3670 -8.0000 0.0000 8.0000 -4.0000 4.0000 -12.0000 0.2238 0.1611 0.2805 0.3773 0.1992 1.2419 1.8585 3.3511 
15.0000 31.0000 6.0000 0.0000 1.0000 -2.8000 8 1.0000 1.0000 2.2440 -6.0000 2.0000 6.0000 -2.0000 10.0000 -10.0000 0.2500 0.2500 0.2500 0.2500 0.2500 1.2500 1.9337 3.4426 
15.0000 25.0000 6.0000 -2.0000 0.0000 0.0000 2 -1.0000 0.0000 1.5570 4.0000 -4.0000 -12.0000 0.0000 -8.0000 8.0000 0.2657 0.2220 0.3656 0.2329 0.1677 1.2540 1.9323 3.4464 
15.0000 29.0000 6.0000 0.0000 1.0000 -8.4000 2 -1.0000 0.0000 2.7750 -10.0000 2.0000 10.0000 -2.0000 6.0000 -6.0000 0.2500 0.2500 0.2500 0.2500 0.2500 1.2500 1.8827 3.3927 
15.0000 28.0000 6.0000 -2.0000 0.0000 8.4000 2 -1.0000 1.0000 1.0460 -12.0000 0.0000 8.0000 -4.0000 4.0000 -8.0000 0.3259 0.1748 0.3356 0.2370 0.1856 1.2589 1.8734 3.3848 
15.0000 48.0000 6.0000 2.0000 1.0000 5.6000 2 -1.0000 1.0000 1.1500 -8.0000 4.0000 8.0000 0.0000 12.0000 -4.0000 0.2500 0.2500 0.2500 0.2500 0.2500 1.2500 1.7816 3.2759 
15.0000 67.0000 6.0000 4.0000 0.0000 0.0000 2 -1.0000 0.0000 0.5310 14.0000 6.0000 -2.0000 10.0000 -6.0000 2.0000 0.2585 0.1706 0.2631 0.2246 0.3401 1.2569 1.7877 3.2993 
15.0000 15.0000 6.0000 -2.0000 1.0000 -8.4000 8 1.0000 1.0000 1.7290 -4.0000 4.0000 8.0000 -12.0000 0.0000 -8.0000 0.2500 0.2500 0.2500 0.2500 0.2500 1.2500 1.9392 3.4425 
15.0000 13.0000 6.0000 -4.0000 0.0000 5.6000 2 -1.0000 1.0000 0.6340 6.0000 -2.0000 -14.0000 2.0000 -10.0000 -6.0000 0.1566 0.2223 0.3062 0.1878 0.3867 1.2596 1.9126 3.4189 
15.0000 32.0000 6.0000 0.0000 1.0000 0.0000 2 -1.0000 0.0000 1.4290 -6.0000 6.0000 10.0000 -10.0000 2.0000 -2.0000 0.2500 0.2500 0.2500 0.2500 0.2500 1.2500 1.9671 3.4593 
15.0000 69.0000 6.0000 4.0000 0.0000 5.6000 2 -1.0000 1.0000 0.8700 6.0000 -2.0000 -6.0000 14.0000 2.0000 10.0000 0.2167 0.3628 0.2213 0.1651 0.2845 1.2504 1.7700 3.2764 
15.0000 62.0000 6.0000 4.0000 1.0000 5.6000 2 -1.0000 1.0000 0.5320 2.0000 10.0000 14.0000 -6.0000 6.0000 -2.0000 0.2500 0.2500 0.2500 0.2500 0.2500 1.2500 1.8709 3.3759 
15.0000 45.0000 6.0000 2.0000 1.0000 -2.8000 2 -1.0000 0.0000 1.0090 4.0000 -4.0000 -8.0000 12.0000 0.0000 8.0000 0.2500 0.2500 0.2500 0.2500 0.2500 1.2500 1.9644 3.4760 
15.0000 42.0000 6.0000 0.0000 0.0000 8.4000 2 -1.0000 1.0000 0.5430 10.0000 2.0000 -10.0000 6.0000 -6.0000 -2.0000 0.3201 0.2853 0.1654 0.2880 0.2000 1.2588 1.8193 3.3346 
15.0000 58.0000 6.0000 4.0000 1.0000 -5.6000 2 -1.0000 0.0000 1.1270 10.0000 -2.0000 -6.0000 14.0000 2.0000 6.0000 0.2500 0.2500 0.2500 0.2500 0.2500 1.2500 1.9005 3.4094 
15.0000 60.0000 6.0000 4.0000 1.0000 0.0000 2 -1.0000 0.0000 0.8010 -6.0000 2.0000 10.0000 -2.0000 14.0000 6.0000 0.2500 0.2500 0.2500 0.2500 0.2500 1.2500 1.9077 3.4093 
