subNo index block mean periodicity testLevel pressedKey answer isCorrect rt s1 s2 s3 s4 s5 s6 t1 t2 t3 t4 t5 seqDuration startInterval trialDuration 
16.0000 19.0000 1.0000 -2.0000 1.0000 3.0000 2 1.0000 0.0000 4.1800 -12.0000 -4.0000 8.0000 -8.0000 4.0000 0.0000 0.2500 0.2500 0.2500 0.2500 0.2500 1.2500 1.9692 3.4593 
16.0000 32.0000 1.0000 0.0000 1.0000 0.0000 8 -1.0000 0.0000 2.2250 -6.0000 2.0000 10.0000 -2.0000 6.0000 -10.0000 0.2500 0.2500 0.2500 0.2500 0.2500 1.2500 1.8750 3.3758 
16.0000 68.0000 1.0000 4.0000 0.0000 3.0000 8 -1.0000 1.0000 2.7480 -2.0000 6.0000 10.0000 2.0000 14.0000 -6.0000 0.2467 0.3937 0.2246 0.1515 0.2403 1.2568 1.9436 3.4494 
16.0000 2.0000 1.0000 -4.0000 1.0000 -6.0000 2 1.0000 1.0000 0.9810 -10.0000 -2.0000 6.0000 -6.0000 2.0000 -14.0000 0.2500 0.2500 0.2500 0.2500 0.2500 1.2500 1.8921 3.3925 
16.0000 11.0000 1.0000 -4.0000 0.0000 0.0000 2 1.0000 0.0000 1.8000 6.0000 -6.0000 -14.0000 -2.0000 -10.0000 2.0000 0.2652 0.1716 0.3910 0.2000 0.2298 1.2576 1.9346 3.4501 
16.0000 40.0000 1.0000 0.0000 0.0000 3.0000 2 1.0000 0.0000 2.7130 2.0000 -6.0000 -10.0000 10.0000 -2.0000 6.0000 0.3293 0.1541 0.3079 0.2500 0.2158 1.2571 1.8071 3.3163 
16.0000 61.0000 1.0000 4.0000 1.0000 3.0000 8 -1.0000 1.0000 3.2930 14.0000 2.0000 -2.0000 6.0000 -6.0000 10.0000 0.2500 0.2500 0.2500 0.2500 0.2500 1.2500 1.7837 3.2926 
16.0000 14.0000 1.0000 -4.0000 0.0000 9.0000 8 -1.0000 1.0000 1.2050 -10.0000 -2.0000 6.0000 -6.0000 2.0000 -14.0000 0.3223 0.1857 0.3523 0.2218 0.1633 1.2453 1.9419 3.4379 
16.0000 51.0000 1.0000 2.0000 0.0000 -6.0000 2 1.0000 1.0000 0.8980 -4.0000 4.0000 12.0000 0.0000 8.0000 -8.0000 0.1543 0.3552 0.1630 0.3439 0.2291 1.2455 1.9194 3.4213 
16.0000 21.0000 1.0000 -2.0000 1.0000 9.0000 8 -1.0000 1.0000 1.0980 8.0000 -4.0000 -8.0000 0.0000 -12.0000 4.0000 0.2500 0.2500 0.2500 0.2500 0.2500 1.2500 1.7530 3.2592 
16.0000 7.0000 1.0000 -4.0000 1.0000 9.0000 8 -1.0000 1.0000 0.7580 2.0000 -6.0000 -10.0000 -2.0000 -14.0000 6.0000 0.2500 0.2500 0.2500 0.2500 0.2500 1.2500 1.8484 3.3427 
16.0000 47.0000 1.0000 2.0000 1.0000 3.0000 8 -1.0000 1.0000 2.8450 8.0000 0.0000 -4.0000 4.0000 -8.0000 12.0000 0.2500 0.2500 0.2500 0.2500 0.2500 1.2500 1.9252 3.4260 
16.0000 24.0000 1.0000 -2.0000 0.0000 -3.0000 2 1.0000 1.0000 1.1670 0.0000 -8.0000 -12.0000 8.0000 -4.0000 4.0000 0.2277 0.2637 0.2023 0.3903 0.1706 1.2547 1.7717 3.2638 
16.0000 26.0000 1.0000 -2.0000 0.0000 3.0000 8 -1.0000 1.0000 3.7090 8.0000 -4.0000 -12.0000 0.0000 -8.0000 4.0000 0.2574 0.3664 0.1711 0.2823 0.1687 1.2459 1.9538 3.4384 
16.0000 35.0000 1.0000 0.0000 1.0000 9.0000 8 -1.0000 1.0000 1.2880 -10.0000 2.0000 10.0000 -2.0000 6.0000 -6.0000 0.2500 0.2500 0.2500 0.2500 0.2500 1.2500 1.7881 3.2924 
16.0000 30.0000 1.0000 0.0000 1.0000 -6.0000 2 1.0000 1.0000 0.9360 -10.0000 -2.0000 10.0000 -6.0000 6.0000 2.0000 0.2500 0.2500 0.2500 0.2500 0.2500 1.2500 1.7648 3.2759 
16.0000 34.0000 1.0000 0.0000 1.0000 6.0000 8 -1.0000 1.0000 1.9770 6.0000 -2.0000 -10.0000 2.0000 -6.0000 10.0000 0.2500 0.2500 0.2500 0.2500 0.2500 1.2500 1.8979 3.4091 
16.0000 58.0000 1.0000 4.0000 1.0000 -6.0000 2 1.0000 1.0000 1.8660 -2.0000 6.0000 10.0000 2.0000 14.0000 -6.0000 0.2500 0.2500 0.2500 0.2500 0.2500 1.2500 1.7892 3.2925 
16.0000 22.0000 1.0000 -2.0000 0.0000 -9.0000 2 1.0000 1.0000 1.7100 8.0000 -4.0000 -8.0000 0.0000 -12.0000 4.0000 0.3310 0.1827 0.2683 0.2958 0.1685 1.2463 1.8983 3.3888 
16.0000 9.0000 1.0000 -4.0000 0.0000 -6.0000 2 1.0000 1.0000 1.6690 6.0000 -2.0000 -10.0000 2.0000 -14.0000 -6.0000 0.3217 0.2067 0.3654 0.1997 0.1573 1.2508 1.7788 3.2767 
16.0000 46.0000 1.0000 2.0000 1.0000 0.0000 2 1.0000 0.0000 3.3010 -4.0000 8.0000 12.0000 -8.0000 4.0000 0.0000 0.2500 0.2500 0.2500 0.2500 0.2500 1.2500 1.7541 3.2593 
16.0000 64.0000 1.0000 4.0000 0.0000 -9.0000 2 1.0000 1.0000 0.9680 14.0000 2.0000 -6.0000 6.0000 -2.0000 10.0000 0.2185 0.1785 0.3005 0.3881 0.1618 1.2473 1.8471 3.3398 
16.0000 8.0000 1.0000 -4.0000 0.0000 -9.0000 8 -1.0000 0.0000 2.2200 -6.0000 2.0000 6.0000 -14.0000 -2.0000 -10.0000 0.3216 0.2424 0.3073 0.1749 0.2048 1.2511 1.7905 3.2937 
16.0000 54.0000 1.0000 2.0000 0.0000 3.0000 8 -1.0000 1.0000 1.2590 -4.0000 8.0000 12.0000 -8.0000 4.0000 0.0000 0.3624 0.2395 0.1853 0.2594 0.1982 1.2448 1.8679 3.3540 
16.0000 45.0000 1.0000 2.0000 1.0000 -3.0000 8 -1.0000 0.0000 1.7380 8.0000 0.0000 -4.0000 4.0000 -8.0000 12.0000 0.2500 0.2500 0.2500 0.2500 0.2500 1.2500 1.8111 3.3258 
16.0000 31.0000 1.0000 0.0000 1.0000 -3.0000 2 1.0000 1.0000 0.9740 -6.0000 2.0000 6.0000 -2.0000 10.0000 -10.0000 0.2500 0.2500 0.2500 0.2500 0.2500 1.2500 1.7568 3.2592 
16.0000 6.0000 1.0000 -4.0000 1.0000 6.0000 8 -1.0000 1.0000 1.0230 -6.0000 2.0000 6.0000 -14.0000 -2.0000 -10.0000 0.2500 0.2500 0.2500 0.2500 0.2500 1.2500 1.8617 3.3592 
16.0000 67.0000 1.0000 4.0000 0.0000 0.0000 2 1.0000 0.0000 1.9250 14.0000 6.0000 -2.0000 10.0000 -6.0000 2.0000 0.1882 0.1523 0.3527 0.3836 0.1714 1.2481 1.9121 3.4073 
16.0000 50.0000 1.0000 2.0000 0.0000 -9.0000 2 1.0000 1.0000 0.8910 -8.0000 0.0000 8.0000 -4.0000 12.0000 4.0000 0.1734 0.3331 0.2094 0.3262 0.2084 1.2505 1.9007 3.4097 
16.0000 28.0000 1.0000 -2.0000 0.0000 9.0000 8 -1.0000 1.0000 1.1560 8.0000 0.0000 -12.0000 4.0000 -8.0000 -4.0000 0.1781 0.3645 0.3102 0.1756 0.2247 1.2531 1.9414 3.4457 
16.0000 13.0000 1.0000 -4.0000 0.0000 6.0000 8 -1.0000 1.0000 3.8020 -14.0000 -6.0000 2.0000 -10.0000 6.0000 -2.0000 0.2280 0.3284 0.1671 0.3427 0.1808 1.2470 1.9427 3.4396 
16.0000 65.0000 1.0000 4.0000 0.0000 -6.0000 2 1.0000 1.0000 2.8230 -6.0000 6.0000 14.0000 2.0000 10.0000 -2.0000 0.2796 0.1525 0.3280 0.2289 0.2639 1.2530 1.9428 3.4456 
16.0000 29.0000 1.0000 0.0000 1.0000 -9.0000 2 1.0000 1.0000 0.8980 10.0000 -2.0000 -6.0000 2.0000 -10.0000 6.0000 0.2500 0.2500 0.2500 0.2500 0.2500 1.2500 1.9295 3.4259 
16.0000 53.0000 1.0000 2.0000 0.0000 0.0000 2 1.0000 0.0000 1.7060 -4.0000 8.0000 12.0000 -8.0000 4.0000 0.0000 0.1501 0.3433 0.1678 0.3397 0.2581 1.2591 1.9787 3.4850 
16.0000 25.0000 1.0000 -2.0000 0.0000 0.0000 2 1.0000 0.0000 1.2480 -12.0000 0.0000 4.0000 -4.0000 8.0000 -8.0000 0.2150 0.3565 0.2453 0.1589 0.2643 1.2400 1.7933 3.2826 
16.0000 59.0000 1.0000 4.0000 1.0000 -3.0000 2 1.0000 1.0000 1.3920 -2.0000 10.0000 14.0000 -6.0000 6.0000 2.0000 0.2500 0.2500 0.2500 0.2500 0.2500 1.2500 1.9700 3.4760 
16.0000 55.0000 1.0000 2.0000 0.0000 6.0000 8 -1.0000 1.0000 1.4100 12.0000 4.0000 -4.0000 8.0000 -8.0000 0.0000 0.2193 0.3721 0.1755 0.3206 0.1710 1.2585 1.9495 3.4678 
16.0000 41.0000 1.0000 0.0000 0.0000 6.0000 8 -1.0000 1.0000 1.5150 -6.0000 2.0000 10.0000 -2.0000 6.0000 -10.0000 0.3041 0.1896 0.2183 0.3266 0.2084 1.2470 1.8338 3.3395 
16.0000 69.0000 1.0000 4.0000 0.0000 6.0000 8 -1.0000 1.0000 1.2010 -2.0000 6.0000 10.0000 2.0000 14.0000 -6.0000 0.2954 0.1558 0.3544 0.1730 0.2645 1.2431 1.9529 3.4524 
16.0000 36.0000 1.0000 0.0000 0.0000 -9.0000 2 1.0000 1.0000 0.8730 2.0000 -6.0000 -10.0000 10.0000 -2.0000 6.0000 0.1956 0.2535 0.3257 0.2623 0.2118 1.2489 1.8923 3.3915 
16.0000 52.0000 1.0000 2.0000 0.0000 -3.0000 8 -1.0000 0.0000 2.3120 0.0000 8.0000 12.0000 -8.0000 4.0000 -4.0000 0.3306 0.1747 0.3261 0.1731 0.2542 1.2587 1.9819 3.4847 
16.0000 23.0000 1.0000 -2.0000 0.0000 -6.0000 2 1.0000 1.0000 1.1150 -8.0000 0.0000 8.0000 -4.0000 4.0000 -12.0000 0.2471 0.3944 0.1863 0.2699 0.1579 1.2558 1.8206 3.3316 
16.0000 63.0000 1.0000 4.0000 1.0000 9.0000 8 -1.0000 1.0000 1.4060 -6.0000 6.0000 14.0000 2.0000 10.0000 -2.0000 0.2500 0.2500 0.2500 0.2500 0.2500 1.2500 1.8537 3.3593 
16.0000 56.0000 1.0000 2.0000 0.0000 9.0000 8 -1.0000 1.0000 3.4220 8.0000 0.0000 -8.0000 4.0000 -4.0000 12.0000 0.2328 0.1692 0.2742 0.2450 0.3323 1.2535 1.8761 3.3795 
16.0000 66.0000 1.0000 4.0000 0.0000 -3.0000 2 1.0000 1.0000 3.5270 14.0000 2.0000 -6.0000 6.0000 -2.0000 10.0000 0.2064 0.1548 0.3342 0.2944 0.2579 1.2478 1.8170 3.3069 
16.0000 43.0000 1.0000 2.0000 1.0000 -9.0000 2 1.0000 1.0000 1.2670 -8.0000 4.0000 8.0000 0.0000 12.0000 -4.0000 0.2500 0.2500 0.2500 0.2500 0.2500 1.2500 1.7735 3.2759 
16.0000 57.0000 1.0000 4.0000 1.0000 -9.0000 2 1.0000 1.0000 1.4740 2.0000 10.0000 14.0000 -6.0000 6.0000 -2.0000 0.2500 0.2500 0.2500 0.2500 0.2500 1.2500 1.9688 3.4760 
16.0000 15.0000 1.0000 -2.0000 1.0000 -9.0000 8 -1.0000 0.0000 1.4060 -12.0000 -4.0000 8.0000 -8.0000 4.0000 0.0000 0.2500 0.2500 0.2500 0.2500 0.2500 1.2500 1.8779 3.3758 
16.0000 27.0000 1.0000 -2.0000 0.0000 6.0000 8 -1.0000 1.0000 2.8160 8.0000 -4.0000 -8.0000 0.0000 -12.0000 4.0000 0.3468 0.1933 0.2322 0.2969 0.1822 1.2514 1.9481 3.4607 
16.0000 37.0000 1.0000 0.0000 0.0000 -6.0000 2 1.0000 1.0000 0.9660 -10.0000 2.0000 6.0000 -2.0000 10.0000 -6.0000 0.2802 0.2324 0.1637 0.3813 0.1869 1.2445 1.8332 3.3372 
16.0000 20.0000 1.0000 -2.0000 1.0000 6.0000 8 -1.0000 1.0000 2.5370 -8.0000 0.0000 4.0000 -4.0000 8.0000 -12.0000 0.2500 0.2500 0.2500 0.2500 0.2500 1.2500 1.8053 3.3091 
16.0000 5.0000 1.0000 -4.0000 1.0000 3.0000 2 1.0000 0.0000 2.6100 6.0000 -2.0000 -10.0000 2.0000 -14.0000 -6.0000 0.2500 0.2500 0.2500 0.2500 0.2500 1.2500 1.9050 3.4092 
16.0000 16.0000 1.0000 -2.0000 1.0000 -6.0000 2 1.0000 1.0000 0.9070 8.0000 0.0000 -8.0000 4.0000 -12.0000 -4.0000 0.2500 0.2500 0.2500 0.2500 0.2500 1.2500 1.9870 3.4758 
16.0000 3.0000 1.0000 -4.0000 1.0000 -3.0000 2 1.0000 1.0000 0.9830 -14.0000 -2.0000 2.0000 -6.0000 6.0000 -10.0000 0.2500 0.2500 0.2500 0.2500 0.2500 1.2500 1.8498 3.3425 
16.0000 62.0000 1.0000 4.0000 1.0000 6.0000 8 -1.0000 1.0000 1.5200 -6.0000 2.0000 14.0000 -2.0000 10.0000 6.0000 0.2500 0.2500 0.2500 0.2500 0.2500 1.2500 1.8708 3.3592 
16.0000 39.0000 1.0000 0.0000 0.0000 0.0000 2 1.0000 0.0000 3.5920 6.0000 -2.0000 -10.0000 2.0000 -6.0000 10.0000 0.2314 0.1786 0.3213 0.1521 0.3640 1.2474 1.9169 3.4066 
16.0000 70.0000 1.0000 4.0000 0.0000 9.0000 8 -1.0000 1.0000 1.0920 -6.0000 2.0000 10.0000 -2.0000 14.0000 6.0000 0.1956 0.3341 0.2523 0.1945 0.2669 1.2435 1.9327 3.4362 
16.0000 33.0000 1.0000 0.0000 1.0000 3.0000 2 1.0000 0.0000 3.4550 -6.0000 6.0000 10.0000 -10.0000 2.0000 -2.0000 0.2500 0.2500 0.2500 0.2500 0.2500 1.2500 1.8972 3.4093 
16.0000 12.0000 1.0000 -4.0000 0.0000 3.0000 8 -1.0000 1.0000 1.5120 -2.0000 -10.0000 -14.0000 6.0000 -6.0000 2.0000 0.2171 0.2426 0.1843 0.3504 0.2624 1.2567 1.8579 3.3659 
16.0000 4.0000 1.0000 -4.0000 1.0000 0.0000 2 1.0000 0.0000 2.2820 6.0000 -2.0000 -14.0000 2.0000 -10.0000 -6.0000 0.2500 0.2500 0.2500 0.2500 0.2500 1.2500 1.8725 3.3760 
16.0000 44.0000 1.0000 2.0000 1.0000 -6.0000 2 1.0000 1.0000 1.0590 8.0000 0.0000 -4.0000 4.0000 -8.0000 12.0000 0.2500 0.2500 0.2500 0.2500 0.2500 1.2500 1.9803 3.4759 
16.0000 49.0000 1.0000 2.0000 1.0000 9.0000 8 -1.0000 1.0000 0.9060 12.0000 0.0000 -4.0000 4.0000 -8.0000 8.0000 0.2500 0.2500 0.2500 0.2500 0.2500 1.2500 1.9781 3.4761 
16.0000 1.0000 1.0000 -4.0000 1.0000 -9.0000 2 1.0000 1.0000 1.1740 6.0000 -2.0000 -14.0000 2.0000 -10.0000 -6.0000 0.2500 0.2500 0.2500 0.2500 0.2500 1.2500 1.8413 3.3426 
16.0000 60.0000 1.0000 4.0000 1.0000 0.0000 2 1.0000 0.0000 2.6920 -6.0000 6.0000 14.0000 2.0000 10.0000 -2.0000 0.2500 0.2500 0.2500 0.2500 0.2500 1.2500 1.7624 3.2592 
16.0000 42.0000 1.0000 0.0000 0.0000 9.0000 8 -1.0000 1.0000 1.1630 10.0000 2.0000 -10.0000 6.0000 -6.0000 -2.0000 0.2207 0.2981 0.1619 0.3268 0.2470 1.2545 1.7984 3.2970 
16.0000 48.0000 1.0000 2.0000 1.0000 6.0000 8 -1.0000 1.0000 2.6290 8.0000 -4.0000 -8.0000 12.0000 0.0000 4.0000 0.2500 0.2500 0.2500 0.2500 0.2500 1.2500 1.8711 3.3593 
16.0000 38.0000 1.0000 0.0000 0.0000 -3.0000 2 1.0000 1.0000 1.8410 10.0000 2.0000 -10.0000 6.0000 -6.0000 -2.0000 0.2596 0.3568 0.1928 0.2556 0.1888 1.2536 1.8522 3.3629 
16.0000 10.0000 1.0000 -4.0000 0.0000 -3.0000 2 1.0000 1.0000 1.0800 -14.0000 -6.0000 6.0000 -10.0000 2.0000 -2.0000 0.3447 0.2600 0.1608 0.2872 0.1946 1.2473 1.8222 3.3232 
16.0000 17.0000 1.0000 -2.0000 1.0000 -3.0000 2 1.0000 1.0000 1.9280 -8.0000 4.0000 8.0000 -12.0000 0.0000 -4.0000 0.2500 0.2500 0.2500 0.2500 0.2500 1.2500 1.9795 3.4925 
16.0000 18.0000 1.0000 -2.0000 1.0000 0.0000 8 -1.0000 0.0000 4.5880 -8.0000 0.0000 8.0000 -4.0000 4.0000 -12.0000 0.2500 0.2500 0.2500 0.2500 0.2500 1.2500 1.9629 3.4594 
16.0000 55.0000 2.0000 2.0000 0.0000 6.0000 8 -1.0000 1.0000 1.3290 -8.0000 4.0000 12.0000 0.0000 8.0000 -4.0000 0.2659 0.2974 0.2723 0.1530 0.2651 1.2537 1.8948 3.3963 
16.0000 47.0000 2.0000 2.0000 1.0000 3.0000 8 -1.0000 1.0000 1.3550 12.0000 0.0000 -8.0000 4.0000 -4.0000 8.0000 0.2500 0.2500 0.2500 0.2500 0.2500 1.2500 1.8542 3.3592 
16.0000 22.0000 2.0000 -2.0000 0.0000 -9.0000 2 1.0000 1.0000 0.9560 -12.0000 -4.0000 4.0000 -8.0000 8.0000 0.0000 0.2751 0.1823 0.3863 0.1598 0.2410 1.2444 1.8858 3.3702 
16.0000 10.0000 2.0000 -4.0000 0.0000 -3.0000 2 1.0000 1.0000 1.0430 -10.0000 -2.0000 6.0000 -6.0000 2.0000 -14.0000 0.2387 0.2117 0.2471 0.3715 0.1842 1.2532 1.7630 3.2624 
16.0000 60.0000 2.0000 4.0000 1.0000 0.0000 2 1.0000 0.0000 2.2470 14.0000 6.0000 -6.0000 10.0000 -2.0000 2.0000 0.2500 0.2500 0.2500 0.2500 0.2500 1.2500 1.9356 3.4259 
16.0000 1.0000 2.0000 -4.0000 1.0000 -9.0000 2 1.0000 1.0000 1.2980 2.0000 -10.0000 -14.0000 6.0000 -6.0000 -2.0000 0.2500 0.2500 0.2500 0.2500 0.2500 1.2500 1.9670 3.4594 
16.0000 26.0000 2.0000 -2.0000 0.0000 3.0000 2 1.0000 0.0000 3.1240 -4.0000 4.0000 8.0000 -12.0000 0.0000 -8.0000 0.1587 0.1919 0.3795 0.2089 0.3181 1.2571 1.8293 3.3498 
16.0000 12.0000 2.0000 -4.0000 0.0000 3.0000 2 1.0000 0.0000 3.5220 -14.0000 -6.0000 2.0000 -10.0000 6.0000 -2.0000 0.2811 0.1912 0.3060 0.2738 0.1913 1.2434 1.9701 3.4694 
16.0000 25.0000 2.0000 -2.0000 0.0000 0.0000 2 1.0000 0.0000 3.3660 4.0000 -4.0000 -8.0000 0.0000 -12.0000 8.0000 0.2005 0.1746 0.2344 0.3040 0.3318 1.2454 1.9674 3.4712 
16.0000 24.0000 2.0000 -2.0000 0.0000 -3.0000 2 1.0000 1.0000 1.1850 8.0000 -4.0000 -8.0000 0.0000 -12.0000 4.0000 0.1576 0.3901 0.1502 0.3617 0.1808 1.2403 1.7655 3.2661 
16.0000 21.0000 2.0000 -2.0000 1.0000 9.0000 8 -1.0000 1.0000 1.1510 -4.0000 4.0000 8.0000 -12.0000 0.0000 -8.0000 0.2500 0.2500 0.2500 0.2500 0.2500 1.2500 1.9188 3.4259 
16.0000 69.0000 2.0000 4.0000 0.0000 6.0000 8 -1.0000 1.0000 0.8260 -6.0000 2.0000 10.0000 -2.0000 14.0000 6.0000 0.3398 0.1964 0.2879 0.1786 0.2402 1.2429 1.8561 3.3522 
16.0000 70.0000 2.0000 4.0000 0.0000 9.0000 8 -1.0000 1.0000 0.8280 14.0000 6.0000 -6.0000 10.0000 -2.0000 2.0000 0.1732 0.3059 0.1654 0.2310 0.3667 1.2422 1.9448 3.4347 
16.0000 67.0000 2.0000 4.0000 0.0000 0.0000 2 1.0000 0.0000 2.6480 14.0000 2.0000 -2.0000 6.0000 -6.0000 10.0000 0.2339 0.2967 0.2035 0.2781 0.2299 1.2419 1.9600 3.4511 
16.0000 46.0000 2.0000 2.0000 1.0000 0.0000 2 1.0000 0.0000 2.8070 8.0000 0.0000 -8.0000 4.0000 -4.0000 12.0000 0.2500 0.2500 0.2500 0.2500 0.2500 1.2500 1.8316 3.3258 
16.0000 48.0000 2.0000 2.0000 1.0000 6.0000 8 -1.0000 1.0000 1.9500 -8.0000 0.0000 12.0000 -4.0000 8.0000 4.0000 0.2500 0.2500 0.2500 0.2500 0.2500 1.2500 1.8618 3.3593 
16.0000 30.0000 2.0000 0.0000 1.0000 -6.0000 2 1.0000 1.0000 0.9830 -10.0000 -2.0000 10.0000 -6.0000 6.0000 2.0000 0.2500 0.2500 0.2500 0.2500 0.2500 1.2500 1.7979 3.3092 
16.0000 43.0000 2.0000 2.0000 1.0000 -9.0000 8 -1.0000 0.0000 3.9870 -4.0000 4.0000 12.0000 0.0000 8.0000 -8.0000 0.2500 0.2500 0.2500 0.2500 0.2500 1.2500 1.7649 3.2758 
16.0000 11.0000 2.0000 -4.0000 0.0000 0.0000 8 -1.0000 0.0000 2.2870 -14.0000 -6.0000 6.0000 -10.0000 2.0000 -2.0000 0.2727 0.1957 0.2726 0.2997 0.1995 1.2402 1.9190 3.4161 
16.0000 18.0000 2.0000 -2.0000 1.0000 0.0000 2 1.0000 0.0000 3.3040 -4.0000 4.0000 8.0000 -12.0000 0.0000 -8.0000 0.2500 0.2500 0.2500 0.2500 0.2500 1.2500 1.7681 3.2758 
16.0000 50.0000 2.0000 2.0000 0.0000 -9.0000 2 1.0000 1.0000 1.1820 -4.0000 4.0000 12.0000 0.0000 8.0000 -8.0000 0.2037 0.2958 0.3703 0.2228 0.1615 1.2541 1.9767 3.4799 
16.0000 4.0000 2.0000 -4.0000 1.0000 0.0000 2 1.0000 0.0000 2.6520 6.0000 -2.0000 -10.0000 2.0000 -14.0000 -6.0000 0.2500 0.2500 0.2500 0.2500 0.2500 1.2500 1.8975 3.3926 
16.0000 29.0000 2.0000 0.0000 1.0000 -9.0000 2 1.0000 1.0000 1.3860 -10.0000 -2.0000 6.0000 -6.0000 10.0000 2.0000 0.2500 0.2500 0.2500 0.2500 0.2500 1.2500 1.8435 3.3425 
16.0000 32.0000 2.0000 0.0000 1.0000 0.0000 8 -1.0000 0.0000 2.3960 10.0000 2.0000 -10.0000 6.0000 -6.0000 -2.0000 0.2500 0.2500 0.2500 0.2500 0.2500 1.2500 1.7888 3.2925 
16.0000 15.0000 2.0000 -2.0000 1.0000 -9.0000 2 1.0000 1.0000 1.3200 8.0000 -4.0000 -12.0000 0.0000 -8.0000 4.0000 0.2500 0.2500 0.2500 0.2500 0.2500 1.2500 1.7634 3.2593 
16.0000 23.0000 2.0000 -2.0000 0.0000 -6.0000 2 1.0000 1.0000 1.7560 -12.0000 0.0000 8.0000 -4.0000 4.0000 -8.0000 0.2904 0.2011 0.2511 0.1660 0.3457 1.2543 1.8279 3.3301 
16.0000 56.0000 2.0000 2.0000 0.0000 9.0000 8 -1.0000 1.0000 1.3910 -4.0000 4.0000 8.0000 0.0000 12.0000 -8.0000 0.1847 0.2317 0.3056 0.3453 0.1828 1.2501 1.9963 3.5095 
16.0000 28.0000 2.0000 -2.0000 0.0000 9.0000 8 -1.0000 1.0000 0.8170 4.0000 -4.0000 -8.0000 0.0000 -12.0000 8.0000 0.1761 0.2315 0.3665 0.1511 0.3236 1.2487 1.9730 3.4748 
16.0000 65.0000 2.0000 4.0000 0.0000 -6.0000 2 1.0000 1.0000 1.9550 -6.0000 6.0000 14.0000 2.0000 10.0000 -2.0000 0.1803 0.2078 0.2485 0.2931 0.3229 1.2527 1.9559 3.4618 
16.0000 52.0000 2.0000 2.0000 0.0000 -3.0000 2 1.0000 1.0000 1.2240 12.0000 4.0000 -4.0000 8.0000 -8.0000 0.0000 0.2164 0.1616 0.3077 0.1776 0.3877 1.2511 1.7510 3.2602 
16.0000 5.0000 2.0000 -4.0000 1.0000 3.0000 2 1.0000 0.0000 1.8670 6.0000 -2.0000 -10.0000 2.0000 -14.0000 -6.0000 0.2500 0.2500 0.2500 0.2500 0.2500 1.2500 1.9787 3.4759 
16.0000 13.0000 2.0000 -4.0000 0.0000 6.0000 8 -1.0000 1.0000 2.3320 2.0000 -10.0000 -14.0000 6.0000 -6.0000 -2.0000 0.3166 0.1763 0.2029 0.2451 0.3181 1.2590 1.8861 3.4016 
16.0000 61.0000 2.0000 4.0000 1.0000 3.0000 8 -1.0000 1.0000 2.4590 -6.0000 6.0000 10.0000 2.0000 14.0000 -2.0000 0.2500 0.2500 0.2500 0.2500 0.2500 1.2500 1.9543 3.4592 
16.0000 53.0000 2.0000 2.0000 0.0000 0.0000 2 1.0000 0.0000 0.9310 8.0000 0.0000 -8.0000 4.0000 -4.0000 12.0000 0.1855 0.2651 0.1876 0.3843 0.2245 1.2469 1.7803 3.2728 
16.0000 59.0000 2.0000 4.0000 1.0000 -3.0000 2 1.0000 1.0000 1.1610 -6.0000 2.0000 10.0000 -2.0000 14.0000 6.0000 0.2500 0.2500 0.2500 0.2500 0.2500 1.2500 1.7638 3.2592 
16.0000 42.0000 2.0000 0.0000 0.0000 9.0000 8 -1.0000 1.0000 1.0160 -6.0000 2.0000 10.0000 -2.0000 6.0000 -10.0000 0.1815 0.3623 0.1530 0.3957 0.1526 1.2451 1.9681 3.4543 
16.0000 27.0000 2.0000 -2.0000 0.0000 6.0000 8 -1.0000 1.0000 1.1420 4.0000 -4.0000 -12.0000 0.0000 -8.0000 8.0000 0.3693 0.1570 0.2233 0.1710 0.3384 1.2590 1.8694 3.3681 
16.0000 58.0000 2.0000 4.0000 1.0000 -6.0000 2 1.0000 1.0000 0.8050 10.0000 -2.0000 -6.0000 14.0000 2.0000 6.0000 0.2500 0.2500 0.2500 0.2500 0.2500 1.2500 1.8887 3.3927 
16.0000 16.0000 2.0000 -2.0000 1.0000 -6.0000 2 1.0000 1.0000 0.7600 8.0000 -4.0000 -12.0000 0.0000 -8.0000 4.0000 0.2500 0.2500 0.2500 0.2500 0.2500 1.2500 1.9596 3.4593 
16.0000 7.0000 2.0000 -4.0000 1.0000 9.0000 8 -1.0000 1.0000 1.0350 -10.0000 2.0000 6.0000 -14.0000 -2.0000 -6.0000 0.2500 0.2500 0.2500 0.2500 0.2500 1.2500 1.8069 3.3091 
16.0000 2.0000 2.0000 -4.0000 1.0000 -6.0000 2 1.0000 1.0000 0.7650 2.0000 -6.0000 -10.0000 -2.0000 -14.0000 6.0000 0.2500 0.2500 0.2500 0.2500 0.2500 1.2500 1.8168 3.3258 
16.0000 54.0000 2.0000 2.0000 0.0000 3.0000 8 -1.0000 1.0000 1.5200 -4.0000 8.0000 12.0000 -8.0000 4.0000 0.0000 0.1585 0.2525 0.3823 0.1529 0.3105 1.2567 1.7896 3.2991 
16.0000 8.0000 2.0000 -4.0000 0.0000 -9.0000 2 1.0000 1.0000 0.7020 2.0000 -6.0000 -10.0000 -2.0000 -14.0000 6.0000 0.2679 0.3291 0.2754 0.2240 0.1617 1.2582 1.9185 3.4341 
16.0000 34.0000 2.0000 0.0000 1.0000 6.0000 8 -1.0000 1.0000 1.2900 6.0000 -6.0000 -10.0000 10.0000 -2.0000 2.0000 0.2500 0.2500 0.2500 0.2500 0.2500 1.2500 1.8906 3.3926 
16.0000 68.0000 2.0000 4.0000 0.0000 3.0000 8 -1.0000 1.0000 0.9130 14.0000 6.0000 -6.0000 10.0000 -2.0000 2.0000 0.2067 0.3310 0.1652 0.3060 0.2417 1.2505 1.9499 3.4433 
16.0000 20.0000 2.0000 -2.0000 1.0000 6.0000 8 -1.0000 1.0000 0.9170 -12.0000 0.0000 8.0000 -4.0000 4.0000 -8.0000 0.2500 0.2500 0.2500 0.2500 0.2500 1.2500 1.8450 3.3427 
16.0000 51.0000 2.0000 2.0000 0.0000 -6.0000 2 1.0000 1.0000 0.8010 8.0000 0.0000 -4.0000 4.0000 -8.0000 12.0000 0.1591 0.1946 0.2365 0.2806 0.3718 1.2425 1.8681 3.3518 
16.0000 3.0000 2.0000 -4.0000 1.0000 -3.0000 2 1.0000 1.0000 1.3140 -14.0000 -6.0000 6.0000 -10.0000 2.0000 -2.0000 0.2500 0.2500 0.2500 0.2500 0.2500 1.2500 1.8644 3.3593 
16.0000 41.0000 2.0000 0.0000 0.0000 6.0000 8 -1.0000 1.0000 0.7780 10.0000 -2.0000 -6.0000 2.0000 -10.0000 6.0000 0.2797 0.3938 0.1765 0.2338 0.1710 1.2549 1.7504 3.2474 
16.0000 37.0000 2.0000 0.0000 0.0000 -6.0000 2 1.0000 1.0000 0.8460 -10.0000 2.0000 6.0000 -2.0000 10.0000 -6.0000 0.2273 0.2682 0.1871 0.2185 0.3396 1.2407 1.7570 3.2499 
16.0000 63.0000 2.0000 4.0000 1.0000 9.0000 8 -1.0000 1.0000 1.0430 14.0000 6.0000 -6.0000 10.0000 -2.0000 2.0000 0.2500 0.2500 0.2500 0.2500 0.2500 1.2500 1.8424 3.3424 
16.0000 64.0000 2.0000 4.0000 0.0000 -9.0000 2 1.0000 1.0000 1.2990 -6.0000 2.0000 10.0000 -2.0000 14.0000 6.0000 0.1564 0.2642 0.1960 0.2971 0.3443 1.2581 1.8213 3.3338 
16.0000 62.0000 2.0000 4.0000 1.0000 6.0000 8 -1.0000 1.0000 1.0720 14.0000 2.0000 -2.0000 6.0000 -6.0000 10.0000 0.2500 0.2500 0.2500 0.2500 0.2500 1.2500 1.9934 3.4925 
16.0000 36.0000 2.0000 0.0000 0.0000 -9.0000 2 1.0000 1.0000 1.1440 -6.0000 6.0000 10.0000 -10.0000 2.0000 -2.0000 0.2095 0.1518 0.2294 0.3914 0.2626 1.2447 1.7981 3.2871 
16.0000 66.0000 2.0000 4.0000 0.0000 -3.0000 2 1.0000 1.0000 2.2060 14.0000 6.0000 -2.0000 10.0000 -6.0000 2.0000 0.3117 0.2749 0.3160 0.1600 0.1857 1.2483 1.9728 3.4742 
16.0000 14.0000 2.0000 -4.0000 0.0000 9.0000 8 -1.0000 1.0000 2.0850 -14.0000 -2.0000 2.0000 -6.0000 6.0000 -10.0000 0.3079 0.3344 0.2475 0.1702 0.1959 1.2558 1.8559 3.3650 
16.0000 38.0000 2.0000 0.0000 0.0000 -3.0000 2 1.0000 1.0000 0.9170 10.0000 2.0000 -10.0000 6.0000 -6.0000 -2.0000 0.3349 0.2056 0.1529 0.3223 0.2281 1.2439 1.9263 3.4197 
16.0000 31.0000 2.0000 0.0000 1.0000 -3.0000 2 1.0000 1.0000 0.7900 -6.0000 2.0000 6.0000 -2.0000 10.0000 -10.0000 0.2500 0.2500 0.2500 0.2500 0.2500 1.2500 1.9285 3.4259 
16.0000 33.0000 2.0000 0.0000 1.0000 3.0000 8 -1.0000 1.0000 2.8130 -10.0000 2.0000 10.0000 -2.0000 6.0000 -6.0000 0.2500 0.2500 0.2500 0.2500 0.2500 1.2500 1.8782 3.3759 
16.0000 49.0000 2.0000 2.0000 1.0000 9.0000 8 -1.0000 1.0000 0.8250 -8.0000 0.0000 12.0000 -4.0000 8.0000 4.0000 0.2500 0.2500 0.2500 0.2500 0.2500 1.2500 1.9843 3.4759 
16.0000 40.0000 2.0000 0.0000 0.0000 3.0000 8 -1.0000 1.0000 0.9620 -6.0000 2.0000 6.0000 -2.0000 10.0000 -10.0000 0.1915 0.2874 0.3698 0.2398 0.1561 1.2446 1.9814 3.4872 
16.0000 35.0000 2.0000 0.0000 1.0000 9.0000 8 -1.0000 1.0000 1.0070 10.0000 -2.0000 -10.0000 2.0000 -6.0000 6.0000 0.2500 0.2500 0.2500 0.2500 0.2500 1.2500 1.9436 3.4427 
16.0000 17.0000 2.0000 -2.0000 1.0000 -3.0000 8 -1.0000 0.0000 3.4980 0.0000 -8.0000 -12.0000 8.0000 -4.0000 4.0000 0.2500 0.2500 0.2500 0.2500 0.2500 1.2500 1.9525 3.4592 
16.0000 57.0000 2.0000 4.0000 1.0000 -9.0000 2 1.0000 1.0000 1.6160 10.0000 2.0000 -2.0000 6.0000 -6.0000 14.0000 0.2500 0.2500 0.2500 0.2500 0.2500 1.2500 1.7885 3.2925 
16.0000 44.0000 2.0000 2.0000 1.0000 -6.0000 2 1.0000 1.0000 1.6340 8.0000 0.0000 -4.0000 4.0000 -8.0000 12.0000 0.2500 0.2500 0.2500 0.2500 0.2500 1.2500 1.9746 3.4760 
16.0000 19.0000 2.0000 -2.0000 1.0000 3.0000 8 -1.0000 1.0000 1.7830 4.0000 -4.0000 -12.0000 0.0000 -8.0000 8.0000 0.2500 0.2500 0.2500 0.2500 0.2500 1.2500 1.8573 3.3593 
16.0000 6.0000 2.0000 -4.0000 1.0000 6.0000 2 1.0000 0.0000 1.8040 6.0000 -6.0000 -10.0000 -2.0000 -14.0000 2.0000 0.2500 0.2500 0.2500 0.2500 0.2500 1.2500 1.9549 3.4593 
16.0000 45.0000 2.0000 2.0000 1.0000 -3.0000 8 -1.0000 0.0000 2.7730 12.0000 0.0000 -8.0000 4.0000 -4.0000 8.0000 0.2500 0.2500 0.2500 0.2500 0.2500 1.2500 1.8336 3.3258 
16.0000 39.0000 2.0000 0.0000 0.0000 0.0000 2 1.0000 0.0000 3.5920 10.0000 -2.0000 -10.0000 2.0000 -6.0000 6.0000 0.2478 0.1721 0.2559 0.3465 0.2241 1.2463 1.7880 3.2722 
16.0000 9.0000 2.0000 -4.0000 0.0000 -6.0000 2 1.0000 1.0000 1.4240 -14.0000 -2.0000 6.0000 -6.0000 2.0000 -10.0000 0.2825 0.2076 0.3132 0.1837 0.2677 1.2548 1.8386 3.3306 
16.0000 68.0000 3.0000 4.0000 0.0000 3.0000 8 -1.0000 1.0000 1.1050 10.0000 2.0000 -6.0000 6.0000 -2.0000 14.0000 0.1864 0.3653 0.1806 0.3677 0.1501 1.2502 1.8788 3.3762 
16.0000 4.0000 3.0000 -4.0000 1.0000 0.0000 2 1.0000 0.0000 1.2350 -10.0000 2.0000 6.0000 -14.0000 -2.0000 -6.0000 0.2500 0.2500 0.2500 0.2500 0.2500 1.2500 1.8994 3.3926 
16.0000 57.0000 3.0000 4.0000 1.0000 -9.0000 2 1.0000 1.0000 0.8210 -6.0000 6.0000 10.0000 2.0000 14.0000 -2.0000 0.2500 0.2500 0.2500 0.2500 0.2500 1.2500 1.9363 3.4426 
16.0000 66.0000 3.0000 4.0000 0.0000 -3.0000 2 1.0000 1.0000 0.7480 14.0000 2.0000 -2.0000 6.0000 -6.0000 10.0000 0.3354 0.2557 0.2159 0.2446 0.2074 1.2590 1.8617 3.3681 
16.0000 28.0000 3.0000 -2.0000 0.0000 9.0000 8 -1.0000 1.0000 1.0030 0.0000 -8.0000 -12.0000 8.0000 -4.0000 4.0000 0.1819 0.3751 0.2250 0.2792 0.1929 1.2540 1.9982 3.4965 
16.0000 44.0000 3.0000 2.0000 1.0000 -6.0000 2 1.0000 1.0000 1.0750 12.0000 0.0000 -4.0000 4.0000 -8.0000 8.0000 0.2500 0.2500 0.2500 0.2500 0.2500 1.2500 1.8261 3.3258 
16.0000 36.0000 3.0000 0.0000 0.0000 -9.0000 2 1.0000 1.0000 0.8850 -10.0000 2.0000 6.0000 -2.0000 10.0000 -6.0000 0.1700 0.2570 0.1725 0.3465 0.2991 1.2451 1.9567 3.4378 
16.0000 16.0000 3.0000 -2.0000 1.0000 -6.0000 2 1.0000 1.0000 1.2910 4.0000 -4.0000 -8.0000 0.0000 -12.0000 8.0000 0.2500 0.2500 0.2500 0.2500 0.2500 1.2500 1.7779 3.2925 
16.0000 29.0000 3.0000 0.0000 1.0000 -9.0000 2 1.0000 1.0000 0.7440 6.0000 -6.0000 -10.0000 10.0000 -2.0000 2.0000 0.2500 0.2500 0.2500 0.2500 0.2500 1.2500 1.9799 3.4927 
16.0000 60.0000 3.0000 4.0000 1.0000 0.0000 8 -1.0000 0.0000 1.1410 -2.0000 6.0000 14.0000 2.0000 10.0000 -6.0000 0.2500 0.2500 0.2500 0.2500 0.2500 1.2500 1.9578 3.4592 
16.0000 55.0000 3.0000 2.0000 0.0000 6.0000 8 -1.0000 1.0000 0.7930 -8.0000 4.0000 12.0000 0.0000 8.0000 -4.0000 0.2419 0.3032 0.1595 0.1950 0.3415 1.2412 1.8483 3.3505 
16.0000 7.0000 3.0000 -4.0000 1.0000 9.0000 8 -1.0000 1.0000 0.7590 2.0000 -6.0000 -14.0000 -2.0000 -10.0000 6.0000 0.2500 0.2500 0.2500 0.2500 0.2500 1.2500 1.8839 3.3926 
16.0000 23.0000 3.0000 -2.0000 0.0000 -6.0000 2 1.0000 1.0000 0.7820 4.0000 -4.0000 -12.0000 0.0000 -8.0000 8.0000 0.1790 0.2796 0.3700 0.2482 0.1757 1.2524 1.8795 3.3783 
16.0000 9.0000 3.0000 -4.0000 0.0000 -6.0000 2 1.0000 1.0000 1.0750 6.0000 -6.0000 -10.0000 -2.0000 -14.0000 2.0000 0.2677 0.3065 0.2403 0.1596 0.2818 1.2559 1.7653 3.2651 
16.0000 42.0000 3.0000 0.0000 0.0000 9.0000 8 -1.0000 1.0000 0.9000 -6.0000 2.0000 6.0000 -2.0000 10.0000 -10.0000 0.3059 0.2084 0.2493 0.1550 0.3352 1.2538 1.9565 3.4629 
16.0000 1.0000 3.0000 -4.0000 1.0000 -9.0000 2 1.0000 1.0000 2.7850 -6.0000 2.0000 6.0000 -14.0000 -2.0000 -10.0000 0.2500 0.2500 0.2500 0.2500 0.2500 1.2500 1.8480 3.3426 
16.0000 3.0000 3.0000 -4.0000 1.0000 -3.0000 2 1.0000 1.0000 0.9510 6.0000 -2.0000 -10.0000 2.0000 -14.0000 -6.0000 0.2500 0.2500 0.2500 0.2500 0.2500 1.2500 1.8810 3.3760 
16.0000 21.0000 3.0000 -2.0000 1.0000 9.0000 8 -1.0000 1.0000 0.6500 8.0000 -4.0000 -8.0000 0.0000 -12.0000 4.0000 0.2500 0.2500 0.2500 0.2500 0.2500 1.2500 1.8602 3.3591 
16.0000 49.0000 3.0000 2.0000 1.0000 9.0000 8 -1.0000 1.0000 0.6900 -4.0000 8.0000 12.0000 -8.0000 4.0000 0.0000 0.2500 0.2500 0.2500 0.2500 0.2500 1.2500 1.8140 3.3093 
16.0000 58.0000 3.0000 4.0000 1.0000 -6.0000 2 1.0000 1.0000 0.9110 2.0000 10.0000 14.0000 -6.0000 6.0000 -2.0000 0.2500 0.2500 0.2500 0.2500 0.2500 1.2500 1.9960 3.5092 
16.0000 67.0000 3.0000 4.0000 0.0000 0.0000 2 1.0000 0.0000 2.2480 2.0000 10.0000 14.0000 -6.0000 6.0000 -2.0000 0.3322 0.2023 0.2304 0.3041 0.1752 1.2442 1.8895 3.3867 
16.0000 31.0000 3.0000 0.0000 1.0000 -3.0000 2 1.0000 1.0000 0.7260 10.0000 -2.0000 -6.0000 2.0000 -10.0000 6.0000 0.2500 0.2500 0.2500 0.2500 0.2500 1.2500 1.8007 3.3093 
16.0000 41.0000 3.0000 0.0000 0.0000 6.0000 8 -1.0000 1.0000 1.0200 10.0000 -2.0000 -6.0000 2.0000 -10.0000 6.0000 0.2319 0.2822 0.1727 0.2566 0.3007 1.2441 1.9695 3.4701 
16.0000 25.0000 3.0000 -2.0000 0.0000 0.0000 8 -1.0000 0.0000 3.5160 -8.0000 4.0000 8.0000 -12.0000 0.0000 -4.0000 0.2497 0.2882 0.1896 0.3516 0.1677 1.2469 1.8446 3.3394 
16.0000 61.0000 3.0000 4.0000 1.0000 3.0000 8 -1.0000 1.0000 0.7990 -6.0000 2.0000 14.0000 -2.0000 10.0000 6.0000 0.2500 0.2500 0.2500 0.2500 0.2500 1.2500 1.8664 3.3592 
16.0000 17.0000 3.0000 -2.0000 1.0000 -3.0000 2 1.0000 1.0000 0.8420 8.0000 0.0000 -8.0000 4.0000 -12.0000 -4.0000 0.2500 0.2500 0.2500 0.2500 0.2500 1.2500 1.9440 3.4426 
16.0000 20.0000 3.0000 -2.0000 1.0000 6.0000 8 -1.0000 1.0000 1.1350 8.0000 -4.0000 -8.0000 0.0000 -12.0000 4.0000 0.2500 0.2500 0.2500 0.2500 0.2500 1.2500 1.8961 3.3924 
16.0000 69.0000 3.0000 4.0000 0.0000 6.0000 8 -1.0000 1.0000 1.3740 -2.0000 10.0000 14.0000 -6.0000 6.0000 2.0000 0.2821 0.2034 0.3380 0.1694 0.2629 1.2558 1.7858 3.2815 
16.0000 63.0000 3.0000 4.0000 1.0000 9.0000 8 -1.0000 1.0000 0.6160 -6.0000 2.0000 10.0000 -2.0000 14.0000 6.0000 0.2500 0.2500 0.2500 0.2500 0.2500 1.2500 1.8060 3.2925 
16.0000 33.0000 3.0000 0.0000 1.0000 3.0000 8 -1.0000 1.0000 1.6040 6.0000 -6.0000 -10.0000 10.0000 -2.0000 2.0000 0.2500 0.2500 0.2500 0.2500 0.2500 1.2500 1.9547 3.4426 
16.0000 43.0000 3.0000 2.0000 1.0000 -9.0000 2 1.0000 1.0000 0.5270 12.0000 0.0000 -8.0000 4.0000 -4.0000 8.0000 0.2500 0.2500 0.2500 0.2500 0.2500 1.2500 1.9985 3.5093 
16.0000 50.0000 3.0000 2.0000 0.0000 -9.0000 2 1.0000 1.0000 1.2230 -4.0000 8.0000 12.0000 -8.0000 4.0000 0.0000 0.2145 0.2920 0.2079 0.1544 0.3747 1.2435 1.8958 3.4026 
16.0000 26.0000 3.0000 -2.0000 0.0000 3.0000 2 1.0000 0.0000 2.1370 8.0000 0.0000 -12.0000 4.0000 -8.0000 -4.0000 0.3663 0.1587 0.3167 0.1675 0.2456 1.2548 1.9056 3.4140 
16.0000 19.0000 3.0000 -2.0000 1.0000 3.0000 2 1.0000 0.0000 1.7930 8.0000 0.0000 -12.0000 4.0000 -8.0000 -4.0000 0.2500 0.2500 0.2500 0.2500 0.2500 1.2500 1.9399 3.4426 
16.0000 46.0000 3.0000 2.0000 1.0000 0.0000 8 -1.0000 0.0000 2.1130 12.0000 0.0000 -4.0000 4.0000 -8.0000 8.0000 0.2500 0.2500 0.2500 0.2500 0.2500 1.2500 1.8085 3.3092 
16.0000 34.0000 3.0000 0.0000 1.0000 6.0000 8 -1.0000 1.0000 0.6310 6.0000 -6.0000 -10.0000 10.0000 -2.0000 2.0000 0.2500 0.2500 0.2500 0.2500 0.2500 1.2500 1.8102 3.3092 
16.0000 51.0000 3.0000 2.0000 0.0000 -6.0000 2 1.0000 1.0000 0.8880 8.0000 0.0000 -4.0000 4.0000 -8.0000 12.0000 0.2888 0.1732 0.2217 0.1837 0.3859 1.2532 1.9674 3.4626 
16.0000 54.0000 3.0000 2.0000 0.0000 3.0000 8 -1.0000 1.0000 1.5680 -8.0000 4.0000 12.0000 0.0000 8.0000 -4.0000 0.1722 0.2705 0.3625 0.2718 0.1717 1.2487 1.9638 3.4581 
16.0000 45.0000 3.0000 2.0000 1.0000 -3.0000 2 1.0000 1.0000 1.1940 12.0000 0.0000 -4.0000 4.0000 -8.0000 8.0000 0.2500 0.2500 0.2500 0.2500 0.2500 1.2500 1.8774 3.3758 
16.0000 22.0000 3.0000 -2.0000 0.0000 -9.0000 2 1.0000 1.0000 1.0750 -12.0000 -4.0000 4.0000 -8.0000 8.0000 0.0000 0.1716 0.2916 0.3482 0.1778 0.2646 1.2538 1.8209 3.3131 
16.0000 62.0000 3.0000 4.0000 1.0000 6.0000 8 -1.0000 1.0000 2.0700 6.0000 -2.0000 -6.0000 14.0000 2.0000 10.0000 0.2500 0.2500 0.2500 0.2500 0.2500 1.2500 1.9191 3.4093 
16.0000 2.0000 3.0000 -4.0000 1.0000 -6.0000 2 1.0000 1.0000 0.7090 2.0000 -6.0000 -10.0000 -2.0000 -14.0000 6.0000 0.2500 0.2500 0.2500 0.2500 0.2500 1.2500 1.8211 3.3260 
16.0000 64.0000 3.0000 4.0000 0.0000 -9.0000 2 1.0000 1.0000 0.7830 10.0000 -2.0000 -6.0000 14.0000 2.0000 6.0000 0.3293 0.2165 0.2523 0.2009 0.2470 1.2459 1.8804 3.3886 
16.0000 13.0000 3.0000 -4.0000 0.0000 6.0000 8 -1.0000 1.0000 1.9820 6.0000 -2.0000 -10.0000 2.0000 -14.0000 -6.0000 0.1935 0.3010 0.3481 0.2496 0.1536 1.2458 1.8641 3.3718 
16.0000 15.0000 3.0000 -2.0000 1.0000 -9.0000 2 1.0000 1.0000 0.6710 8.0000 -4.0000 -12.0000 0.0000 -8.0000 4.0000 0.2500 0.2500 0.2500 0.2500 0.2500 1.2500 1.9951 3.4927 
16.0000 37.0000 3.0000 0.0000 0.0000 -6.0000 2 1.0000 1.0000 0.9190 6.0000 -2.0000 -10.0000 2.0000 -6.0000 10.0000 0.3194 0.1748 0.3367 0.1736 0.2530 1.2575 1.9722 3.4834 
16.0000 32.0000 3.0000 0.0000 1.0000 0.0000 2 1.0000 0.0000 2.9030 -2.0000 6.0000 10.0000 -10.0000 2.0000 -6.0000 0.2500 0.2500 0.2500 0.2500 0.2500 1.2500 1.7728 3.2758 
16.0000 24.0000 3.0000 -2.0000 0.0000 -3.0000 2 1.0000 1.0000 0.6860 0.0000 -8.0000 -12.0000 8.0000 -4.0000 4.0000 0.2935 0.2071 0.3095 0.2312 0.1996 1.2408 1.9180 3.4002 
16.0000 11.0000 3.0000 -4.0000 0.0000 0.0000 2 1.0000 0.0000 3.0560 -14.0000 -2.0000 6.0000 -6.0000 2.0000 -10.0000 0.3093 0.1909 0.2808 0.1888 0.2820 1.2519 1.9823 3.4779 
16.0000 35.0000 3.0000 0.0000 1.0000 9.0000 8 -1.0000 1.0000 0.9020 6.0000 -6.0000 -10.0000 10.0000 -2.0000 2.0000 0.2500 0.2500 0.2500 0.2500 0.2500 1.2500 1.8067 3.3093 
16.0000 40.0000 3.0000 0.0000 0.0000 3.0000 8 -1.0000 1.0000 2.9360 -6.0000 6.0000 10.0000 -10.0000 2.0000 -2.0000 0.2175 0.1804 0.2469 0.2779 0.3265 1.2492 1.8949 3.3919 
16.0000 56.0000 3.0000 2.0000 0.0000 9.0000 8 -1.0000 1.0000 1.0630 8.0000 0.0000 -4.0000 4.0000 -8.0000 12.0000 0.2360 0.1764 0.3657 0.2985 0.1657 1.2423 1.7507 3.2347 
16.0000 18.0000 3.0000 -2.0000 1.0000 0.0000 2 1.0000 0.0000 2.5910 -8.0000 0.0000 4.0000 -4.0000 8.0000 -12.0000 0.2500 0.2500 0.2500 0.2500 0.2500 1.2500 1.7698 3.2760 
16.0000 70.0000 3.0000 4.0000 0.0000 9.0000 8 -1.0000 1.0000 1.5200 10.0000 -2.0000 -6.0000 14.0000 2.0000 6.0000 0.2234 0.2951 0.1789 0.2582 0.2951 1.2508 1.7879 3.2934 
16.0000 65.0000 3.0000 4.0000 0.0000 -6.0000 2 1.0000 1.0000 1.8750 -2.0000 10.0000 14.0000 -6.0000 6.0000 2.0000 0.1501 0.2482 0.3065 0.2572 0.2915 1.2534 1.8145 3.3292 
16.0000 48.0000 3.0000 2.0000 1.0000 6.0000 8 -1.0000 1.0000 2.0900 -8.0000 0.0000 8.0000 -4.0000 12.0000 4.0000 0.2500 0.2500 0.2500 0.2500 0.2500 1.2500 1.9691 3.4760 
16.0000 14.0000 3.0000 -4.0000 0.0000 9.0000 8 -1.0000 1.0000 0.5430 2.0000 -10.0000 -14.0000 6.0000 -6.0000 -2.0000 0.1797 0.3853 0.2773 0.2258 0.1755 1.2436 1.8635 3.3527 
16.0000 30.0000 3.0000 0.0000 1.0000 -6.0000 2 1.0000 1.0000 0.5590 -6.0000 2.0000 10.0000 -2.0000 6.0000 -10.0000 0.2500 0.2500 0.2500 0.2500 0.2500 1.2500 1.9371 3.4425 
16.0000 27.0000 3.0000 -2.0000 0.0000 6.0000 8 -1.0000 1.0000 1.0280 4.0000 -4.0000 -12.0000 0.0000 -8.0000 8.0000 0.3384 0.1888 0.2637 0.2045 0.2451 1.2406 1.9191 3.4166 
16.0000 59.0000 3.0000 4.0000 1.0000 -3.0000 2 1.0000 1.0000 1.5480 -6.0000 6.0000 10.0000 2.0000 14.0000 -2.0000 0.2500 0.2500 0.2500 0.2500 0.2500 1.2500 1.7925 3.2927 
16.0000 8.0000 3.0000 -4.0000 0.0000 -9.0000 2 1.0000 1.0000 1.0060 -10.0000 2.0000 6.0000 -14.0000 -2.0000 -6.0000 0.2435 0.1898 0.3139 0.2749 0.2307 1.2529 1.8648 3.3620 
16.0000 38.0000 3.0000 0.0000 0.0000 -3.0000 2 1.0000 1.0000 2.0270 -10.0000 2.0000 6.0000 -2.0000 10.0000 -6.0000 0.2172 0.3528 0.2899 0.2164 0.1729 1.2493 1.9461 3.4420 
16.0000 5.0000 3.0000 -4.0000 1.0000 3.0000 2 1.0000 0.0000 1.7730 2.0000 -6.0000 -10.0000 -2.0000 -14.0000 6.0000 0.2500 0.2500 0.2500 0.2500 0.2500 1.2500 1.7808 3.2757 
16.0000 12.0000 3.0000 -4.0000 0.0000 3.0000 2 1.0000 0.0000 1.8190 6.0000 -2.0000 -10.0000 2.0000 -14.0000 -6.0000 0.2899 0.2236 0.1610 0.2441 0.3349 1.2536 1.8852 3.3962 
16.0000 39.0000 3.0000 0.0000 0.0000 0.0000 2 1.0000 0.0000 1.7380 -6.0000 2.0000 6.0000 -2.0000 10.0000 -10.0000 0.3723 0.1650 0.3046 0.2370 0.1728 1.2518 1.8212 3.3277 
16.0000 53.0000 3.0000 2.0000 0.0000 0.0000 2 1.0000 0.0000 4.1690 8.0000 0.0000 -4.0000 4.0000 -8.0000 12.0000 0.1549 0.2410 0.3159 0.2908 0.2573 1.2599 1.8884 3.4025 
16.0000 47.0000 3.0000 2.0000 1.0000 3.0000 8 -1.0000 1.0000 0.8610 12.0000 4.0000 -4.0000 8.0000 -8.0000 0.0000 0.2500 0.2500 0.2500 0.2500 0.2500 1.2500 1.9633 3.4592 
16.0000 52.0000 3.0000 2.0000 0.0000 -3.0000 2 1.0000 1.0000 1.2840 12.0000 4.0000 -4.0000 8.0000 -8.0000 0.0000 0.1776 0.1513 0.2887 0.3465 0.2836 1.2477 1.8166 3.3236 
16.0000 10.0000 3.0000 -4.0000 0.0000 -3.0000 2 1.0000 1.0000 0.7610 -10.0000 -2.0000 2.0000 -6.0000 6.0000 -14.0000 0.3480 0.1794 0.2170 0.2880 0.2110 1.2434 1.8470 3.3359 
16.0000 6.0000 3.0000 -4.0000 1.0000 6.0000 8 -1.0000 1.0000 3.5790 -10.0000 -2.0000 6.0000 -6.0000 2.0000 -14.0000 0.2500 0.2500 0.2500 0.2500 0.2500 1.2500 1.8523 3.3426 
16.0000 57.0000 4.0000 4.0000 1.0000 -9.0000 2 1.0000 1.0000 1.1080 10.0000 2.0000 -6.0000 6.0000 -2.0000 14.0000 0.2500 0.2500 0.2500 0.2500 0.2500 1.2500 1.7569 3.2591 
16.0000 69.0000 4.0000 4.0000 0.0000 6.0000 8 -1.0000 1.0000 1.6180 -6.0000 6.0000 10.0000 2.0000 14.0000 -2.0000 0.2275 0.1614 0.2856 0.3689 0.1995 1.2429 1.8413 3.3354 
16.0000 13.0000 4.0000 -4.0000 0.0000 6.0000 8 -1.0000 1.0000 2.6510 -10.0000 2.0000 6.0000 -14.0000 -2.0000 -6.0000 0.3492 0.1924 0.2681 0.1900 0.2415 1.2412 1.8220 3.3004 
16.0000 39.0000 4.0000 0.0000 0.0000 0.0000 8 -1.0000 0.0000 4.7280 -10.0000 -2.0000 10.0000 -6.0000 6.0000 2.0000 0.1806 0.2611 0.1727 0.2367 0.3999 1.2510 1.8507 3.3602 
16.0000 55.0000 4.0000 2.0000 0.0000 6.0000 8 -1.0000 1.0000 0.8620 0.0000 8.0000 12.0000 -8.0000 4.0000 -4.0000 0.1739 0.2680 0.3887 0.2556 0.1606 1.2468 1.9118 3.4062 
16.0000 42.0000 4.0000 0.0000 0.0000 9.0000 8 -1.0000 1.0000 0.5940 -6.0000 2.0000 6.0000 -2.0000 10.0000 -10.0000 0.2746 0.2247 0.1974 0.3510 0.2049 1.2526 1.9217 3.4285 
16.0000 16.0000 4.0000 -2.0000 1.0000 -6.0000 2 1.0000 1.0000 0.8140 4.0000 -8.0000 -12.0000 8.0000 -4.0000 0.0000 0.2500 0.2500 0.2500 0.2500 0.2500 1.2500 1.9603 3.4594 
16.0000 24.0000 4.0000 -2.0000 0.0000 -3.0000 2 1.0000 1.0000 0.9900 4.0000 -8.0000 -12.0000 8.0000 -4.0000 0.0000 0.2070 0.1671 0.3456 0.2039 0.3170 1.2407 1.8001 3.2999 
16.0000 22.0000 4.0000 -2.0000 0.0000 -9.0000 2 1.0000 1.0000 0.9040 8.0000 -4.0000 -8.0000 0.0000 -12.0000 4.0000 0.3347 0.2011 0.2865 0.1872 0.2369 1.2464 1.8022 3.3056 
16.0000 34.0000 4.0000 0.0000 1.0000 6.0000 8 -1.0000 1.0000 1.2510 -6.0000 6.0000 10.0000 -10.0000 2.0000 -2.0000 0.2500 0.2500 0.2500 0.2500 0.2500 1.2500 1.8990 3.3925 
16.0000 61.0000 4.0000 4.0000 1.0000 3.0000 8 -1.0000 1.0000 1.2110 14.0000 6.0000 -6.0000 10.0000 -2.0000 2.0000 0.2500 0.2500 0.2500 0.2500 0.2500 1.2500 1.9804 3.4760 
16.0000 38.0000 4.0000 0.0000 0.0000 -3.0000 2 1.0000 1.0000 1.4060 -10.0000 -2.0000 10.0000 -6.0000 6.0000 2.0000 0.1788 0.2548 0.2077 0.2713 0.3392 1.2519 1.7812 3.2776 
16.0000 18.0000 4.0000 -2.0000 1.0000 0.0000 2 1.0000 0.0000 1.0320 -8.0000 0.0000 4.0000 -4.0000 8.0000 -12.0000 0.2500 0.2500 0.2500 0.2500 0.2500 1.2500 1.7757 3.2758 
16.0000 70.0000 4.0000 4.0000 0.0000 9.0000 8 -1.0000 1.0000 0.7950 -6.0000 2.0000 10.0000 -2.0000 14.0000 6.0000 0.1883 0.3777 0.1631 0.3082 0.2048 1.2420 1.9765 3.4681 
16.0000 63.0000 4.0000 4.0000 1.0000 9.0000 8 -1.0000 1.0000 0.4020 -6.0000 6.0000 10.0000 2.0000 14.0000 -2.0000 0.2500 0.2500 0.2500 0.2500 0.2500 1.2500 1.9125 3.4259 
16.0000 56.0000 4.0000 2.0000 0.0000 9.0000 8 -1.0000 1.0000 0.5370 8.0000 0.0000 -8.0000 4.0000 -4.0000 12.0000 0.1740 0.3758 0.1967 0.2882 0.2145 1.2492 1.8531 3.3585 
16.0000 4.0000 4.0000 -4.0000 1.0000 0.0000 2 1.0000 0.0000 1.4550 6.0000 -6.0000 -10.0000 -2.0000 -14.0000 2.0000 0.2500 0.2500 0.2500 0.2500 0.2500 1.2500 1.9370 3.4427 
16.0000 44.0000 4.0000 2.0000 1.0000 -6.0000 2 1.0000 1.0000 1.6860 12.0000 0.0000 -8.0000 4.0000 -4.0000 8.0000 0.2500 0.2500 0.2500 0.2500 0.2500 1.2500 1.7723 3.2759 
16.0000 67.0000 4.0000 4.0000 0.0000 0.0000 2 1.0000 0.0000 1.5330 10.0000 -2.0000 -6.0000 14.0000 2.0000 6.0000 0.2150 0.3675 0.2766 0.2078 0.1783 1.2451 1.9951 3.4876 
16.0000 12.0000 4.0000 -4.0000 0.0000 3.0000 2 1.0000 0.0000 1.9160 -2.0000 -10.0000 -14.0000 6.0000 -6.0000 2.0000 0.1785 0.3344 0.1522 0.3712 0.2066 1.2428 1.9676 3.4687 
16.0000 19.0000 4.0000 -2.0000 1.0000 3.0000 8 -1.0000 1.0000 1.5270 0.0000 -8.0000 -12.0000 8.0000 -4.0000 4.0000 0.2500 0.2500 0.2500 0.2500 0.2500 1.2500 1.9954 3.4927 
16.0000 7.0000 4.0000 -4.0000 1.0000 9.0000 8 -1.0000 1.0000 0.6020 6.0000 -2.0000 -14.0000 2.0000 -10.0000 -6.0000 0.2500 0.2500 0.2500 0.2500 0.2500 1.2500 1.8971 3.3925 
16.0000 21.0000 4.0000 -2.0000 1.0000 9.0000 8 -1.0000 1.0000 0.5370 -8.0000 0.0000 4.0000 -4.0000 8.0000 -12.0000 0.2500 0.2500 0.2500 0.2500 0.2500 1.2500 1.8845 3.3759 
16.0000 10.0000 4.0000 -4.0000 0.0000 -3.0000 2 1.0000 1.0000 0.7470 -10.0000 -2.0000 6.0000 -6.0000 2.0000 -14.0000 0.2305 0.1659 0.3318 0.2345 0.2828 1.2455 1.8852 3.3714 
16.0000 27.0000 4.0000 -2.0000 0.0000 6.0000 8 -1.0000 1.0000 1.6810 -12.0000 0.0000 4.0000 -4.0000 8.0000 -8.0000 0.1797 0.3763 0.2060 0.1684 0.3274 1.2578 1.9915 3.5005 
16.0000 26.0000 4.0000 -2.0000 0.0000 3.0000 2 1.0000 0.0000 1.2920 8.0000 -4.0000 -8.0000 0.0000 -12.0000 4.0000 0.2845 0.2465 0.2888 0.2432 0.1776 1.2406 1.8839 3.3664 
16.0000 35.0000 4.0000 0.0000 1.0000 9.0000 8 -1.0000 1.0000 0.6840 -10.0000 2.0000 10.0000 -2.0000 6.0000 -6.0000 0.2500 0.2500 0.2500 0.2500 0.2500 1.2500 1.9428 3.4592 
16.0000 8.0000 4.0000 -4.0000 0.0000 -9.0000 2 1.0000 1.0000 0.6660 -14.0000 -2.0000 2.0000 -6.0000 6.0000 -10.0000 0.2465 0.3668 0.1767 0.2505 0.2185 1.2591 1.7576 3.2683 
16.0000 68.0000 4.0000 4.0000 0.0000 3.0000 8 -1.0000 1.0000 0.9330 -6.0000 2.0000 10.0000 -2.0000 14.0000 6.0000 0.2270 0.1523 0.3355 0.2885 0.2499 1.2533 1.9348 3.4457 
16.0000 23.0000 4.0000 -2.0000 0.0000 -6.0000 2 1.0000 1.0000 3.3250 -8.0000 4.0000 8.0000 -12.0000 0.0000 -4.0000 0.2933 0.2217 0.2916 0.1879 0.2561 1.2505 1.9055 3.4096 
16.0000 59.0000 4.0000 4.0000 1.0000 -3.0000 2 1.0000 1.0000 2.8340 14.0000 2.0000 -6.0000 6.0000 -2.0000 10.0000 0.2500 0.2500 0.2500 0.2500 0.2500 1.2500 1.9895 3.4925 
16.0000 46.0000 4.0000 2.0000 1.0000 0.0000 8 -1.0000 0.0000 3.2790 12.0000 4.0000 -4.0000 8.0000 -8.0000 0.0000 0.2500 0.2500 0.2500 0.2500 0.2500 1.2500 1.8476 3.3425 
16.0000 30.0000 4.0000 0.0000 1.0000 -6.0000 2 1.0000 1.0000 3.0040 -2.0000 6.0000 10.0000 -10.0000 2.0000 -6.0000 0.2500 0.2500 0.2500 0.2500 0.2500 1.2500 1.9915 3.4926 
16.0000 41.0000 4.0000 0.0000 0.0000 6.0000 8 -1.0000 1.0000 1.1500 -10.0000 2.0000 10.0000 -2.0000 6.0000 -6.0000 0.2208 0.3378 0.3098 0.1661 0.2230 1.2576 1.7761 3.2833 
16.0000 9.0000 4.0000 -4.0000 0.0000 -6.0000 2 1.0000 1.0000 2.4500 -10.0000 -2.0000 6.0000 -6.0000 2.0000 -14.0000 0.2491 0.3016 0.2143 0.2632 0.2121 1.2403 1.8303 3.3161 
16.0000 1.0000 4.0000 -4.0000 1.0000 -9.0000 2 1.0000 1.0000 0.7870 -10.0000 2.0000 6.0000 -14.0000 -2.0000 -6.0000 0.2500 0.2500 0.2500 0.2500 0.2500 1.2500 1.7911 3.2757 
16.0000 45.0000 4.0000 2.0000 1.0000 -3.0000 2 1.0000 1.0000 1.9180 -8.0000 0.0000 12.0000 -4.0000 8.0000 4.0000 0.2500 0.2500 0.2500 0.2500 0.2500 1.2500 1.9589 3.4593 
16.0000 6.0000 4.0000 -4.0000 1.0000 6.0000 8 -1.0000 1.0000 1.4750 -2.0000 -10.0000 -14.0000 6.0000 -6.0000 2.0000 0.2500 0.2500 0.2500 0.2500 0.2500 1.2500 1.8227 3.3258 
16.0000 11.0000 4.0000 -4.0000 0.0000 0.0000 2 1.0000 0.0000 0.8290 6.0000 -2.0000 -10.0000 2.0000 -14.0000 -6.0000 0.1979 0.3125 0.2564 0.3254 0.1663 1.2585 1.9054 3.4178 
16.0000 28.0000 4.0000 -2.0000 0.0000 9.0000 8 -1.0000 1.0000 0.8330 -12.0000 0.0000 4.0000 -4.0000 8.0000 -8.0000 0.3469 0.1653 0.3539 0.2159 0.1613 1.2433 1.9237 3.4194 
16.0000 40.0000 4.0000 0.0000 0.0000 3.0000 8 -1.0000 1.0000 1.3640 -10.0000 2.0000 10.0000 -2.0000 6.0000 -6.0000 0.2135 0.1576 0.2751 0.3448 0.2614 1.2525 1.9422 3.4451 
16.0000 50.0000 4.0000 2.0000 0.0000 -9.0000 2 1.0000 1.0000 1.2140 -4.0000 4.0000 8.0000 0.0000 12.0000 -8.0000 0.1935 0.2720 0.1526 0.3770 0.2618 1.2569 1.9858 3.4995 
16.0000 66.0000 4.0000 4.0000 0.0000 -3.0000 2 1.0000 1.0000 0.9660 -6.0000 6.0000 10.0000 2.0000 14.0000 -2.0000 0.1807 0.3493 0.2194 0.2768 0.2241 1.2503 1.8686 3.3762 
16.0000 17.0000 4.0000 -2.0000 1.0000 -3.0000 2 1.0000 1.0000 0.7280 8.0000 0.0000 -12.0000 4.0000 -8.0000 -4.0000 0.2500 0.2500 0.2500 0.2500 0.2500 1.2500 1.8239 3.3259 
16.0000 20.0000 4.0000 -2.0000 1.0000 6.0000 8 -1.0000 1.0000 3.6900 8.0000 0.0000 -8.0000 4.0000 -12.0000 -4.0000 0.2500 0.2500 0.2500 0.2500 0.2500 1.2500 1.8703 3.3592 
16.0000 3.0000 4.0000 -4.0000 1.0000 -3.0000 2 1.0000 1.0000 2.2560 -10.0000 2.0000 6.0000 -14.0000 -2.0000 -6.0000 0.2500 0.2500 0.2500 0.2500 0.2500 1.2500 1.7767 3.2758 
16.0000 47.0000 4.0000 2.0000 1.0000 3.0000 2 1.0000 0.0000 2.3040 8.0000 -4.0000 -8.0000 12.0000 0.0000 4.0000 0.2500 0.2500 0.2500 0.2500 0.2500 1.2500 1.9943 3.4926 
16.0000 51.0000 4.0000 2.0000 0.0000 -6.0000 2 1.0000 1.0000 0.7680 8.0000 -4.0000 -8.0000 12.0000 0.0000 4.0000 0.2333 0.1507 0.2279 0.2981 0.3362 1.2461 1.9179 3.4220 
16.0000 54.0000 4.0000 2.0000 0.0000 3.0000 2 1.0000 0.0000 2.1340 12.0000 0.0000 -8.0000 4.0000 -4.0000 8.0000 0.3158 0.3535 0.1518 0.2294 0.1992 1.2497 1.9056 3.4089 
16.0000 15.0000 4.0000 -2.0000 1.0000 -9.0000 2 1.0000 1.0000 1.1190 8.0000 -4.0000 -8.0000 0.0000 -12.0000 4.0000 0.2500 0.2500 0.2500 0.2500 0.2500 1.2500 1.8960 3.4092 
16.0000 43.0000 4.0000 2.0000 1.0000 -9.0000 2 1.0000 1.0000 0.7970 4.0000 -4.0000 -8.0000 12.0000 0.0000 8.0000 0.2500 0.2500 0.2500 0.2500 0.2500 1.2500 1.9697 3.4759 
16.0000 49.0000 4.0000 2.0000 1.0000 9.0000 8 -1.0000 1.0000 2.0710 -4.0000 4.0000 12.0000 0.0000 8.0000 -8.0000 0.2500 0.2500 0.2500 0.2500 0.2500 1.2500 1.7926 3.2924 
16.0000 62.0000 4.0000 4.0000 1.0000 6.0000 8 -1.0000 1.0000 0.7050 -6.0000 6.0000 10.0000 2.0000 14.0000 -2.0000 0.2500 0.2500 0.2500 0.2500 0.2500 1.2500 1.9235 3.4258 
16.0000 64.0000 4.0000 4.0000 0.0000 -9.0000 2 1.0000 1.0000 0.6670 -2.0000 6.0000 14.0000 2.0000 10.0000 -6.0000 0.1991 0.2792 0.3558 0.2242 0.1851 1.2434 1.9311 3.4193 
16.0000 52.0000 4.0000 2.0000 0.0000 -3.0000 2 1.0000 1.0000 2.6190 12.0000 0.0000 -8.0000 4.0000 -4.0000 8.0000 0.2365 0.1646 0.3661 0.2858 0.1903 1.2434 1.8048 3.3026 
16.0000 60.0000 4.0000 4.0000 1.0000 0.0000 8 -1.0000 0.0000 0.8030 -2.0000 6.0000 14.0000 2.0000 10.0000 -6.0000 0.2500 0.2500 0.2500 0.2500 0.2500 1.2500 1.8026 3.2925 
16.0000 14.0000 4.0000 -4.0000 0.0000 9.0000 8 -1.0000 1.0000 1.2380 2.0000 -6.0000 -10.0000 -2.0000 -14.0000 6.0000 0.1746 0.3224 0.3549 0.2367 0.1693 1.2579 1.7657 3.2669 
16.0000 37.0000 4.0000 0.0000 0.0000 -6.0000 2 1.0000 1.0000 0.9560 -10.0000 2.0000 6.0000 -2.0000 10.0000 -6.0000 0.3328 0.1970 0.2861 0.1836 0.2560 1.2554 1.8924 3.3980 
16.0000 29.0000 4.0000 0.0000 1.0000 -9.0000 2 1.0000 1.0000 1.7380 -6.0000 2.0000 10.0000 -2.0000 6.0000 -10.0000 0.2500 0.2500 0.2500 0.2500 0.2500 1.2500 1.9019 3.4092 
16.0000 31.0000 4.0000 0.0000 1.0000 -3.0000 2 1.0000 1.0000 1.1820 10.0000 2.0000 -10.0000 6.0000 -6.0000 -2.0000 0.2500 0.2500 0.2500 0.2500 0.2500 1.2500 1.7785 3.2926 
16.0000 53.0000 4.0000 2.0000 0.0000 0.0000 2 1.0000 0.0000 2.1030 8.0000 -4.0000 -8.0000 12.0000 0.0000 4.0000 0.2813 0.2131 0.3940 0.1946 0.1635 1.2465 1.8505 3.3557 
16.0000 32.0000 4.0000 0.0000 1.0000 0.0000 8 -1.0000 0.0000 2.8870 -6.0000 2.0000 6.0000 -2.0000 10.0000 -10.0000 0.2500 0.2500 0.2500 0.2500 0.2500 1.2500 1.9107 3.4092 
16.0000 2.0000 4.0000 -4.0000 1.0000 -6.0000 2 1.0000 1.0000 0.8600 -14.0000 -6.0000 2.0000 -10.0000 6.0000 -2.0000 0.2500 0.2500 0.2500 0.2500 0.2500 1.2500 1.8201 3.3259 
16.0000 36.0000 4.0000 0.0000 0.0000 -9.0000 2 1.0000 1.0000 0.9570 10.0000 2.0000 -10.0000 6.0000 -6.0000 -2.0000 0.2839 0.1925 0.1546 0.3443 0.2751 1.2503 1.7817 3.2762 
16.0000 25.0000 4.0000 -2.0000 0.0000 0.0000 2 1.0000 0.0000 2.3200 4.0000 -4.0000 -8.0000 0.0000 -12.0000 8.0000 0.2502 0.1794 0.3643 0.2040 0.2588 1.2568 1.7938 3.2993 
16.0000 58.0000 4.0000 4.0000 1.0000 -6.0000 2 1.0000 1.0000 1.1990 10.0000 -2.0000 -6.0000 14.0000 2.0000 6.0000 0.2500 0.2500 0.2500 0.2500 0.2500 1.2500 1.7810 3.2758 
16.0000 33.0000 4.0000 0.0000 1.0000 3.0000 2 1.0000 0.0000 1.7330 -6.0000 2.0000 10.0000 -2.0000 6.0000 -10.0000 0.2500 0.2500 0.2500 0.2500 0.2500 1.2500 1.9177 3.4093 
16.0000 65.0000 4.0000 4.0000 0.0000 -6.0000 2 1.0000 1.0000 0.8400 14.0000 6.0000 -6.0000 10.0000 -2.0000 2.0000 0.3086 0.2355 0.1638 0.3220 0.2124 1.2424 1.8504 3.3349 
16.0000 48.0000 4.0000 2.0000 1.0000 6.0000 8 -1.0000 1.0000 1.0240 -4.0000 4.0000 8.0000 0.0000 12.0000 -8.0000 0.2500 0.2500 0.2500 0.2500 0.2500 1.2500 1.8282 3.3259 
16.0000 5.0000 4.0000 -4.0000 1.0000 3.0000 2 1.0000 0.0000 1.2370 6.0000 -6.0000 -10.0000 -2.0000 -14.0000 2.0000 0.2500 0.2500 0.2500 0.2500 0.2500 1.2500 1.9214 3.4259 
