subNo index block mean periodicity testLevel pressedKey answer isCorrect rt s1 s2 s3 s4 s5 s6 t1 t2 t3 t4 t5 seqDuration startInterval trialDuration 
16.0000 1.0000 1.0000 -1.6150 0.0000 -1.0901 8 -1.0000 0.0000 3.5520 8.3850 -3.6150 -7.6150 0.3850 -11.6150 4.3850 0.1680 0.2230 0.3305 0.2403 0.2866 1.2484 1.8395 3.3409 
16.0000 2.0000 1.0000 2.9210 1.0000 4.7240 8 -1.0000 1.0000 1.3750 4.9210 -3.0790 -7.0790 12.9210 0.9210 8.9210 0.2500 0.2500 0.2500 0.2500 0.2500 1.2500 1.7774 3.2759 
16.0000 3.0000 1.0000 -3.4732 1.0000 6.8401 8 -1.0000 1.0000 1.2650 -13.4732 -5.4732 2.5268 -9.4732 6.5268 -1.4732 0.2500 0.2500 0.2500 0.2500 0.2500 1.2500 1.8807 3.3927 
16.0000 4.0000 1.0000 2.6314 0.0000 2.6273 8 -1.0000 1.0000 1.2030 12.6314 4.6314 -3.3686 8.6314 -7.3686 0.6314 0.3585 0.2805 0.1789 0.2511 0.1898 1.2588 1.9861 3.5014 
16.0000 5.0000 1.0000 3.1263 0.0000 4.3667 8 -1.0000 1.0000 1.1360 1.1263 9.1263 13.1263 -6.8737 5.1263 -2.8737 0.2287 0.3504 0.2114 0.2769 0.1868 1.2542 1.7824 3.2800 
16.0000 6.0000 1.0000 2.8060 1.0000 2.2929 8 -1.0000 1.0000 3.3010 12.8060 0.8060 -7.1940 4.8060 -3.1940 8.8060 0.2500 0.2500 0.2500 0.2500 0.2500 1.2500 1.8719 3.3758 
16.0000 7.0000 1.0000 2.7123 0.0000 1.2818 8 -1.0000 1.0000 1.0750 12.7123 4.7123 -3.2877 8.7123 -7.2877 0.7123 0.2858 0.2305 0.1556 0.1927 0.3877 1.2523 1.8346 3.3282 
16.0000 8.0000 1.0000 -0.2745 0.0000 -1.7404 2 1.0000 1.0000 1.2130 -2.2745 5.7255 9.7255 -10.2745 1.7255 -6.2745 0.2356 0.2686 0.1521 0.2562 0.3295 1.2421 1.8526 3.3346 
16.0000 9.0000 1.0000 -1.7922 1.0000 -6.5453 2 1.0000 1.0000 1.4240 -11.7922 -3.7922 8.2078 -7.7922 4.2078 0.2078 0.2500 0.2500 0.2500 0.2500 0.2500 1.2500 1.8840 3.3760 
16.0000 10.0000 1.0000 1.8858 1.0000 -3.9922 2 1.0000 1.0000 2.9970 11.8858 -0.1142 -4.1142 3.8858 -8.1142 7.8858 0.2500 0.2500 0.2500 0.2500 0.2500 1.2500 1.9893 3.4758 
16.0000 11.0000 1.0000 -2.8347 1.0000 1.8604 8 -1.0000 1.0000 1.5010 3.1653 -4.8347 -8.8347 -0.8347 -12.8347 7.1653 0.2500 0.2500 0.2500 0.2500 0.2500 1.2500 1.8587 3.3592 
16.0000 12.0000 1.0000 -3.2995 1.0000 -0.9995 8 -1.0000 0.0000 2.6880 6.7005 -5.2995 -9.2995 -1.2995 -13.2995 2.7005 0.2500 0.2500 0.2500 0.2500 0.2500 1.2500 1.7647 3.2759 
16.0000 13.0000 1.0000 -2.3801 1.0000 6.9499 8 -1.0000 1.0000 1.0800 3.6199 -4.3801 -8.3801 -0.3801 -12.3801 7.6199 0.2500 0.2500 0.2500 0.2500 0.2500 1.2500 1.9478 3.4593 
16.0000 14.0000 1.0000 -3.8084 0.0000 7.2429 8 -1.0000 1.0000 1.0790 -13.8084 -5.8084 6.1916 -9.8084 2.1916 -1.8084 0.1722 0.3419 0.2430 0.2721 0.2232 1.2524 1.9030 3.4117 
16.0000 15.0000 1.0000 -1.2225 1.0000 6.8316 8 -1.0000 1.0000 0.9120 0.7775 -7.2225 -11.2225 8.7775 -3.2225 4.7775 0.2500 0.2500 0.2500 0.2500 0.2500 1.2500 1.9975 3.4925 
16.0000 16.0000 1.0000 -2.3405 0.0000 1.4622 2 1.0000 0.0000 2.0170 -8.3405 -0.3405 3.6595 -4.3405 7.6595 -12.3405 0.2193 0.2446 0.3461 0.1865 0.2482 1.2447 1.9821 3.4706 
16.0000 17.0000 1.0000 -0.2171 0.0000 2.4638 8 -1.0000 1.0000 0.8510 -10.2171 -2.2171 5.7829 -6.2171 9.7829 1.7829 0.2818 0.1757 0.2629 0.2255 0.3040 1.2499 1.8397 3.3426 
16.0000 18.0000 1.0000 0.3722 1.0000 -5.4126 2 1.0000 1.0000 1.1290 6.3722 -1.6278 -9.6278 2.3722 -5.6278 10.3722 0.2500 0.2500 0.2500 0.2500 0.2500 1.2500 1.7604 3.2591 
16.0000 19.0000 1.0000 -3.1962 0.0000 -3.6711 8 -1.0000 0.0000 1.3850 2.8038 -5.1962 -13.1962 -1.1962 -9.1962 6.8038 0.2052 0.3312 0.2152 0.1510 0.3464 1.2491 1.9968 3.4916 
16.0000 20.0000 1.0000 2.9858 1.0000 -5.1565 8 -1.0000 0.0000 1.4100 12.9858 4.9858 -3.0142 8.9858 -7.0142 0.9858 0.2500 0.2500 0.2500 0.2500 0.2500 1.2500 1.9114 3.4092 
16.0000 21.0000 1.0000 3.4009 1.0000 -2.0888 8 -1.0000 0.0000 0.9830 -6.5991 5.4009 9.4009 1.4009 13.4009 -2.5991 0.2500 0.2500 0.2500 0.2500 0.2500 1.2500 1.9383 3.4426 
16.0000 22.0000 1.0000 -1.1971 0.0000 0.8184 8 -1.0000 1.0000 1.3260 -3.1971 4.8029 8.8029 -11.1971 0.8029 -7.1971 0.1686 0.2544 0.3967 0.1539 0.2683 1.2418 1.9745 3.4677 
16.0000 23.0000 1.0000 1.6246 0.0000 2.9829 8 -1.0000 1.0000 0.8480 11.6246 3.6246 -8.3754 7.6246 -4.3754 -0.3754 0.2299 0.3596 0.1901 0.2921 0.1882 1.2600 1.9177 3.4360 
16.0000 24.0000 1.0000 -0.6875 1.0000 -2.3497 2 1.0000 1.0000 1.1130 9.3125 -2.6875 -10.6875 1.3125 -6.6875 5.3125 0.2500 0.2500 0.2500 0.2500 0.2500 1.2500 1.8907 3.3926 
16.0000 25.0000 1.0000 -3.7821 0.0000 6.4420 8 -1.0000 1.0000 0.7630 2.2179 -5.7821 -13.7821 -1.7821 -9.7821 6.2179 0.1894 0.2619 0.3787 0.1722 0.2430 1.2452 1.7631 3.2543 
16.0000 26.0000 1.0000 1.2963 1.0000 -5.2202 2 1.0000 1.0000 1.1860 -4.7037 3.2963 7.2963 -0.7037 11.2963 -8.7037 0.2500 0.2500 0.2500 0.2500 0.2500 1.2500 1.9815 3.4760 
16.0000 27.0000 1.0000 1.2760 1.0000 1.4732 8 -1.0000 1.0000 1.0350 -4.7240 3.2760 7.2760 -0.7240 11.2760 -8.7240 0.2500 0.2500 0.2500 0.2500 0.2500 1.2500 1.9192 3.4092 
16.0000 28.0000 1.0000 1.8103 0.0000 2.3204 8 -1.0000 1.0000 0.8970 -4.1897 7.8103 11.8103 -8.1897 3.8103 -0.1897 0.3786 0.1590 0.1909 0.2721 0.2453 1.2458 1.9428 3.4384 
16.0000 29.0000 1.0000 2.5521 0.0000 -1.1703 2 1.0000 1.0000 1.7160 -7.4479 0.5521 12.5521 -3.4479 8.5521 4.5521 0.3405 0.2927 0.1905 0.1576 0.2728 1.2541 1.7793 3.2799 
16.0000 30.0000 1.0000 -1.5570 1.0000 0.8691 8 -1.0000 1.0000 1.3950 -11.5570 0.4430 4.4430 -3.5570 8.4430 -7.5570 0.2500 0.2500 0.2500 0.2500 0.2500 1.2500 1.9372 3.4426 
16.0000 31.0000 1.0000 2.1326 1.0000 4.3371 2 1.0000 0.0000 2.3920 8.1326 -3.8674 -7.8674 12.1326 0.1326 4.1326 0.2500 0.2500 0.2500 0.2500 0.2500 1.2500 1.9799 3.4926 
16.0000 32.0000 1.0000 2.5366 0.0000 4.7837 8 -1.0000 1.0000 2.0190 -3.4634 8.5366 12.5366 -7.4634 4.5366 0.5366 0.2012 0.3288 0.1556 0.3994 0.1690 1.2539 1.8481 3.3631 
16.0000 33.0000 1.0000 -3.6741 0.0000 -6.9219 2 1.0000 1.0000 1.0460 -9.6741 -1.6741 6.3259 -5.6741 2.3259 -13.6741 0.2863 0.3522 0.1781 0.2753 0.1674 1.2593 1.9667 3.4852 
16.0000 34.0000 1.0000 1.6067 1.0000 -2.7824 2 1.0000 1.0000 3.5430 -4.3933 3.6067 7.6067 -0.3933 11.6067 -8.3933 0.2500 0.2500 0.2500 0.2500 0.2500 1.2500 1.9159 3.4092 
16.0000 35.0000 1.0000 0.7806 1.0000 3.0218 8 -1.0000 1.0000 2.4040 -5.2194 2.7806 6.7806 -1.2194 10.7806 -9.2194 0.2500 0.2500 0.2500 0.2500 0.2500 1.2500 1.8514 3.3425 
16.0000 36.0000 1.0000 -0.5069 0.0000 -6.6643 8 -1.0000 0.0000 1.7160 5.4931 -2.5069 -10.5069 1.4931 -6.5069 9.4931 0.2426 0.2825 0.1701 0.3261 0.2367 1.2582 1.7781 3.2841 
16.0000 37.0000 1.0000 2.9485 1.0000 4.2441 8 -1.0000 1.0000 3.4000 8.9485 0.9485 -7.0515 4.9485 -3.0515 12.9485 0.2500 0.2500 0.2500 0.2500 0.2500 1.2500 1.8630 3.3592 
16.0000 38.0000 1.0000 -1.6144 0.0000 3.6359 8 -1.0000 1.0000 2.8710 0.3856 -7.6144 -11.6144 8.3856 -3.6144 4.3856 0.3622 0.1629 0.3111 0.2605 0.1533 1.2500 1.7870 3.2758 
16.0000 39.0000 1.0000 3.3595 1.0000 -2.8673 2 1.0000 1.0000 4.6210 9.3595 1.3595 -6.6405 5.3595 -2.6405 13.3595 0.2500 0.2500 0.2500 0.2500 0.2500 1.2500 1.8693 3.3760 
16.0000 40.0000 1.0000 -0.9194 0.0000 3.5702 8 -1.0000 1.0000 3.1170 9.0806 1.0806 -10.9194 5.0806 -6.9194 -2.9194 0.1887 0.3639 0.2856 0.1854 0.2361 1.2596 1.8928 3.4021 
16.0000 41.0000 1.0000 3.1426 1.0000 -1.4480 8 -1.0000 0.0000 4.1520 13.1426 1.1426 -6.8574 5.1426 -2.8574 9.1426 0.2500 0.2500 0.2500 0.2500 0.2500 1.2500 1.9323 3.4425 
16.0000 42.0000 1.0000 3.9943 0.0000 -1.9135 NR 0.0000 0.0000 0.0000 -2.0057 5.9943 9.9943 1.9943 13.9943 -6.0057 0.2097 0.3436 0.2000 0.2333 0.2598 1.2464 1.9601 3.4557 
16.0000 43.0000 1.0000 -1.2060 1.0000 3.4973 NR 0.0000 0.0000 0.0000 4.7940 -3.2060 -11.2060 0.7940 -7.2060 8.7940 0.2500 0.2500 0.2500 0.2500 0.2500 1.2500 1.9965 3.4927 
16.0000 44.0000 1.0000 2.7440 1.0000 1.4022 8 -1.0000 1.0000 3.0400 -7.2560 0.7440 8.7440 -3.2560 12.7440 4.7440 0.2500 0.2500 0.2500 0.2500 0.2500 1.2500 1.7993 3.2927 
16.0000 45.0000 1.0000 -0.8224 0.0000 2.1816 8 -1.0000 1.0000 3.4070 5.1776 -6.8224 -10.8224 9.1776 -2.8224 1.1776 0.2193 0.3193 0.2300 0.1604 0.3171 1.2461 1.8933 3.3885 
16.0000 46.0000 1.0000 3.6110 0.0000 -5.1424 2 1.0000 1.0000 1.7790 -6.3890 5.6110 9.6110 1.6110 13.6110 -2.3890 0.2671 0.3053 0.1915 0.2175 0.2760 1.2575 1.8015 3.3166 
16.0000 47.0000 1.0000 -1.8834 0.0000 -2.6085 8 -1.0000 0.0000 2.9310 -11.8834 0.1166 8.1166 -3.8834 4.1166 -7.8834 0.2809 0.3061 0.2762 0.2286 0.1577 1.2496 1.7616 3.2588 
16.0000 48.0000 1.0000 -1.3249 0.0000 -2.2149 2 1.0000 1.0000 2.9850 8.6751 -3.3249 -11.3249 0.6751 -7.3249 4.6751 0.2708 0.1683 0.3413 0.2708 0.1922 1.2432 1.8234 3.3191 
16.0000 49.0000 1.0000 -0.7300 0.0000 -3.9614 NR 0.0000 0.0000 0.0000 5.2700 -2.7300 -6.7300 1.2700 -10.7300 9.2700 0.1745 0.3183 0.2538 0.1512 0.3457 1.2435 1.7531 3.2527 
16.0000 50.0000 1.0000 -2.1269 1.0000 -8.3902 8 -1.0000 0.0000 0.9770 7.8731 -4.1269 -12.1269 -0.1269 -8.1269 3.8731 0.2500 0.2500 0.2500 0.2500 0.2500 1.2500 1.9126 3.4092 
