subNo index block mean periodicity testLevel pressedKey answer isCorrect rt s1 s2 s3 s4 s5 s6 t1 t2 t3 t4 t5 seqDuration startInterval trialDuration 
12.0000 39.0000 1.0000 0.0000 0.0000 0.0000 8 -1.0000 0.0000 1.0740 10.0000 -2.0000 -10.0000 2.0000 -6.0000 6.0000 0.1904 0.1571 0.3669 0.1904 0.3473 1.2521 1.7712 3.2613 
12.0000 7.0000 1.0000 -4.0000 1.0000 7.5000 8 -1.0000 1.0000 0.8100 -10.0000 -2.0000 6.0000 -6.0000 2.0000 -14.0000 0.2500 0.2500 0.2500 0.2500 0.2500 1.2500 1.7937 3.2926 
12.0000 37.0000 1.0000 0.0000 0.0000 -5.0000 8 -1.0000 0.0000 1.4640 -10.0000 2.0000 10.0000 -2.0000 6.0000 -6.0000 0.2023 0.3712 0.2119 0.3006 0.1626 1.2487 1.8966 3.3912 
12.0000 19.0000 1.0000 -2.0000 1.0000 2.5000 8 -1.0000 1.0000 2.0930 8.0000 -4.0000 -12.0000 0.0000 -8.0000 4.0000 0.2500 0.2500 0.2500 0.2500 0.2500 1.2500 1.8216 3.3259 
12.0000 36.0000 1.0000 0.0000 0.0000 -7.5000 2 1.0000 1.0000 0.8600 6.0000 -2.0000 -10.0000 2.0000 -6.0000 10.0000 0.2763 0.3507 0.1569 0.2580 0.2087 1.2505 1.9500 3.4598 
12.0000 32.0000 1.0000 0.0000 1.0000 0.0000 8 -1.0000 0.0000 1.9970 -6.0000 2.0000 10.0000 -2.0000 6.0000 -10.0000 0.2500 0.2500 0.2500 0.2500 0.2500 1.2500 1.7677 3.2758 
12.0000 28.0000 1.0000 -2.0000 0.0000 7.5000 8 -1.0000 1.0000 0.7340 -8.0000 4.0000 8.0000 -12.0000 0.0000 -4.0000 0.2078 0.2331 0.1659 0.3507 0.2847 1.2422 1.8049 3.3014 
12.0000 12.0000 1.0000 -4.0000 0.0000 2.5000 2 1.0000 0.0000 2.0350 -2.0000 -10.0000 -14.0000 6.0000 -6.0000 2.0000 0.1696 0.2051 0.2910 0.3708 0.2195 1.2561 1.7752 3.2820 
12.0000 68.0000 1.0000 4.0000 0.0000 2.5000 8 -1.0000 1.0000 0.8400 14.0000 2.0000 -2.0000 6.0000 -6.0000 10.0000 0.1912 0.3577 0.1525 0.2429 0.3073 1.2515 1.8737 3.3773 
12.0000 60.0000 1.0000 4.0000 1.0000 0.0000 8 -1.0000 0.0000 1.1020 -6.0000 2.0000 10.0000 -2.0000 14.0000 6.0000 0.2500 0.2500 0.2500 0.2500 0.2500 1.2500 1.8820 3.3759 
12.0000 46.0000 1.0000 2.0000 1.0000 0.0000 8 -1.0000 0.0000 0.9720 0.0000 8.0000 12.0000 -8.0000 4.0000 -4.0000 0.2500 0.2500 0.2500 0.2500 0.2500 1.2500 1.8137 3.3091 
12.0000 44.0000 1.0000 2.0000 1.0000 -5.0000 2 1.0000 1.0000 0.8120 -8.0000 0.0000 12.0000 -4.0000 8.0000 4.0000 0.2500 0.2500 0.2500 0.2500 0.2500 1.2500 1.8597 3.3593 
12.0000 63.0000 1.0000 4.0000 1.0000 7.5000 8 -1.0000 1.0000 0.6860 14.0000 6.0000 -2.0000 10.0000 -6.0000 2.0000 0.2500 0.2500 0.2500 0.2500 0.2500 1.2500 1.8048 3.2925 
12.0000 49.0000 1.0000 2.0000 1.0000 7.5000 8 -1.0000 1.0000 0.7100 12.0000 4.0000 -4.0000 8.0000 -8.0000 0.0000 0.2500 0.2500 0.2500 0.2500 0.2500 1.2500 1.8537 3.3425 
12.0000 59.0000 1.0000 4.0000 1.0000 -2.5000 8 -1.0000 0.0000 1.0940 -6.0000 6.0000 10.0000 2.0000 14.0000 -2.0000 0.2500 0.2500 0.2500 0.2500 0.2500 1.2500 1.9158 3.4092 
12.0000 4.0000 1.0000 -4.0000 1.0000 0.0000 2 1.0000 0.0000 0.8100 6.0000 -6.0000 -10.0000 -2.0000 -14.0000 2.0000 0.2500 0.2500 0.2500 0.2500 0.2500 1.2500 1.8071 3.3093 
12.0000 1.0000 1.0000 -4.0000 1.0000 -7.5000 2 1.0000 1.0000 1.3570 6.0000 -6.0000 -10.0000 -2.0000 -14.0000 2.0000 0.2500 0.2500 0.2500 0.2500 0.2500 1.2500 1.7837 3.2927 
12.0000 43.0000 1.0000 2.0000 1.0000 -7.5000 2 1.0000 1.0000 0.7000 -4.0000 4.0000 12.0000 0.0000 8.0000 -8.0000 0.2500 0.2500 0.2500 0.2500 0.2500 1.2500 1.9223 3.4259 
12.0000 38.0000 1.0000 0.0000 0.0000 -2.5000 2 1.0000 1.0000 0.8970 -2.0000 6.0000 10.0000 -10.0000 2.0000 -6.0000 0.1851 0.3370 0.1716 0.2390 0.3182 1.2509 1.9698 3.4767 
12.0000 24.0000 1.0000 -2.0000 0.0000 -2.5000 2 1.0000 1.0000 1.2770 -12.0000 -4.0000 8.0000 -8.0000 4.0000 0.0000 0.3580 0.2079 0.3147 0.1746 0.2015 1.2566 1.8492 3.3658 
12.0000 23.0000 1.0000 -2.0000 0.0000 -5.0000 2 1.0000 1.0000 0.7560 4.0000 -4.0000 -8.0000 0.0000 -12.0000 8.0000 0.3212 0.2938 0.2279 0.2584 0.1569 1.2583 1.9468 3.4508 
12.0000 52.0000 1.0000 2.0000 0.0000 -2.5000 2 1.0000 1.0000 1.2140 8.0000 0.0000 -4.0000 4.0000 -8.0000 12.0000 0.2629 0.1685 0.2256 0.1844 0.3997 1.2413 1.9017 3.4004 
12.0000 70.0000 1.0000 4.0000 0.0000 7.5000 8 -1.0000 1.0000 0.9310 10.0000 2.0000 -6.0000 6.0000 -2.0000 14.0000 0.1635 0.3539 0.1961 0.2446 0.2820 1.2402 1.9345 3.4162 
12.0000 3.0000 1.0000 -4.0000 1.0000 -2.5000 2 1.0000 1.0000 1.3380 -14.0000 -6.0000 6.0000 -10.0000 2.0000 -2.0000 0.2500 0.2500 0.2500 0.2500 0.2500 1.2500 1.9366 3.4259 
12.0000 14.0000 1.0000 -4.0000 0.0000 7.5000 8 -1.0000 1.0000 1.2230 -14.0000 -6.0000 6.0000 -10.0000 2.0000 -2.0000 0.2944 0.1524 0.2443 0.3492 0.2145 1.2548 1.9720 3.4640 
12.0000 20.0000 1.0000 -2.0000 1.0000 5.0000 8 -1.0000 1.0000 2.0410 -12.0000 -4.0000 4.0000 -8.0000 8.0000 0.0000 0.2500 0.2500 0.2500 0.2500 0.2500 1.2500 1.8213 3.3092 
12.0000 54.0000 1.0000 2.0000 0.0000 2.5000 8 -1.0000 1.0000 1.0350 8.0000 0.0000 -8.0000 4.0000 -4.0000 12.0000 0.3446 0.1874 0.2859 0.2462 0.1903 1.2544 1.9801 3.4803 
12.0000 31.0000 1.0000 0.0000 1.0000 -2.5000 8 -1.0000 0.0000 1.1710 10.0000 2.0000 -6.0000 6.0000 -10.0000 -2.0000 0.2500 0.2500 0.2500 0.2500 0.2500 1.2500 1.7664 3.2759 
12.0000 8.0000 1.0000 -4.0000 0.0000 -7.5000 2 1.0000 1.0000 0.8350 6.0000 -6.0000 -14.0000 -2.0000 -10.0000 2.0000 0.1938 0.3455 0.1623 0.2145 0.3305 1.2467 1.8233 3.3226 
12.0000 53.0000 1.0000 2.0000 0.0000 0.0000 8 -1.0000 0.0000 1.7860 12.0000 4.0000 -4.0000 8.0000 -8.0000 0.0000 0.1949 0.2504 0.2048 0.3518 0.2403 1.2422 1.8357 3.3346 
12.0000 21.0000 1.0000 -2.0000 1.0000 7.5000 8 -1.0000 1.0000 2.0820 4.0000 -4.0000 -8.0000 0.0000 -12.0000 8.0000 0.2500 0.2500 0.2500 0.2500 0.2500 1.2500 1.8526 3.3592 
12.0000 55.0000 1.0000 2.0000 0.0000 5.0000 8 -1.0000 1.0000 1.0110 12.0000 0.0000 -8.0000 4.0000 -4.0000 8.0000 0.3217 0.2067 0.3654 0.1997 0.1573 1.2508 1.7788 3.2767 
12.0000 42.0000 1.0000 0.0000 0.0000 7.5000 8 -1.0000 1.0000 0.7220 -6.0000 6.0000 10.0000 -10.0000 2.0000 -2.0000 0.3344 0.1549 0.2134 0.2452 0.2944 1.2423 1.8110 3.3015 
12.0000 48.0000 1.0000 2.0000 1.0000 5.0000 8 -1.0000 1.0000 0.7840 -8.0000 0.0000 8.0000 -4.0000 12.0000 4.0000 0.2500 0.2500 0.2500 0.2500 0.2500 1.2500 1.7870 3.2925 
12.0000 10.0000 1.0000 -4.0000 0.0000 -2.5000 2 1.0000 1.0000 1.4450 6.0000 -6.0000 -10.0000 -2.0000 -14.0000 2.0000 0.2097 0.2827 0.1768 0.2674 0.3077 1.2442 1.9645 3.4536 
12.0000 69.0000 1.0000 4.0000 0.0000 5.0000 8 -1.0000 1.0000 0.7740 -6.0000 6.0000 14.0000 2.0000 10.0000 -2.0000 0.1677 0.2807 0.1672 0.2946 0.3403 1.2504 1.9728 3.4763 
12.0000 22.0000 1.0000 -2.0000 0.0000 -7.5000 2 1.0000 1.0000 0.7160 -8.0000 0.0000 4.0000 -4.0000 8.0000 -12.0000 0.3159 0.2193 0.2803 0.1820 0.2578 1.2553 1.9431 3.4478 
12.0000 40.0000 1.0000 0.0000 0.0000 2.5000 2 1.0000 0.0000 1.2410 10.0000 -2.0000 -6.0000 2.0000 -10.0000 6.0000 0.1754 0.3276 0.2294 0.3095 0.2030 1.2449 1.8635 3.3542 
12.0000 41.0000 1.0000 0.0000 0.0000 5.0000 8 -1.0000 1.0000 0.8770 -6.0000 6.0000 10.0000 -10.0000 2.0000 -2.0000 0.1882 0.1523 0.3527 0.3836 0.1714 1.2481 1.9121 3.4241 
12.0000 61.0000 1.0000 4.0000 1.0000 2.5000 8 -1.0000 1.0000 1.2590 -6.0000 2.0000 10.0000 -2.0000 14.0000 6.0000 0.2500 0.2500 0.2500 0.2500 0.2500 1.2500 1.9997 3.5093 
12.0000 64.0000 1.0000 4.0000 0.0000 -7.5000 2 1.0000 1.0000 1.1310 -2.0000 10.0000 14.0000 -6.0000 6.0000 2.0000 0.2149 0.3624 0.1815 0.3439 0.1564 1.2592 1.9046 3.4186 
12.0000 9.0000 1.0000 -4.0000 0.0000 -5.0000 2 1.0000 1.0000 0.6910 -14.0000 -2.0000 2.0000 -6.0000 6.0000 -10.0000 0.1781 0.3645 0.3102 0.1756 0.2247 1.2531 1.9414 3.4456 
12.0000 29.0000 1.0000 0.0000 1.0000 -7.5000 2 1.0000 1.0000 0.6640 -10.0000 -2.0000 6.0000 -6.0000 10.0000 2.0000 0.2500 0.2500 0.2500 0.2500 0.2500 1.2500 1.8605 3.3592 
12.0000 25.0000 1.0000 -2.0000 0.0000 0.0000 2 1.0000 0.0000 1.2380 8.0000 0.0000 -12.0000 4.0000 -8.0000 -4.0000 0.1555 0.1934 0.1667 0.3426 0.3919 1.2501 1.8472 3.3426 
12.0000 67.0000 1.0000 4.0000 0.0000 0.0000 2 1.0000 0.0000 1.3520 -6.0000 6.0000 14.0000 2.0000 10.0000 -2.0000 0.1751 0.3420 0.2104 0.1764 0.3502 1.2541 1.9939 3.4966 
12.0000 35.0000 1.0000 0.0000 1.0000 7.5000 8 -1.0000 1.0000 0.6960 -6.0000 6.0000 10.0000 -10.0000 2.0000 -2.0000 0.2500 0.2500 0.2500 0.2500 0.2500 1.2500 1.8907 3.3925 
12.0000 30.0000 1.0000 0.0000 1.0000 -5.0000 2 1.0000 1.0000 1.0920 6.0000 -6.0000 -10.0000 10.0000 -2.0000 2.0000 0.2500 0.2500 0.2500 0.2500 0.2500 1.2500 1.8343 3.3258 
12.0000 33.0000 1.0000 0.0000 1.0000 2.5000 8 -1.0000 1.0000 2.2750 -6.0000 2.0000 10.0000 -2.0000 6.0000 -10.0000 0.2500 0.2500 0.2500 0.2500 0.2500 1.2500 1.7562 3.2591 
12.0000 13.0000 1.0000 -4.0000 0.0000 5.0000 8 -1.0000 1.0000 2.0000 -14.0000 -2.0000 6.0000 -6.0000 2.0000 -10.0000 0.1599 0.3752 0.2638 0.2903 0.1614 1.2506 1.8519 3.3431 
12.0000 45.0000 1.0000 2.0000 1.0000 -2.5000 2 1.0000 1.0000 1.9170 12.0000 0.0000 -4.0000 4.0000 -8.0000 8.0000 0.2500 0.2500 0.2500 0.2500 0.2500 1.2500 1.7514 3.2424 
12.0000 26.0000 1.0000 -2.0000 0.0000 2.5000 2 1.0000 0.0000 1.9840 8.0000 0.0000 -12.0000 4.0000 -8.0000 -4.0000 0.1831 0.2998 0.1964 0.3588 0.2132 1.2512 1.8304 3.3438 
12.0000 5.0000 1.0000 -4.0000 1.0000 2.5000 2 1.0000 0.0000 0.9910 -14.0000 -2.0000 6.0000 -6.0000 2.0000 -10.0000 0.2500 0.2500 0.2500 0.2500 0.2500 1.2500 1.8972 3.4092 
12.0000 62.0000 1.0000 4.0000 1.0000 5.0000 8 -1.0000 1.0000 1.0800 -6.0000 2.0000 10.0000 -2.0000 14.0000 6.0000 0.2500 0.2500 0.2500 0.2500 0.2500 1.2500 1.9955 3.4926 
12.0000 50.0000 1.0000 2.0000 0.0000 -7.5000 2 1.0000 1.0000 0.9890 8.0000 0.0000 -4.0000 4.0000 -8.0000 12.0000 0.2753 0.1910 0.3830 0.1560 0.2444 1.2498 1.8485 3.3589 
12.0000 65.0000 1.0000 4.0000 0.0000 -5.0000 2 1.0000 1.0000 0.5640 14.0000 6.0000 -2.0000 10.0000 -6.0000 2.0000 0.2413 0.1873 0.3471 0.2931 0.1736 1.2424 1.9050 3.4017 
12.0000 27.0000 1.0000 -2.0000 0.0000 5.0000 8 -1.0000 1.0000 1.5540 0.0000 -8.0000 -12.0000 8.0000 -4.0000 4.0000 0.1956 0.2535 0.3257 0.2623 0.2118 1.2489 1.8923 3.3914 
12.0000 11.0000 1.0000 -4.0000 0.0000 0.0000 2 1.0000 0.0000 1.0470 -6.0000 2.0000 6.0000 -14.0000 -2.0000 -10.0000 0.3306 0.1747 0.3261 0.1731 0.2542 1.2587 1.9819 3.4848 
12.0000 17.0000 1.0000 -2.0000 1.0000 -2.5000 2 1.0000 1.0000 0.6800 -8.0000 0.0000 8.0000 -4.0000 4.0000 -12.0000 0.2500 0.2500 0.2500 0.2500 0.2500 1.2500 1.9866 3.4926 
12.0000 6.0000 1.0000 -4.0000 1.0000 5.0000 2 1.0000 0.0000 0.8100 -2.0000 -10.0000 -14.0000 6.0000 -6.0000 2.0000 0.2500 0.2500 0.2500 0.2500 0.2500 1.2500 1.8869 3.3758 
12.0000 47.0000 1.0000 2.0000 1.0000 2.5000 8 -1.0000 1.0000 0.9660 12.0000 4.0000 -8.0000 8.0000 -4.0000 0.0000 0.2500 0.2500 0.2500 0.2500 0.2500 1.2500 1.7682 3.2592 
12.0000 2.0000 1.0000 -4.0000 1.0000 -5.0000 2 1.0000 1.0000 2.1490 -6.0000 2.0000 6.0000 -14.0000 -2.0000 -10.0000 0.2500 0.2500 0.2500 0.2500 0.2500 1.2500 1.9699 3.4592 
12.0000 16.0000 1.0000 -2.0000 1.0000 -5.0000 2 1.0000 1.0000 0.9730 4.0000 -8.0000 -12.0000 8.0000 -4.0000 0.0000 0.2500 0.2500 0.2500 0.2500 0.2500 1.2500 1.8765 3.3926 
12.0000 57.0000 1.0000 4.0000 1.0000 -7.5000 2 1.0000 1.0000 0.8150 14.0000 6.0000 -6.0000 10.0000 -2.0000 2.0000 0.2500 0.2500 0.2500 0.2500 0.2500 1.2500 1.7883 3.2925 
12.0000 51.0000 1.0000 2.0000 0.0000 -5.0000 2 1.0000 1.0000 0.6510 8.0000 -4.0000 -8.0000 12.0000 0.0000 4.0000 0.3100 0.1716 0.3766 0.1623 0.2250 1.2455 1.9012 3.4047 
12.0000 34.0000 1.0000 0.0000 1.0000 5.0000 8 -1.0000 1.0000 0.8860 10.0000 -2.0000 -10.0000 2.0000 -6.0000 6.0000 0.2500 0.2500 0.2500 0.2500 0.2500 1.2500 1.7838 3.2926 
12.0000 58.0000 1.0000 4.0000 1.0000 -5.0000 2 1.0000 1.0000 2.1680 -2.0000 6.0000 10.0000 2.0000 14.0000 -6.0000 0.2500 0.2500 0.2500 0.2500 0.2500 1.2500 1.8357 3.3425 
12.0000 66.0000 1.0000 4.0000 0.0000 -2.5000 2 1.0000 1.0000 0.7390 14.0000 2.0000 -6.0000 6.0000 -2.0000 10.0000 0.3758 0.1566 0.2223 0.3062 0.1878 1.2487 1.9867 3.4914 
12.0000 56.0000 1.0000 2.0000 0.0000 7.5000 8 -1.0000 1.0000 0.8600 8.0000 -4.0000 -8.0000 12.0000 0.0000 4.0000 0.1986 0.1693 0.3277 0.2597 0.2979 1.2532 1.8839 3.3958 
12.0000 18.0000 1.0000 -2.0000 1.0000 0.0000 8 -1.0000 0.0000 1.8920 8.0000 -4.0000 -12.0000 0.0000 -8.0000 4.0000 0.2500 0.2500 0.2500 0.2500 0.2500 1.2500 1.7941 3.2924 
12.0000 15.0000 1.0000 -2.0000 1.0000 -7.5000 2 1.0000 1.0000 0.7120 -8.0000 0.0000 4.0000 -4.0000 8.0000 -12.0000 0.2500 0.2500 0.2500 0.2500 0.2500 1.2500 1.9037 3.4092 
12.0000 13.0000 2.0000 -4.0000 0.0000 5.0000 2 1.0000 0.0000 2.5430 6.0000 -2.0000 -14.0000 2.0000 -10.0000 -6.0000 0.2113 0.2882 0.2305 0.3248 0.1871 1.2419 1.9697 3.4514 
12.0000 67.0000 2.0000 4.0000 0.0000 0.0000 8 -1.0000 0.0000 2.6740 -6.0000 6.0000 10.0000 2.0000 14.0000 -2.0000 0.1957 0.1585 0.3799 0.1787 0.3323 1.2451 1.8099 3.3044 
12.0000 16.0000 2.0000 -2.0000 1.0000 -5.0000 2 1.0000 1.0000 1.6670 4.0000 -4.0000 -8.0000 0.0000 -12.0000 8.0000 0.2500 0.2500 0.2500 0.2500 0.2500 1.2500 1.9806 3.4758 
12.0000 63.0000 2.0000 4.0000 1.0000 7.5000 8 -1.0000 1.0000 0.9090 -6.0000 6.0000 14.0000 2.0000 10.0000 -2.0000 0.2500 0.2500 0.2500 0.2500 0.2500 1.2500 1.8669 3.3758 
12.0000 44.0000 2.0000 2.0000 1.0000 -5.0000 2 1.0000 1.0000 0.8520 -8.0000 0.0000 12.0000 -4.0000 8.0000 4.0000 0.2500 0.2500 0.2500 0.2500 0.2500 1.2500 1.9371 3.4427 
12.0000 18.0000 2.0000 -2.0000 1.0000 0.0000 2 1.0000 0.0000 0.8050 -8.0000 0.0000 8.0000 -4.0000 4.0000 -12.0000 0.2500 0.2500 0.2500 0.2500 0.2500 1.2500 1.9767 3.4760 
12.0000 45.0000 2.0000 2.0000 1.0000 -2.5000 2 1.0000 1.0000 0.8390 8.0000 0.0000 -8.0000 4.0000 -4.0000 12.0000 0.2500 0.2500 0.2500 0.2500 0.2500 1.2500 1.9861 3.4927 
12.0000 54.0000 2.0000 2.0000 0.0000 2.5000 2 1.0000 0.0000 1.1880 -4.0000 4.0000 8.0000 0.0000 12.0000 -8.0000 0.2490 0.1661 0.2581 0.3558 0.2243 1.2533 1.8585 3.3625 
12.0000 10.0000 2.0000 -4.0000 0.0000 -2.5000 2 1.0000 1.0000 1.3050 2.0000 -6.0000 -14.0000 -2.0000 -10.0000 6.0000 0.2850 0.2388 0.1752 0.3134 0.2310 1.2433 1.9361 3.4360 
12.0000 49.0000 2.0000 2.0000 1.0000 7.5000 8 -1.0000 1.0000 3.5930 8.0000 0.0000 -8.0000 4.0000 -4.0000 12.0000 0.2500 0.2500 0.2500 0.2500 0.2500 1.2500 1.9500 3.4426 
12.0000 21.0000 2.0000 -2.0000 1.0000 7.5000 8 -1.0000 1.0000 1.2340 -4.0000 4.0000 8.0000 -12.0000 0.0000 -8.0000 0.2500 0.2500 0.2500 0.2500 0.2500 1.2500 1.8775 3.3759 
12.0000 22.0000 2.0000 -2.0000 0.0000 -7.5000 2 1.0000 1.0000 0.7450 -12.0000 0.0000 4.0000 -4.0000 8.0000 -8.0000 0.2238 0.1813 0.3090 0.3487 0.1890 1.2519 1.8064 3.3110 
12.0000 62.0000 2.0000 4.0000 1.0000 5.0000 8 -1.0000 1.0000 1.5960 6.0000 -2.0000 -6.0000 14.0000 2.0000 10.0000 0.2500 0.2500 0.2500 0.2500 0.2500 1.2500 1.8596 3.3592 
12.0000 17.0000 2.0000 -2.0000 1.0000 -2.5000 2 1.0000 1.0000 1.9110 0.0000 -8.0000 -12.0000 8.0000 -4.0000 4.0000 0.2500 0.2500 0.2500 0.2500 0.2500 1.2500 1.9879 3.4760 
12.0000 65.0000 2.0000 4.0000 0.0000 -5.0000 2 1.0000 1.0000 0.9290 -6.0000 6.0000 10.0000 2.0000 14.0000 -2.0000 0.2723 0.2166 0.2561 0.2048 0.2931 1.2430 1.8581 3.3521 
12.0000 40.0000 2.0000 0.0000 0.0000 2.5000 8 -1.0000 1.0000 0.8770 -10.0000 -2.0000 10.0000 -6.0000 6.0000 2.0000 0.2458 0.2203 0.1562 0.2815 0.3512 1.2551 1.8174 3.3309 
12.0000 30.0000 2.0000 0.0000 1.0000 -5.0000 2 1.0000 1.0000 1.8130 -6.0000 6.0000 10.0000 -10.0000 2.0000 -2.0000 0.2500 0.2500 0.2500 0.2500 0.2500 1.2500 1.9973 3.5094 
12.0000 69.0000 2.0000 4.0000 0.0000 5.0000 8 -1.0000 1.0000 0.8690 14.0000 6.0000 -2.0000 10.0000 -6.0000 2.0000 0.1713 0.2396 0.2850 0.2030 0.3425 1.2415 1.9740 3.4674 
12.0000 33.0000 2.0000 0.0000 1.0000 2.5000 8 -1.0000 1.0000 1.3690 10.0000 -2.0000 -10.0000 2.0000 -6.0000 6.0000 0.2500 0.2500 0.2500 0.2500 0.2500 1.2500 1.8796 3.3758 
12.0000 25.0000 2.0000 -2.0000 0.0000 0.0000 8 -1.0000 0.0000 2.8980 -12.0000 -4.0000 8.0000 -8.0000 4.0000 0.0000 0.2119 0.1820 0.3954 0.2713 0.1811 1.2416 1.8532 3.3510 
12.0000 29.0000 2.0000 0.0000 1.0000 -7.5000 2 1.0000 1.0000 0.8020 10.0000 2.0000 -6.0000 6.0000 -10.0000 -2.0000 0.2500 0.2500 0.2500 0.2500 0.2500 1.2500 1.7573 3.2591 
12.0000 1.0000 2.0000 -4.0000 1.0000 -7.5000 2 1.0000 1.0000 0.7260 -6.0000 2.0000 6.0000 -14.0000 -2.0000 -10.0000 0.2500 0.2500 0.2500 0.2500 0.2500 1.2500 1.7539 3.2591 
12.0000 5.0000 2.0000 -4.0000 1.0000 2.5000 8 -1.0000 1.0000 2.0710 -14.0000 -2.0000 2.0000 -6.0000 6.0000 -10.0000 0.2500 0.2500 0.2500 0.2500 0.2500 1.2500 1.9257 3.4259 
12.0000 31.0000 2.0000 0.0000 1.0000 -2.5000 2 1.0000 1.0000 1.1460 6.0000 -6.0000 -10.0000 10.0000 -2.0000 2.0000 0.2500 0.2500 0.2500 0.2500 0.2500 1.2500 1.8687 3.3592 
12.0000 46.0000 2.0000 2.0000 1.0000 0.0000 2 1.0000 0.0000 2.0080 8.0000 0.0000 -4.0000 4.0000 -8.0000 12.0000 0.2500 0.2500 0.2500 0.2500 0.2500 1.2500 1.9453 3.4425 
12.0000 35.0000 2.0000 0.0000 1.0000 7.5000 8 -1.0000 1.0000 0.7900 6.0000 -2.0000 -6.0000 2.0000 -10.0000 10.0000 0.2500 0.2500 0.2500 0.2500 0.2500 1.2500 1.8958 3.4092 
12.0000 50.0000 2.0000 2.0000 0.0000 -7.5000 2 1.0000 1.0000 0.7700 -4.0000 4.0000 8.0000 0.0000 12.0000 -8.0000 0.1657 0.3489 0.2105 0.3001 0.2309 1.2561 1.8906 3.3988 
12.0000 68.0000 2.0000 4.0000 0.0000 2.5000 8 -1.0000 1.0000 0.8530 -6.0000 2.0000 10.0000 -2.0000 14.0000 6.0000 0.1675 0.2010 0.3817 0.2894 0.2021 1.2417 1.9803 3.4843 
12.0000 34.0000 2.0000 0.0000 1.0000 5.0000 8 -1.0000 1.0000 1.0510 -10.0000 -2.0000 6.0000 -6.0000 10.0000 2.0000 0.2500 0.2500 0.2500 0.2500 0.2500 1.2500 1.8699 3.3759 
12.0000 27.0000 2.0000 -2.0000 0.0000 5.0000 8 -1.0000 1.0000 0.8750 -8.0000 0.0000 8.0000 -4.0000 4.0000 -12.0000 0.1651 0.2614 0.3452 0.2798 0.1923 1.2437 1.8466 3.3363 
12.0000 32.0000 2.0000 0.0000 1.0000 0.0000 2 1.0000 0.0000 2.1460 -6.0000 6.0000 10.0000 -10.0000 2.0000 -2.0000 0.2500 0.2500 0.2500 0.2500 0.2500 1.2500 1.7741 3.2758 
12.0000 20.0000 2.0000 -2.0000 1.0000 5.0000 2 1.0000 0.0000 2.1960 -12.0000 0.0000 8.0000 -4.0000 4.0000 -8.0000 0.2500 0.2500 0.2500 0.2500 0.2500 1.2500 1.8119 3.3092 
12.0000 11.0000 2.0000 -4.0000 0.0000 0.0000 8 -1.0000 0.0000 3.0330 -6.0000 2.0000 6.0000 -14.0000 -2.0000 -10.0000 0.2803 0.2235 0.2579 0.3268 0.1606 1.2491 1.7532 3.2583 
12.0000 42.0000 2.0000 0.0000 0.0000 7.5000 8 -1.0000 1.0000 0.8890 -6.0000 2.0000 6.0000 -2.0000 10.0000 -10.0000 0.3532 0.2035 0.2663 0.1884 0.2289 1.2403 1.9888 3.4830 
12.0000 3.0000 2.0000 -4.0000 1.0000 -2.5000 2 1.0000 1.0000 1.0560 -10.0000 2.0000 6.0000 -14.0000 -2.0000 -6.0000 0.2500 0.2500 0.2500 0.2500 0.2500 1.2500 1.8004 3.2926 
12.0000 36.0000 2.0000 0.0000 0.0000 -7.5000 2 1.0000 1.0000 0.9260 -10.0000 -2.0000 6.0000 -6.0000 10.0000 2.0000 0.2555 0.2933 0.1927 0.3409 0.1746 1.2570 1.8259 3.3329 
12.0000 26.0000 2.0000 -2.0000 0.0000 2.5000 8 -1.0000 1.0000 0.9090 -12.0000 0.0000 4.0000 -4.0000 8.0000 -8.0000 0.3753 0.2424 0.2069 0.2468 0.1748 1.2461 1.9572 3.4554 
12.0000 64.0000 2.0000 4.0000 0.0000 -7.5000 2 1.0000 1.0000 0.7920 -6.0000 2.0000 14.0000 -2.0000 10.0000 6.0000 0.3487 0.1529 0.3748 0.2143 0.1540 1.2446 1.8799 3.3872 
12.0000 12.0000 2.0000 -4.0000 0.0000 2.5000 8 -1.0000 1.0000 0.8050 -10.0000 -2.0000 6.0000 -6.0000 2.0000 -14.0000 0.3686 0.1798 0.2792 0.2247 0.1898 1.2420 1.9411 3.4346 
12.0000 15.0000 2.0000 -2.0000 1.0000 -7.5000 2 1.0000 1.0000 0.7120 8.0000 -4.0000 -12.0000 0.0000 -8.0000 4.0000 0.2500 0.2500 0.2500 0.2500 0.2500 1.2500 1.7732 3.2760 
12.0000 61.0000 2.0000 4.0000 1.0000 2.5000 2 1.0000 0.0000 2.3650 -6.0000 2.0000 14.0000 -2.0000 10.0000 6.0000 0.2500 0.2500 0.2500 0.2500 0.2500 1.2500 1.7910 3.2925 
12.0000 60.0000 2.0000 4.0000 1.0000 0.0000 8 -1.0000 0.0000 1.3820 -6.0000 6.0000 14.0000 2.0000 10.0000 -2.0000 0.2500 0.2500 0.2500 0.2500 0.2500 1.2500 1.8236 3.3260 
12.0000 14.0000 2.0000 -4.0000 0.0000 7.5000 8 -1.0000 1.0000 1.0460 -10.0000 2.0000 6.0000 -14.0000 -2.0000 -6.0000 0.2700 0.3907 0.2524 0.1797 0.1523 1.2451 1.8577 3.3543 
12.0000 66.0000 2.0000 4.0000 0.0000 -2.5000 2 1.0000 1.0000 2.3800 14.0000 2.0000 -6.0000 6.0000 -2.0000 10.0000 0.1652 0.2244 0.1615 0.3691 0.3340 1.2544 1.8848 3.3801 
12.0000 37.0000 2.0000 0.0000 0.0000 -5.0000 2 1.0000 1.0000 1.0680 2.0000 -6.0000 -10.0000 10.0000 -2.0000 6.0000 0.2904 0.2011 0.2511 0.1660 0.3457 1.2543 1.8279 3.3303 
12.0000 52.0000 2.0000 2.0000 0.0000 -2.5000 2 1.0000 1.0000 1.3410 -4.0000 4.0000 8.0000 0.0000 12.0000 -8.0000 0.1847 0.2317 0.3056 0.3453 0.1828 1.2501 1.9963 3.4928 
12.0000 19.0000 2.0000 -2.0000 1.0000 2.5000 8 -1.0000 1.0000 3.2010 4.0000 -4.0000 -8.0000 0.0000 -12.0000 8.0000 0.2500 0.2500 0.2500 0.2500 0.2500 1.2500 1.8220 3.3093 
12.0000 70.0000 2.0000 4.0000 0.0000 7.5000 8 -1.0000 1.0000 1.4170 10.0000 -2.0000 -6.0000 14.0000 2.0000 6.0000 0.1579 0.3513 0.2745 0.2191 0.2506 1.2534 1.9970 3.5126 
12.0000 8.0000 2.0000 -4.0000 0.0000 -7.5000 2 1.0000 1.0000 0.7640 -14.0000 -6.0000 6.0000 -10.0000 2.0000 -2.0000 0.2080 0.2778 0.3349 0.1697 0.2644 1.2549 1.9327 3.4474 
12.0000 38.0000 2.0000 0.0000 0.0000 -2.5000 2 1.0000 1.0000 2.3800 2.0000 -6.0000 -10.0000 10.0000 -2.0000 6.0000 0.1703 0.2760 0.3585 0.2844 0.1533 1.2425 1.8795 3.3852 
12.0000 56.0000 2.0000 2.0000 0.0000 7.5000 8 -1.0000 1.0000 1.0820 -8.0000 0.0000 8.0000 -4.0000 12.0000 4.0000 0.2959 0.1955 0.3483 0.1882 0.2228 1.2506 1.9226 3.4266 
12.0000 23.0000 2.0000 -2.0000 0.0000 -5.0000 2 1.0000 1.0000 1.1200 4.0000 -4.0000 -8.0000 0.0000 -12.0000 8.0000 0.2622 0.1544 0.2491 0.3197 0.2674 1.2527 1.7828 3.2952 
12.0000 58.0000 2.0000 4.0000 1.0000 -5.0000 2 1.0000 1.0000 2.9740 14.0000 2.0000 -6.0000 6.0000 -2.0000 10.0000 0.2500 0.2500 0.2500 0.2500 0.2500 1.2500 1.9677 3.4759 
12.0000 48.0000 2.0000 2.0000 1.0000 5.0000 8 -1.0000 1.0000 1.9660 8.0000 0.0000 -8.0000 4.0000 -4.0000 12.0000 0.2500 0.2500 0.2500 0.2500 0.2500 1.2500 1.9179 3.4092 
12.0000 55.0000 2.0000 2.0000 0.0000 5.0000 8 -1.0000 1.0000 1.4310 -4.0000 8.0000 12.0000 -8.0000 4.0000 0.0000 0.2430 0.2161 0.1505 0.3950 0.2528 1.2575 1.8090 3.3166 
12.0000 7.0000 2.0000 -4.0000 1.0000 7.5000 8 -1.0000 1.0000 0.8040 -14.0000 -6.0000 6.0000 -10.0000 2.0000 -2.0000 0.2500 0.2500 0.2500 0.2500 0.2500 1.2500 1.8845 3.3760 
12.0000 51.0000 2.0000 2.0000 0.0000 -5.0000 2 1.0000 1.0000 2.4240 -8.0000 4.0000 12.0000 0.0000 8.0000 -4.0000 0.1686 0.3672 0.2826 0.1740 0.2643 1.2568 1.7958 3.2993 
12.0000 39.0000 2.0000 0.0000 0.0000 0.0000 2 1.0000 0.0000 2.6700 -10.0000 2.0000 10.0000 -2.0000 6.0000 -6.0000 0.1572 0.3124 0.1619 0.2749 0.3459 1.2523 1.8523 3.3448 
12.0000 24.0000 2.0000 -2.0000 0.0000 -2.5000 2 1.0000 1.0000 0.8960 8.0000 0.0000 -12.0000 4.0000 -8.0000 -4.0000 0.2945 0.2549 0.1501 0.3348 0.2167 1.2510 1.8725 3.3768 
12.0000 28.0000 2.0000 -2.0000 0.0000 7.5000 8 -1.0000 1.0000 0.9000 -8.0000 0.0000 4.0000 -4.0000 8.0000 -12.0000 0.2517 0.2048 0.3454 0.1984 0.2406 1.2409 1.8403 3.3335 
12.0000 6.0000 2.0000 -4.0000 1.0000 5.0000 8 -1.0000 1.0000 1.1270 -14.0000 -2.0000 2.0000 -6.0000 6.0000 -10.0000 0.2500 0.2500 0.2500 0.2500 0.2500 1.2500 1.9053 3.4092 
12.0000 9.0000 2.0000 -4.0000 0.0000 -5.0000 2 1.0000 1.0000 1.2530 2.0000 -10.0000 -14.0000 6.0000 -6.0000 -2.0000 0.2679 0.3291 0.2754 0.2240 0.1617 1.2582 1.9185 3.4340 
12.0000 4.0000 2.0000 -4.0000 1.0000 0.0000 2 1.0000 0.0000 2.5380 2.0000 -10.0000 -14.0000 6.0000 -6.0000 -2.0000 0.2500 0.2500 0.2500 0.2500 0.2500 1.2500 1.8906 3.3926 
12.0000 41.0000 2.0000 0.0000 0.0000 5.0000 8 -1.0000 1.0000 0.8740 10.0000 2.0000 -10.0000 6.0000 -6.0000 -2.0000 0.2067 0.3310 0.1652 0.3060 0.2417 1.2505 1.9499 3.4431 
12.0000 59.0000 2.0000 4.0000 1.0000 -2.5000 2 1.0000 1.0000 1.6940 -6.0000 6.0000 14.0000 2.0000 10.0000 -2.0000 0.2500 0.2500 0.2500 0.2500 0.2500 1.2500 1.8450 3.3427 
12.0000 47.0000 2.0000 2.0000 1.0000 2.5000 8 -1.0000 1.0000 1.7740 8.0000 0.0000 -4.0000 4.0000 -8.0000 12.0000 0.2500 0.2500 0.2500 0.2500 0.2500 1.2500 1.9544 3.4592 
12.0000 43.0000 2.0000 2.0000 1.0000 -7.5000 2 1.0000 1.0000 1.0630 8.0000 0.0000 -4.0000 4.0000 -8.0000 12.0000 0.2500 0.2500 0.2500 0.2500 0.2500 1.2500 1.8663 3.3592 
12.0000 53.0000 2.0000 2.0000 0.0000 0.0000 2 1.0000 0.0000 3.9130 -8.0000 4.0000 8.0000 0.0000 12.0000 -4.0000 0.2273 0.2682 0.1871 0.2185 0.3396 1.2407 1.7570 3.2498 
12.0000 2.0000 2.0000 -4.0000 1.0000 -5.0000 2 1.0000 1.0000 0.9310 6.0000 -2.0000 -14.0000 2.0000 -10.0000 -6.0000 0.2500 0.2500 0.2500 0.2500 0.2500 1.2500 1.8424 3.3593 
12.0000 57.0000 2.0000 4.0000 1.0000 -7.5000 2 1.0000 1.0000 2.3290 -6.0000 2.0000 10.0000 -2.0000 14.0000 6.0000 0.2500 0.2500 0.2500 0.2500 0.2500 1.2500 1.7760 3.2759 
12.0000 9.0000 3.0000 -4.0000 0.0000 -5.0000 2 1.0000 1.0000 4.9040 2.0000 -6.0000 -10.0000 -2.0000 -14.0000 6.0000 0.2095 0.1518 0.2294 0.3914 0.2626 1.2447 1.7981 3.2872 
12.0000 20.0000 3.0000 -2.0000 1.0000 5.0000 8 -1.0000 1.0000 0.8210 8.0000 0.0000 -8.0000 4.0000 -12.0000 -4.0000 0.2500 0.2500 0.2500 0.2500 0.2500 1.2500 1.9035 3.3927 
12.0000 44.0000 3.0000 2.0000 1.0000 -5.0000 2 1.0000 1.0000 1.3480 -8.0000 4.0000 12.0000 0.0000 8.0000 -4.0000 0.2500 0.2500 0.2500 0.2500 0.2500 1.2500 1.9999 3.5092 
12.0000 31.0000 3.0000 0.0000 1.0000 -2.5000 2 1.0000 1.0000 1.0410 10.0000 -2.0000 -6.0000 2.0000 -10.0000 6.0000 0.2500 0.2500 0.2500 0.2500 0.2500 1.2500 1.9763 3.4761 
12.0000 62.0000 3.0000 4.0000 1.0000 5.0000 8 -1.0000 1.0000 0.7910 14.0000 2.0000 -6.0000 6.0000 -2.0000 10.0000 0.2500 0.2500 0.2500 0.2500 0.2500 1.2500 1.8744 3.3759 
12.0000 14.0000 3.0000 -4.0000 0.0000 7.5000 8 -1.0000 1.0000 1.5840 -2.0000 -10.0000 -14.0000 6.0000 -6.0000 2.0000 0.2702 0.2442 0.1743 0.2133 0.3427 1.2448 1.8070 3.3040 
12.0000 36.0000 3.0000 0.0000 0.0000 -7.5000 2 1.0000 1.0000 0.7660 -10.0000 2.0000 10.0000 -2.0000 6.0000 -6.0000 0.2952 0.2408 0.2801 0.1792 0.2575 1.2528 1.9161 3.4288 
12.0000 8.0000 3.0000 -4.0000 0.0000 -7.5000 2 1.0000 1.0000 0.7070 6.0000 -2.0000 -10.0000 2.0000 -14.0000 -6.0000 0.2478 0.1721 0.2559 0.3465 0.2241 1.2463 1.7880 3.2889 
12.0000 50.0000 3.0000 2.0000 0.0000 -7.5000 2 1.0000 1.0000 0.8310 -8.0000 4.0000 12.0000 0.0000 8.0000 -4.0000 0.2825 0.2076 0.3132 0.1837 0.2677 1.2548 1.8386 3.3474 
12.0000 48.0000 3.0000 2.0000 1.0000 5.0000 8 -1.0000 1.0000 0.8420 -8.0000 4.0000 8.0000 0.0000 12.0000 -4.0000 0.2500 0.2500 0.2500 0.2500 0.2500 1.2500 1.9507 3.4426 
12.0000 61.0000 3.0000 4.0000 1.0000 2.5000 8 -1.0000 1.0000 0.9850 14.0000 6.0000 -6.0000 10.0000 -2.0000 2.0000 0.2500 0.2500 0.2500 0.2500 0.2500 1.2500 1.8088 3.3091 
12.0000 69.0000 3.0000 4.0000 0.0000 5.0000 8 -1.0000 1.0000 1.2250 10.0000 -2.0000 -6.0000 14.0000 2.0000 6.0000 0.2446 0.2074 0.2617 0.3856 0.1586 1.2579 1.9117 3.4170 
12.0000 33.0000 3.0000 0.0000 1.0000 2.5000 8 -1.0000 1.0000 2.6220 6.0000 -2.0000 -10.0000 2.0000 -6.0000 10.0000 0.2500 0.2500 0.2500 0.2500 0.2500 1.2500 1.8776 3.3757 
12.0000 55.0000 3.0000 2.0000 0.0000 5.0000 8 -1.0000 1.0000 0.7590 -4.0000 8.0000 12.0000 -8.0000 4.0000 0.0000 0.2766 0.3616 0.1636 0.1998 0.2440 1.2456 1.8105 3.3216 
12.0000 19.0000 3.0000 -2.0000 1.0000 2.5000 2 1.0000 0.0000 1.1780 4.0000 -8.0000 -12.0000 8.0000 -4.0000 0.0000 0.2500 0.2500 0.2500 0.2500 0.2500 1.2500 1.7713 3.2758 
12.0000 22.0000 3.0000 -2.0000 0.0000 -7.5000 2 1.0000 1.0000 0.6710 4.0000 -8.0000 -12.0000 8.0000 -4.0000 0.0000 0.2114 0.2459 0.1756 0.2463 0.3634 1.2425 1.9426 3.4350 
12.0000 54.0000 3.0000 2.0000 0.0000 2.5000 8 -1.0000 1.0000 0.9710 -4.0000 8.0000 12.0000 -8.0000 4.0000 0.0000 0.2966 0.1928 0.2574 0.3278 0.1747 1.2494 1.9001 3.4087 
12.0000 49.0000 3.0000 2.0000 1.0000 7.5000 8 -1.0000 1.0000 0.8750 -4.0000 4.0000 12.0000 0.0000 8.0000 -8.0000 0.2500 0.2500 0.2500 0.2500 0.2500 1.2500 1.8538 3.3593 
12.0000 58.0000 3.0000 4.0000 1.0000 -5.0000 2 1.0000 1.0000 1.1240 14.0000 6.0000 -6.0000 10.0000 -2.0000 2.0000 0.2500 0.2500 0.2500 0.2500 0.2500 1.2500 1.9514 3.4593 
12.0000 65.0000 3.0000 4.0000 0.0000 -5.0000 2 1.0000 1.0000 0.9690 -2.0000 6.0000 10.0000 2.0000 14.0000 -6.0000 0.2578 0.1971 0.2286 0.3071 0.2660 1.2567 1.9553 3.4660 
12.0000 52.0000 3.0000 2.0000 0.0000 -2.5000 2 1.0000 1.0000 0.9470 12.0000 0.0000 -4.0000 4.0000 -8.0000 8.0000 0.3431 0.1657 0.2979 0.2662 0.1733 1.2463 1.8493 3.3389 
12.0000 60.0000 3.0000 4.0000 1.0000 0.0000 2 1.0000 0.0000 1.3130 10.0000 2.0000 -6.0000 6.0000 -2.0000 14.0000 0.2500 0.2500 0.2500 0.2500 0.2500 1.2500 1.7902 3.2924 
12.0000 25.0000 3.0000 -2.0000 0.0000 0.0000 2 1.0000 0.0000 1.7660 8.0000 -4.0000 -8.0000 0.0000 -12.0000 4.0000 0.2677 0.3065 0.2403 0.1596 0.2818 1.2559 1.7653 3.2651 
12.0000 28.0000 3.0000 -2.0000 0.0000 7.5000 8 -1.0000 1.0000 0.8750 -8.0000 0.0000 4.0000 -4.0000 8.0000 -12.0000 0.3059 0.2084 0.2493 0.1550 0.3352 1.2538 1.9565 3.4631 
12.0000 64.0000 3.0000 4.0000 0.0000 -7.5000 2 1.0000 1.0000 0.8610 2.0000 10.0000 14.0000 -6.0000 6.0000 -2.0000 0.2660 0.2310 0.1536 0.2707 0.3322 1.2535 1.7519 3.2460 
12.0000 66.0000 3.0000 4.0000 0.0000 -2.5000 2 1.0000 1.0000 3.1200 -2.0000 10.0000 14.0000 -6.0000 6.0000 2.0000 0.1799 0.3774 0.2806 0.1851 0.2309 1.2541 1.7737 3.2632 
12.0000 4.0000 3.0000 -4.0000 1.0000 0.0000 2 1.0000 0.0000 1.5950 2.0000 -6.0000 -10.0000 -2.0000 -14.0000 6.0000 0.2500 0.2500 0.2500 0.2500 0.2500 1.2500 1.9728 3.4759 
12.0000 12.0000 3.0000 -4.0000 0.0000 2.5000 2 1.0000 0.0000 0.8950 6.0000 -2.0000 -14.0000 2.0000 -10.0000 -6.0000 0.3682 0.1756 0.2061 0.2348 0.2649 1.2497 1.7557 3.2588 
12.0000 41.0000 3.0000 0.0000 0.0000 5.0000 8 -1.0000 1.0000 0.9170 6.0000 -2.0000 -6.0000 2.0000 -10.0000 10.0000 0.1526 0.3718 0.2573 0.3051 0.1732 1.2600 1.9870 3.5026 
12.0000 53.0000 3.0000 2.0000 0.0000 0.0000 2 1.0000 0.0000 2.3360 -8.0000 4.0000 8.0000 0.0000 12.0000 -4.0000 0.2417 0.3119 0.2202 0.1629 0.3172 1.2540 1.8296 3.3298 
12.0000 42.0000 3.0000 0.0000 0.0000 7.5000 8 -1.0000 1.0000 1.4010 -6.0000 2.0000 6.0000 -2.0000 10.0000 -10.0000 0.2501 0.3107 0.3437 0.1520 0.2030 1.2595 1.8730 3.3854 
12.0000 59.0000 3.0000 4.0000 1.0000 -2.5000 2 1.0000 1.0000 0.8940 -2.0000 10.0000 14.0000 -6.0000 6.0000 2.0000 0.2500 0.2500 0.2500 0.2500 0.2500 1.2500 1.9084 3.4092 
12.0000 10.0000 3.0000 -4.0000 0.0000 -2.5000 2 1.0000 1.0000 1.7600 6.0000 -2.0000 -14.0000 2.0000 -10.0000 -6.0000 0.3243 0.2226 0.2979 0.2471 0.1535 1.2453 1.9127 3.4046 
12.0000 68.0000 3.0000 4.0000 0.0000 2.5000 8 -1.0000 1.0000 2.8370 14.0000 2.0000 -6.0000 6.0000 -2.0000 10.0000 0.1898 0.2445 0.3136 0.2832 0.2163 1.2473 1.9620 3.4567 
12.0000 37.0000 3.0000 0.0000 0.0000 -5.0000 2 1.0000 1.0000 0.9970 6.0000 -2.0000 -6.0000 2.0000 -10.0000 10.0000 0.2864 0.3243 0.2150 0.2718 0.1561 1.2536 1.8291 3.3294 
12.0000 17.0000 3.0000 -2.0000 1.0000 -2.5000 2 1.0000 1.0000 1.0250 8.0000 -4.0000 -12.0000 0.0000 -8.0000 4.0000 0.2500 0.2500 0.2500 0.2500 0.2500 1.2500 1.7588 3.2592 
12.0000 21.0000 3.0000 -2.0000 1.0000 7.5000 8 -1.0000 1.0000 1.4230 0.0000 -8.0000 -12.0000 8.0000 -4.0000 4.0000 0.2500 0.2500 0.2500 0.2500 0.2500 1.2500 1.8620 3.3760 
12.0000 32.0000 3.0000 0.0000 1.0000 0.0000 2 1.0000 0.0000 1.5180 6.0000 -2.0000 -10.0000 2.0000 -6.0000 10.0000 0.2500 0.2500 0.2500 0.2500 0.2500 1.2500 1.7880 3.2924 
12.0000 40.0000 3.0000 0.0000 0.0000 2.5000 2 1.0000 0.0000 3.0750 6.0000 -2.0000 -10.0000 2.0000 -6.0000 10.0000 0.3317 0.2297 0.3026 0.2197 0.1641 1.2478 1.7958 3.3069 
12.0000 7.0000 3.0000 -4.0000 1.0000 7.5000 8 -1.0000 1.0000 2.2270 -2.0000 -10.0000 -14.0000 6.0000 -6.0000 2.0000 0.2500 0.2500 0.2500 0.2500 0.2500 1.2500 1.9442 3.4426 
12.0000 38.0000 3.0000 0.0000 0.0000 -2.5000 2 1.0000 1.0000 0.6880 10.0000 2.0000 -10.0000 6.0000 -6.0000 -2.0000 0.3474 0.2333 0.1772 0.3194 0.1632 1.2404 1.9226 3.4163 
12.0000 1.0000 3.0000 -4.0000 1.0000 -7.5000 2 1.0000 1.0000 0.7920 2.0000 -6.0000 -14.0000 -2.0000 -10.0000 6.0000 0.2500 0.2500 0.2500 0.2500 0.2500 1.2500 1.9249 3.4259 
12.0000 63.0000 3.0000 4.0000 1.0000 7.5000 8 -1.0000 1.0000 0.8140 -6.0000 6.0000 10.0000 2.0000 14.0000 -2.0000 0.2500 0.2500 0.2500 0.2500 0.2500 1.2500 1.7512 3.2425 
12.0000 18.0000 3.0000 -2.0000 1.0000 0.0000 8 -1.0000 0.0000 4.0760 8.0000 -4.0000 -12.0000 0.0000 -8.0000 4.0000 0.2500 0.2500 0.2500 0.2500 0.2500 1.2500 1.8756 3.3758 
12.0000 11.0000 3.0000 -4.0000 0.0000 0.0000 8 -1.0000 0.0000 2.0040 -10.0000 -2.0000 6.0000 -6.0000 2.0000 -14.0000 0.2438 0.3706 0.2182 0.1625 0.2594 1.2545 1.9713 3.4636 
12.0000 45.0000 3.0000 2.0000 1.0000 -2.5000 2 1.0000 1.0000 2.9740 8.0000 -4.0000 -8.0000 12.0000 0.0000 4.0000 0.2500 0.2500 0.2500 0.2500 0.2500 1.2500 1.9930 3.4926 
12.0000 57.0000 3.0000 4.0000 1.0000 -7.5000 2 1.0000 1.0000 0.7500 -2.0000 10.0000 14.0000 -6.0000 6.0000 2.0000 0.2500 0.2500 0.2500 0.2500 0.2500 1.2500 1.8109 3.3258 
12.0000 39.0000 3.0000 0.0000 0.0000 0.0000 2 1.0000 0.0000 2.9430 2.0000 -6.0000 -10.0000 10.0000 -2.0000 6.0000 0.1500 0.3869 0.1826 0.2501 0.2891 1.2587 1.8771 3.4012 
12.0000 16.0000 3.0000 -2.0000 1.0000 -5.0000 2 1.0000 1.0000 0.9240 8.0000 -4.0000 -12.0000 0.0000 -8.0000 4.0000 0.2500 0.2500 0.2500 0.2500 0.2500 1.2500 1.7652 3.2759 
12.0000 30.0000 3.0000 0.0000 1.0000 -5.0000 2 1.0000 1.0000 0.8280 6.0000 -6.0000 -10.0000 10.0000 -2.0000 2.0000 0.2500 0.2500 0.2500 0.2500 0.2500 1.2500 1.8555 3.3593 
12.0000 27.0000 3.0000 -2.0000 0.0000 5.0000 8 -1.0000 1.0000 1.4780 -8.0000 4.0000 8.0000 -12.0000 0.0000 -4.0000 0.2343 0.1772 0.2546 0.3386 0.2496 1.2543 1.8002 3.3135 
12.0000 23.0000 3.0000 -2.0000 0.0000 -5.0000 2 1.0000 1.0000 0.9140 -12.0000 -4.0000 8.0000 -8.0000 4.0000 0.0000 0.1716 0.2916 0.3482 0.1778 0.2646 1.2538 1.8209 3.3297 
12.0000 29.0000 3.0000 0.0000 1.0000 -7.5000 2 1.0000 1.0000 1.4290 2.0000 -6.0000 -10.0000 10.0000 -2.0000 6.0000 0.2500 0.2500 0.2500 0.2500 0.2500 1.2500 1.9191 3.4259 
12.0000 15.0000 3.0000 -2.0000 1.0000 -7.5000 2 1.0000 1.0000 0.9870 4.0000 -4.0000 -8.0000 0.0000 -12.0000 8.0000 0.2500 0.2500 0.2500 0.2500 0.2500 1.2500 1.8211 3.3259 
12.0000 2.0000 3.0000 -4.0000 1.0000 -5.0000 2 1.0000 1.0000 0.8310 2.0000 -10.0000 -14.0000 6.0000 -6.0000 -2.0000 0.2500 0.2500 0.2500 0.2500 0.2500 1.2500 1.9594 3.4593 
12.0000 70.0000 3.0000 4.0000 0.0000 7.5000 8 -1.0000 1.0000 0.9020 -2.0000 6.0000 14.0000 2.0000 10.0000 -6.0000 0.2477 0.3293 0.2165 0.2523 0.2009 1.2467 1.8470 3.3392 
12.0000 13.0000 3.0000 -4.0000 0.0000 5.0000 8 -1.0000 1.0000 2.7500 -10.0000 2.0000 6.0000 -14.0000 -2.0000 -6.0000 0.1664 0.2609 0.2286 0.3099 0.2794 1.2452 1.7678 3.2544 
12.0000 5.0000 3.0000 -4.0000 1.0000 2.5000 8 -1.0000 1.0000 2.1860 -10.0000 -2.0000 2.0000 -6.0000 6.0000 -14.0000 0.2500 0.2500 0.2500 0.2500 0.2500 1.2500 1.8143 3.3092 
12.0000 56.0000 3.0000 2.0000 0.0000 7.5000 8 -1.0000 1.0000 0.8090 -4.0000 4.0000 8.0000 0.0000 12.0000 -8.0000 0.3763 0.2164 0.2648 0.1776 0.2246 1.2596 1.8308 3.3521 
12.0000 3.0000 3.0000 -4.0000 1.0000 -2.5000 NR 0.0000 0.0000 0.0000 -10.0000 2.0000 6.0000 -14.0000 -2.0000 -6.0000 0.2500 0.2500 0.2500 0.2500 0.2500 1.2500 1.9167 3.4259 
12.0000 47.0000 3.0000 2.0000 1.0000 2.5000 8 -1.0000 1.0000 4.0040 8.0000 0.0000 -4.0000 4.0000 -8.0000 12.0000 0.2500 0.2500 0.2500 0.2500 0.2500 1.2500 1.8726 3.3758 
12.0000 24.0000 3.0000 -2.0000 0.0000 -2.5000 2 1.0000 1.0000 0.8810 -12.0000 0.0000 4.0000 -4.0000 8.0000 -8.0000 0.2960 0.2198 0.1701 0.3607 0.2062 1.2529 1.8875 3.3953 
12.0000 51.0000 3.0000 2.0000 0.0000 -5.0000 2 1.0000 1.0000 1.0080 12.0000 4.0000 -4.0000 8.0000 -8.0000 0.0000 0.3276 0.1505 0.3500 0.2546 0.1616 1.2443 1.7550 3.2536 
12.0000 26.0000 3.0000 -2.0000 0.0000 2.5000 8 -1.0000 1.0000 2.8490 8.0000 0.0000 -12.0000 4.0000 -8.0000 -4.0000 0.1874 0.2813 0.2052 0.3608 0.2148 1.2494 1.8528 3.3586 
12.0000 34.0000 3.0000 0.0000 1.0000 5.0000 8 -1.0000 1.0000 1.9920 -6.0000 6.0000 10.0000 -10.0000 2.0000 -2.0000 0.2500 0.2500 0.2500 0.2500 0.2500 1.2500 1.8033 3.2925 
12.0000 6.0000 3.0000 -4.0000 1.0000 5.0000 2 1.0000 0.0000 3.0780 -14.0000 -6.0000 2.0000 -10.0000 6.0000 -2.0000 0.2500 0.2500 0.2500 0.2500 0.2500 1.2500 1.8786 3.3760 
12.0000 46.0000 3.0000 2.0000 1.0000 0.0000 2 1.0000 0.0000 1.9800 8.0000 -4.0000 -8.0000 12.0000 0.0000 4.0000 0.2500 0.2500 0.2500 0.2500 0.2500 1.2500 1.8495 3.3425 
12.0000 67.0000 3.0000 4.0000 0.0000 0.0000 2 1.0000 0.0000 1.9980 14.0000 6.0000 -6.0000 10.0000 -2.0000 2.0000 0.1805 0.2417 0.3159 0.1794 0.3410 1.2587 1.9556 3.4680 
12.0000 35.0000 3.0000 0.0000 1.0000 7.5000 8 -1.0000 1.0000 0.8520 -6.0000 6.0000 10.0000 -10.0000 2.0000 -2.0000 0.2500 0.2500 0.2500 0.2500 0.2500 1.2500 1.8978 3.4094 
12.0000 43.0000 3.0000 2.0000 1.0000 -7.5000 2 1.0000 1.0000 0.9450 12.0000 4.0000 -4.0000 8.0000 -8.0000 0.0000 0.2500 0.2500 0.2500 0.2500 0.2500 1.2500 1.8642 3.3760 
12.0000 38.0000 4.0000 0.0000 0.0000 -2.5000 2 1.0000 1.0000 1.0400 -2.0000 6.0000 10.0000 -10.0000 2.0000 -6.0000 0.2125 0.3493 0.2046 0.2550 0.2258 1.2472 1.9607 3.4567 
12.0000 63.0000 4.0000 4.0000 1.0000 7.5000 8 -1.0000 1.0000 0.8210 10.0000 -2.0000 -6.0000 14.0000 2.0000 6.0000 0.2500 0.2500 0.2500 0.2500 0.2500 1.2500 1.8775 3.3758 
12.0000 27.0000 4.0000 -2.0000 0.0000 5.0000 8 -1.0000 1.0000 1.3430 -12.0000 0.0000 8.0000 -4.0000 4.0000 -8.0000 0.3223 0.2275 0.1585 0.3157 0.2358 1.2597 1.7605 3.2689 
12.0000 8.0000 4.0000 -4.0000 0.0000 -7.5000 2 1.0000 1.0000 0.8460 6.0000 -6.0000 -10.0000 -2.0000 -14.0000 2.0000 0.1952 0.2218 0.3379 0.1750 0.3126 1.2425 1.7781 3.2683 
12.0000 54.0000 4.0000 2.0000 0.0000 2.5000 8 -1.0000 1.0000 3.3050 12.0000 4.0000 -8.0000 8.0000 -4.0000 0.0000 0.3985 0.2582 0.1609 0.2569 0.1770 1.2515 1.9493 3.4442 
12.0000 36.0000 4.0000 0.0000 0.0000 -7.5000 2 1.0000 1.0000 0.6690 10.0000 2.0000 -10.0000 6.0000 -6.0000 -2.0000 0.2609 0.3783 0.1784 0.2435 0.1898 1.2511 1.8012 3.2935 
12.0000 3.0000 4.0000 -4.0000 1.0000 -2.5000 2 1.0000 1.0000 0.9980 -14.0000 -6.0000 2.0000 -10.0000 6.0000 -2.0000 0.2500 0.2500 0.2500 0.2500 0.2500 1.2500 1.9965 3.4926 
12.0000 52.0000 4.0000 2.0000 0.0000 -2.5000 2 1.0000 1.0000 0.9390 12.0000 4.0000 -4.0000 8.0000 -8.0000 0.0000 0.1915 0.3866 0.2690 0.1566 0.2395 1.2432 1.9743 3.4523 
12.0000 11.0000 4.0000 -4.0000 0.0000 0.0000 2 1.0000 0.0000 0.8470 -6.0000 2.0000 6.0000 -14.0000 -2.0000 -10.0000 0.3080 0.2063 0.3152 0.1916 0.2309 1.2520 1.7608 3.2779 
12.0000 25.0000 4.0000 -2.0000 0.0000 0.0000 2 1.0000 0.0000 0.9650 4.0000 -4.0000 -12.0000 0.0000 -8.0000 8.0000 0.3523 0.2073 0.2558 0.1540 0.2904 1.2598 1.8331 3.3525 
12.0000 34.0000 4.0000 0.0000 1.0000 5.0000 8 -1.0000 1.0000 2.1950 10.0000 2.0000 -10.0000 6.0000 -6.0000 -2.0000 0.2500 0.2500 0.2500 0.2500 0.2500 1.2500 1.9450 3.4426 
12.0000 20.0000 4.0000 -2.0000 1.0000 5.0000 8 -1.0000 1.0000 1.8920 8.0000 -4.0000 -12.0000 0.0000 -8.0000 4.0000 0.2500 0.2500 0.2500 0.2500 0.2500 1.2500 1.9688 3.4759 
12.0000 30.0000 4.0000 0.0000 1.0000 -5.0000 2 1.0000 1.0000 0.7540 -10.0000 2.0000 10.0000 -2.0000 6.0000 -6.0000 0.2500 0.2500 0.2500 0.2500 0.2500 1.2500 1.9939 3.4926 
12.0000 17.0000 4.0000 -2.0000 1.0000 -2.5000 2 1.0000 1.0000 1.1710 -8.0000 0.0000 4.0000 -4.0000 8.0000 -12.0000 0.2500 0.2500 0.2500 0.2500 0.2500 1.2500 1.9046 3.4092 
12.0000 44.0000 4.0000 2.0000 1.0000 -5.0000 2 1.0000 1.0000 0.9080 -8.0000 4.0000 12.0000 0.0000 8.0000 -4.0000 0.2500 0.2500 0.2500 0.2500 0.2500 1.2500 1.8370 3.3425 
12.0000 16.0000 4.0000 -2.0000 1.0000 -5.0000 2 1.0000 1.0000 0.8500 8.0000 -4.0000 -12.0000 0.0000 -8.0000 4.0000 0.2500 0.2500 0.2500 0.2500 0.2500 1.2500 1.7898 3.2925 
12.0000 22.0000 4.0000 -2.0000 0.0000 -7.5000 2 1.0000 1.0000 1.0220 8.0000 -4.0000 -12.0000 0.0000 -8.0000 4.0000 0.2630 0.2344 0.2072 0.3428 0.1941 1.2415 1.9494 3.4341 
12.0000 6.0000 4.0000 -4.0000 1.0000 5.0000 2 1.0000 0.0000 2.0240 2.0000 -6.0000 -14.0000 -2.0000 -10.0000 6.0000 0.2500 0.2500 0.2500 0.2500 0.2500 1.2500 1.8161 3.3092 
12.0000 14.0000 4.0000 -4.0000 0.0000 7.5000 8 -1.0000 1.0000 0.8250 -14.0000 -2.0000 2.0000 -6.0000 6.0000 -10.0000 0.3492 0.1924 0.2681 0.1900 0.2415 1.2412 1.8220 3.3003 
12.0000 18.0000 4.0000 -2.0000 1.0000 0.0000 2 1.0000 0.0000 4.7070 -12.0000 -4.0000 8.0000 -8.0000 4.0000 0.0000 0.2500 0.2500 0.2500 0.2500 0.2500 1.2500 1.7806 3.2759 
12.0000 15.0000 4.0000 -2.0000 1.0000 -7.5000 2 1.0000 1.0000 0.9390 -8.0000 4.0000 8.0000 -12.0000 0.0000 -4.0000 0.2500 0.2500 0.2500 0.2500 0.2500 1.2500 1.9093 3.4091 
12.0000 39.0000 4.0000 0.0000 0.0000 0.0000 2 1.0000 0.0000 2.2370 -10.0000 -2.0000 6.0000 -6.0000 10.0000 2.0000 0.2267 0.3492 0.1514 0.3107 0.2133 1.2512 1.9812 3.4939 
12.0000 26.0000 4.0000 -2.0000 0.0000 2.5000 2 1.0000 0.0000 1.7400 8.0000 0.0000 -12.0000 4.0000 -8.0000 -4.0000 0.2245 0.1660 0.2598 0.2904 0.3181 1.2588 1.9843 3.5014 
12.0000 1.0000 4.0000 -4.0000 1.0000 -7.5000 2 1.0000 1.0000 0.8590 -10.0000 -2.0000 2.0000 -6.0000 6.0000 -14.0000 0.2500 0.2500 0.2500 0.2500 0.2500 1.2500 1.9435 3.4426 
12.0000 49.0000 4.0000 2.0000 1.0000 7.5000 8 -1.0000 1.0000 1.0950 -4.0000 8.0000 12.0000 -8.0000 4.0000 0.0000 0.2500 0.2500 0.2500 0.2500 0.2500 1.2500 1.8677 3.3759 
12.0000 50.0000 4.0000 2.0000 0.0000 -7.5000 2 1.0000 1.0000 0.9210 -4.0000 4.0000 12.0000 0.0000 8.0000 -8.0000 0.2353 0.1574 0.2486 0.2161 0.3945 1.2518 1.9479 3.4443 
12.0000 60.0000 4.0000 4.0000 1.0000 0.0000 2 1.0000 0.0000 2.5740 10.0000 -2.0000 -6.0000 14.0000 2.0000 6.0000 0.2500 0.2500 0.2500 0.2500 0.2500 1.2500 1.9708 3.4759 
12.0000 31.0000 4.0000 0.0000 1.0000 -2.5000 2 1.0000 1.0000 2.8330 -2.0000 6.0000 10.0000 -10.0000 2.0000 -6.0000 0.2500 0.2500 0.2500 0.2500 0.2500 1.2500 1.8350 3.3259 
12.0000 69.0000 4.0000 4.0000 0.0000 5.0000 8 -1.0000 1.0000 0.8220 -6.0000 6.0000 14.0000 2.0000 10.0000 -2.0000 0.1617 0.2887 0.1808 0.2799 0.3466 1.2577 1.8306 3.3335 
12.0000 46.0000 4.0000 2.0000 1.0000 0.0000 2 1.0000 0.0000 1.5010 8.0000 -4.0000 -8.0000 12.0000 0.0000 4.0000 0.2500 0.2500 0.2500 0.2500 0.2500 1.2500 1.9137 3.4092 
12.0000 48.0000 4.0000 2.0000 1.0000 5.0000 8 -1.0000 1.0000 0.8050 12.0000 0.0000 -8.0000 4.0000 -4.0000 8.0000 0.2500 0.2500 0.2500 0.2500 0.2500 1.2500 1.9133 3.4259 
12.0000 61.0000 4.0000 4.0000 1.0000 2.5000 8 -1.0000 1.0000 2.2990 -6.0000 2.0000 10.0000 -2.0000 14.0000 6.0000 0.2500 0.2500 0.2500 0.2500 0.2500 1.2500 1.8419 3.3425 
12.0000 43.0000 4.0000 2.0000 1.0000 -7.5000 2 1.0000 1.0000 1.1420 0.0000 8.0000 12.0000 -8.0000 4.0000 -4.0000 0.2500 0.2500 0.2500 0.2500 0.2500 1.2500 1.8610 3.3592 
12.0000 67.0000 4.0000 4.0000 0.0000 0.0000 2 1.0000 0.0000 2.9950 14.0000 2.0000 -6.0000 6.0000 -2.0000 10.0000 0.2425 0.1991 0.3866 0.2540 0.1638 1.2460 1.7873 3.2885 
12.0000 62.0000 4.0000 4.0000 1.0000 5.0000 8 -1.0000 1.0000 0.6500 14.0000 2.0000 -2.0000 6.0000 -6.0000 10.0000 0.2500 0.2500 0.2500 0.2500 0.2500 1.2500 1.8687 3.3757 
12.0000 59.0000 4.0000 4.0000 1.0000 -2.5000 2 1.0000 1.0000 2.0250 10.0000 2.0000 -6.0000 6.0000 -2.0000 14.0000 0.2500 0.2500 0.2500 0.2500 0.2500 1.2500 1.8298 3.3259 
12.0000 68.0000 4.0000 4.0000 0.0000 2.5000 8 -1.0000 1.0000 0.9370 -2.0000 6.0000 14.0000 2.0000 10.0000 -6.0000 0.1623 0.3622 0.1884 0.3298 0.2151 1.2577 1.7713 3.2835 
12.0000 51.0000 4.0000 2.0000 0.0000 -5.0000 2 1.0000 1.0000 2.6080 8.0000 -4.0000 -8.0000 12.0000 0.0000 4.0000 0.1714 0.3058 0.2558 0.3060 0.2074 1.2465 1.9667 3.4558 
12.0000 28.0000 4.0000 -2.0000 0.0000 7.5000 8 -1.0000 1.0000 0.8070 -12.0000 -4.0000 4.0000 -8.0000 8.0000 0.0000 0.2935 0.2666 0.1788 0.3536 0.1667 1.2591 1.8393 3.3517 
12.0000 42.0000 4.0000 0.0000 0.0000 7.5000 8 -1.0000 1.0000 1.7180 10.0000 -2.0000 -10.0000 2.0000 -6.0000 6.0000 0.2347 0.2738 0.2424 0.3092 0.1878 1.2480 1.8868 3.3740 
12.0000 21.0000 4.0000 -2.0000 1.0000 7.5000 8 -1.0000 1.0000 1.1400 -12.0000 -4.0000 8.0000 -8.0000 4.0000 0.0000 0.2500 0.2500 0.2500 0.2500 0.2500 1.2500 1.7894 3.2757 
12.0000 32.0000 4.0000 0.0000 1.0000 0.0000 8 -1.0000 0.0000 3.1730 -6.0000 2.0000 10.0000 -2.0000 6.0000 -10.0000 0.2500 0.2500 0.2500 0.2500 0.2500 1.2500 1.8704 3.3759 
12.0000 19.0000 4.0000 -2.0000 1.0000 2.5000 2 1.0000 0.0000 2.0640 -4.0000 4.0000 8.0000 -12.0000 0.0000 -8.0000 0.2500 0.2500 0.2500 0.2500 0.2500 1.2500 1.7544 3.2592 
12.0000 35.0000 4.0000 0.0000 1.0000 7.5000 8 -1.0000 1.0000 0.7340 -6.0000 2.0000 6.0000 -2.0000 10.0000 -10.0000 0.2500 0.2500 0.2500 0.2500 0.2500 1.2500 1.8260 3.3258 
12.0000 41.0000 4.0000 0.0000 0.0000 5.0000 8 -1.0000 1.0000 2.3160 -6.0000 6.0000 10.0000 -10.0000 2.0000 -2.0000 0.3524 0.1543 0.2267 0.3136 0.1993 1.2463 1.7583 3.2554 
12.0000 58.0000 4.0000 4.0000 1.0000 -5.0000 2 1.0000 1.0000 1.5980 6.0000 -2.0000 -6.0000 14.0000 2.0000 10.0000 0.2500 0.2500 0.2500 0.2500 0.2500 1.2500 1.8760 3.3760 
12.0000 4.0000 4.0000 -4.0000 1.0000 0.0000 2 1.0000 0.0000 1.2160 2.0000 -6.0000 -10.0000 -2.0000 -14.0000 6.0000 0.2500 0.2500 0.2500 0.2500 0.2500 1.2500 1.9878 3.4926 
12.0000 55.0000 4.0000 2.0000 0.0000 5.0000 8 -1.0000 1.0000 0.8640 -8.0000 4.0000 8.0000 0.0000 12.0000 -4.0000 0.2116 0.1689 0.3110 0.1753 0.3866 1.2535 1.8366 3.3461 
12.0000 2.0000 4.0000 -4.0000 1.0000 -5.0000 2 1.0000 1.0000 0.7100 -14.0000 -2.0000 6.0000 -6.0000 2.0000 -10.0000 0.2500 0.2500 0.2500 0.2500 0.2500 1.2500 1.8858 3.3760 
12.0000 66.0000 4.0000 4.0000 0.0000 -2.5000 2 1.0000 1.0000 2.2450 -6.0000 2.0000 10.0000 -2.0000 14.0000 6.0000 0.2977 0.1834 0.2502 0.3259 0.1836 1.2408 1.7990 3.2833 
12.0000 7.0000 4.0000 -4.0000 1.0000 7.5000 8 -1.0000 1.0000 1.4660 2.0000 -6.0000 -14.0000 -2.0000 -10.0000 6.0000 0.2500 0.2500 0.2500 0.2500 0.2500 1.2500 1.8719 3.3593 
12.0000 53.0000 4.0000 2.0000 0.0000 0.0000 8 -1.0000 0.0000 3.4430 -8.0000 4.0000 8.0000 0.0000 12.0000 -4.0000 0.2908 0.1530 0.2622 0.1537 0.3925 1.2522 1.9730 3.4781 
12.0000 56.0000 4.0000 2.0000 0.0000 7.5000 8 -1.0000 1.0000 0.7560 12.0000 4.0000 -8.0000 8.0000 -4.0000 0.0000 0.2138 0.2863 0.3138 0.1583 0.2837 1.2559 1.8920 3.3986 
12.0000 29.0000 4.0000 0.0000 1.0000 -7.5000 2 1.0000 1.0000 0.6320 10.0000 2.0000 -6.0000 6.0000 -10.0000 -2.0000 0.2500 0.2500 0.2500 0.2500 0.2500 1.2500 1.9827 3.4927 
12.0000 33.0000 4.0000 0.0000 1.0000 2.5000 8 -1.0000 1.0000 3.4540 -6.0000 6.0000 10.0000 -10.0000 2.0000 -2.0000 0.2500 0.2500 0.2500 0.2500 0.2500 1.2500 1.8736 3.3759 
12.0000 13.0000 4.0000 -4.0000 0.0000 5.0000 8 -1.0000 1.0000 3.5600 6.0000 -2.0000 -14.0000 2.0000 -10.0000 -6.0000 0.2679 0.3295 0.1632 0.3349 0.1536 1.2493 1.9000 3.4085 
12.0000 47.0000 4.0000 2.0000 1.0000 2.5000 8 -1.0000 1.0000 3.1400 12.0000 4.0000 -8.0000 8.0000 -4.0000 0.0000 0.2500 0.2500 0.2500 0.2500 0.2500 1.2500 1.9652 3.4593 
12.0000 10.0000 4.0000 -4.0000 0.0000 -2.5000 2 1.0000 1.0000 0.6810 6.0000 -2.0000 -10.0000 2.0000 -14.0000 -6.0000 0.2752 0.2385 0.2644 0.1606 0.3091 1.2479 1.7805 3.2738 
12.0000 64.0000 4.0000 4.0000 0.0000 -7.5000 2 1.0000 1.0000 0.9090 -6.0000 6.0000 14.0000 2.0000 10.0000 -2.0000 0.2754 0.1825 0.2622 0.3138 0.2183 1.2521 1.8759 3.3781 
12.0000 9.0000 4.0000 -4.0000 0.0000 -5.0000 2 1.0000 1.0000 0.7740 -6.0000 2.0000 6.0000 -14.0000 -2.0000 -10.0000 0.1544 0.3767 0.2483 0.3263 0.1531 1.2588 1.7706 3.2679 
12.0000 40.0000 4.0000 0.0000 0.0000 2.5000 2 1.0000 0.0000 2.9000 6.0000 -6.0000 -10.0000 10.0000 -2.0000 2.0000 0.2530 0.1596 0.2128 0.3340 0.2858 1.2452 1.7596 3.2544 
12.0000 45.0000 4.0000 2.0000 1.0000 -2.5000 2 1.0000 1.0000 2.3320 8.0000 -4.0000 -8.0000 12.0000 0.0000 4.0000 0.2500 0.2500 0.2500 0.2500 0.2500 1.2500 1.8880 3.3926 
12.0000 12.0000 4.0000 -4.0000 0.0000 2.5000 8 -1.0000 1.0000 1.5250 6.0000 -2.0000 -10.0000 2.0000 -14.0000 -6.0000 0.1979 0.3125 0.2564 0.3254 0.1663 1.2585 1.9054 3.4178 
12.0000 23.0000 4.0000 -2.0000 0.0000 -5.0000 2 1.0000 1.0000 0.7310 -12.0000 0.0000 4.0000 -4.0000 8.0000 -8.0000 0.3469 0.1653 0.3539 0.2159 0.1613 1.2433 1.9237 3.4193 
12.0000 65.0000 4.0000 4.0000 0.0000 -5.0000 2 1.0000 1.0000 1.8030 -6.0000 6.0000 14.0000 2.0000 10.0000 -2.0000 0.2135 0.1576 0.2751 0.3448 0.2614 1.2525 1.9422 3.4450 
12.0000 70.0000 4.0000 4.0000 0.0000 7.5000 8 -1.0000 1.0000 0.7070 -2.0000 6.0000 10.0000 2.0000 14.0000 -6.0000 0.1935 0.2720 0.1526 0.3770 0.2618 1.2569 1.9858 3.4995 
12.0000 57.0000 4.0000 4.0000 1.0000 -7.5000 2 1.0000 1.0000 0.7630 -6.0000 6.0000 10.0000 2.0000 14.0000 -2.0000 0.2500 0.2500 0.2500 0.2500 0.2500 1.2500 1.7639 3.2591 
12.0000 37.0000 4.0000 0.0000 0.0000 -5.0000 2 1.0000 1.0000 0.8520 -10.0000 2.0000 6.0000 -2.0000 10.0000 -6.0000 0.1807 0.3493 0.2194 0.2768 0.2241 1.2503 1.8686 3.3764 
12.0000 24.0000 4.0000 -2.0000 0.0000 -2.5000 2 1.0000 1.0000 0.6600 8.0000 0.0000 -12.0000 4.0000 -8.0000 -4.0000 0.2329 0.3329 0.2956 0.2106 0.1743 1.2463 1.8385 3.3388 
12.0000 5.0000 4.0000 -4.0000 1.0000 2.5000 8 -1.0000 1.0000 2.8060 -10.0000 -2.0000 2.0000 -6.0000 6.0000 -14.0000 0.2500 0.2500 0.2500 0.2500 0.2500 1.2500 1.9427 3.4426 
12.0000 48.0000 5.0000 2.0000 1.0000 5.0000 8 -1.0000 1.0000 0.6190 -4.0000 4.0000 8.0000 0.0000 12.0000 -8.0000 0.2500 0.2500 0.2500 0.2500 0.2500 1.2500 1.7567 3.2424 
12.0000 38.0000 5.0000 0.0000 0.0000 -2.5000 2 1.0000 1.0000 0.7340 -6.0000 2.0000 6.0000 -2.0000 10.0000 -10.0000 0.1991 0.2792 0.3558 0.2242 0.1851 1.2434 1.9311 3.4360 
12.0000 40.0000 5.0000 0.0000 0.0000 2.5000 8 -1.0000 1.0000 2.0330 10.0000 -2.0000 -10.0000 2.0000 -6.0000 6.0000 0.2365 0.1646 0.3661 0.2858 0.1903 1.2434 1.8048 3.3027 
12.0000 37.0000 5.0000 0.0000 0.0000 -5.0000 2 1.0000 1.0000 0.6420 -6.0000 2.0000 10.0000 -2.0000 6.0000 -10.0000 0.2404 0.3159 0.2820 0.2363 0.1801 1.2547 1.7813 3.2973 
12.0000 31.0000 5.0000 0.0000 1.0000 -2.5000 2 1.0000 1.0000 1.0600 -6.0000 2.0000 10.0000 -2.0000 6.0000 -10.0000 0.2500 0.2500 0.2500 0.2500 0.2500 1.2500 1.7551 3.2592 
12.0000 44.0000 5.0000 2.0000 1.0000 -5.0000 2 1.0000 1.0000 0.7200 0.0000 8.0000 12.0000 -8.0000 4.0000 -4.0000 0.2500 0.2500 0.2500 0.2500 0.2500 1.2500 1.9091 3.4091 
12.0000 18.0000 5.0000 -2.0000 1.0000 0.0000 2 1.0000 0.0000 0.8730 -4.0000 4.0000 8.0000 -12.0000 0.0000 -8.0000 0.2500 0.2500 0.2500 0.2500 0.2500 1.2500 1.8796 3.3759 
12.0000 67.0000 5.0000 4.0000 0.0000 0.0000 8 -1.0000 0.0000 1.9590 2.0000 10.0000 14.0000 -6.0000 6.0000 -2.0000 0.2813 0.2131 0.3940 0.1946 0.1635 1.2465 1.8505 3.3390 
12.0000 30.0000 5.0000 0.0000 1.0000 -5.0000 2 1.0000 1.0000 0.7840 -6.0000 2.0000 6.0000 -2.0000 10.0000 -10.0000 0.2500 0.2500 0.2500 0.2500 0.2500 1.2500 1.9107 3.4092 
12.0000 22.0000 5.0000 -2.0000 0.0000 -7.5000 2 1.0000 1.0000 0.9150 -12.0000 -4.0000 4.0000 -8.0000 8.0000 0.0000 0.1726 0.3751 0.2592 0.1883 0.2469 1.2422 1.9733 3.4681 
12.0000 27.0000 5.0000 -2.0000 0.0000 5.0000 2 1.0000 0.0000 1.8850 4.0000 -4.0000 -8.0000 0.0000 -12.0000 8.0000 0.2752 0.2320 0.3208 0.2465 0.1743 1.2489 1.8809 3.3749 
12.0000 20.0000 5.0000 -2.0000 1.0000 5.0000 8 -1.0000 1.0000 3.7370 8.0000 0.0000 -12.0000 4.0000 -8.0000 -4.0000 0.2500 0.2500 0.2500 0.2500 0.2500 1.2500 1.8765 3.3758 
12.0000 68.0000 5.0000 4.0000 0.0000 2.5000 8 -1.0000 1.0000 1.1960 6.0000 -2.0000 -6.0000 14.0000 2.0000 10.0000 0.1711 0.3588 0.2482 0.2915 0.1761 1.2457 1.7907 3.2882 
12.0000 25.0000 5.0000 -2.0000 0.0000 0.0000 8 -1.0000 0.0000 1.8240 -8.0000 0.0000 8.0000 -4.0000 4.0000 -12.0000 0.3065 0.1998 0.3175 0.2382 0.1834 1.2453 1.9720 3.4713 
12.0000 61.0000 5.0000 4.0000 1.0000 2.5000 8 -1.0000 1.0000 1.8520 10.0000 -2.0000 -6.0000 14.0000 2.0000 6.0000 0.2500 0.2500 0.2500 0.2500 0.2500 1.2500 1.8947 3.3925 
12.0000 51.0000 5.0000 2.0000 0.0000 -5.0000 2 1.0000 1.0000 0.9580 12.0000 4.0000 -8.0000 8.0000 -4.0000 0.0000 0.2513 0.2890 0.2413 0.2774 0.1967 1.2557 1.9289 3.4317 
12.0000 3.0000 5.0000 -4.0000 1.0000 -2.5000 2 1.0000 1.0000 0.8090 -10.0000 -2.0000 6.0000 -6.0000 2.0000 -14.0000 0.2500 0.2500 0.2500 0.2500 0.2500 1.2500 1.8389 3.3425 
12.0000 8.0000 5.0000 -4.0000 0.0000 -7.5000 2 1.0000 1.0000 0.7290 -14.0000 -2.0000 2.0000 -6.0000 6.0000 -10.0000 0.2783 0.2413 0.1790 0.2872 0.2605 1.2464 1.7842 3.2889 
12.0000 70.0000 5.0000 4.0000 0.0000 7.5000 8 -1.0000 1.0000 0.7400 -6.0000 2.0000 10.0000 -2.0000 14.0000 6.0000 0.1853 0.3643 0.2780 0.1616 0.2679 1.2571 1.8288 3.3329 
12.0000 53.0000 5.0000 2.0000 0.0000 0.0000 8 -1.0000 0.0000 2.1380 8.0000 0.0000 -4.0000 4.0000 -8.0000 12.0000 0.2534 0.1733 0.2377 0.2685 0.3181 1.2510 1.8314 3.3269 
12.0000 14.0000 5.0000 -4.0000 0.0000 7.5000 8 -1.0000 1.0000 1.6530 -2.0000 -10.0000 -14.0000 6.0000 -6.0000 2.0000 0.3912 0.2146 0.2640 0.2042 0.1746 1.2485 1.7882 3.2912 
12.0000 45.0000 5.0000 2.0000 1.0000 -2.5000 2 1.0000 1.0000 1.0230 12.0000 4.0000 -8.0000 8.0000 -4.0000 0.0000 0.2500 0.2500 0.2500 0.2500 0.2500 1.2500 1.9931 3.4926 
12.0000 29.0000 5.0000 0.0000 1.0000 -7.5000 2 1.0000 1.0000 0.6870 -10.0000 -2.0000 6.0000 -6.0000 10.0000 2.0000 0.2500 0.2500 0.2500 0.2500 0.2500 1.2500 1.8180 3.3093 
12.0000 47.0000 5.0000 2.0000 1.0000 2.5000 8 -1.0000 1.0000 0.9880 12.0000 4.0000 -4.0000 8.0000 -8.0000 0.0000 0.2500 0.2500 0.2500 0.2500 0.2500 1.2500 1.8526 3.3425 
12.0000 49.0000 5.0000 2.0000 1.0000 7.5000 8 -1.0000 1.0000 0.7530 8.0000 0.0000 -8.0000 4.0000 -4.0000 12.0000 0.2500 0.2500 0.2500 0.2500 0.2500 1.2500 1.8660 3.3759 
12.0000 56.0000 5.0000 2.0000 0.0000 7.5000 8 -1.0000 1.0000 0.7760 12.0000 0.0000 -4.0000 4.0000 -8.0000 8.0000 0.2453 0.3225 0.1568 0.2996 0.2266 1.2509 1.9279 3.4435 
12.0000 12.0000 5.0000 -4.0000 0.0000 2.5000 2 1.0000 0.0000 1.5120 -10.0000 2.0000 6.0000 -14.0000 -2.0000 -6.0000 0.2028 0.3415 0.1544 0.3202 0.2379 1.2567 1.8429 3.3492 
12.0000 33.0000 5.0000 0.0000 1.0000 2.5000 2 1.0000 0.0000 2.7960 -10.0000 -2.0000 10.0000 -6.0000 6.0000 2.0000 0.2500 0.2500 0.2500 0.2500 0.2500 1.2500 1.8276 3.3260 
12.0000 11.0000 5.0000 -4.0000 0.0000 0.0000 8 -1.0000 0.0000 3.4570 -10.0000 2.0000 6.0000 -14.0000 -2.0000 -6.0000 0.2875 0.1810 0.2765 0.1886 0.3249 1.2585 1.9045 3.4177 
12.0000 39.0000 5.0000 0.0000 0.0000 0.0000 2 1.0000 0.0000 1.9920 10.0000 -2.0000 -6.0000 2.0000 -10.0000 6.0000 0.2726 0.1585 0.3983 0.1899 0.2372 1.2565 1.9579 3.4658 
12.0000 60.0000 5.0000 4.0000 1.0000 0.0000 8 -1.0000 0.0000 4.1000 -2.0000 6.0000 14.0000 2.0000 10.0000 -6.0000 0.2500 0.2500 0.2500 0.2500 0.2500 1.2500 1.7876 3.2926 
12.0000 2.0000 5.0000 -4.0000 1.0000 -5.0000 2 1.0000 1.0000 0.7330 -10.0000 -2.0000 6.0000 -6.0000 2.0000 -14.0000 0.2500 0.2500 0.2500 0.2500 0.2500 1.2500 1.9042 3.3925 
12.0000 28.0000 5.0000 -2.0000 0.0000 7.5000 8 -1.0000 1.0000 1.3140 -12.0000 -4.0000 8.0000 -8.0000 4.0000 0.0000 0.2068 0.3343 0.2146 0.1647 0.3294 1.2498 1.9529 3.4426 
12.0000 19.0000 5.0000 -2.0000 1.0000 2.5000 2 1.0000 0.0000 0.9370 -12.0000 -4.0000 8.0000 -8.0000 4.0000 0.0000 0.2500 0.2500 0.2500 0.2500 0.2500 1.2500 1.9996 3.4927 
12.0000 64.0000 5.0000 4.0000 0.0000 -7.5000 2 1.0000 1.0000 0.7170 10.0000 -2.0000 -6.0000 14.0000 2.0000 6.0000 0.1564 0.2483 0.3205 0.1644 0.3689 1.2584 1.7871 3.3010 
12.0000 35.0000 5.0000 0.0000 1.0000 7.5000 8 -1.0000 1.0000 0.8170 6.0000 -2.0000 -10.0000 2.0000 -6.0000 10.0000 0.2500 0.2500 0.2500 0.2500 0.2500 1.2500 1.7895 3.2925 
12.0000 23.0000 5.0000 -2.0000 0.0000 -5.0000 2 1.0000 1.0000 0.7480 -12.0000 0.0000 4.0000 -4.0000 8.0000 -8.0000 0.2213 0.2878 0.2586 0.1964 0.2838 1.2480 1.8224 3.3238 
12.0000 41.0000 5.0000 0.0000 0.0000 5.0000 8 -1.0000 1.0000 1.7830 10.0000 2.0000 -10.0000 6.0000 -6.0000 -2.0000 0.2170 0.3175 0.1582 0.3864 0.1648 1.2439 1.7935 3.2864 
12.0000 50.0000 5.0000 2.0000 0.0000 -7.5000 2 1.0000 1.0000 0.7200 8.0000 0.0000 -4.0000 4.0000 -8.0000 12.0000 0.2208 0.3519 0.1638 0.1944 0.3174 1.2482 1.8238 3.3241 
12.0000 6.0000 5.0000 -4.0000 1.0000 5.0000 8 -1.0000 1.0000 1.0380 6.0000 -6.0000 -10.0000 -2.0000 -14.0000 2.0000 0.2500 0.2500 0.2500 0.2500 0.2500 1.2500 1.9952 3.4926 
12.0000 10.0000 5.0000 -4.0000 0.0000 -2.5000 2 1.0000 1.0000 1.0710 2.0000 -6.0000 -14.0000 -2.0000 -10.0000 6.0000 0.1793 0.3286 0.2650 0.1543 0.3302 1.2573 1.7818 3.2832 
12.0000 16.0000 5.0000 -2.0000 1.0000 -5.0000 2 1.0000 1.0000 1.5330 4.0000 -4.0000 -8.0000 0.0000 -12.0000 8.0000 0.2500 0.2500 0.2500 0.2500 0.2500 1.2500 1.8453 3.3425 
12.0000 59.0000 5.0000 4.0000 1.0000 -2.5000 8 -1.0000 0.0000 3.2270 -2.0000 10.0000 14.0000 -6.0000 6.0000 2.0000 0.2500 0.2500 0.2500 0.2500 0.2500 1.2500 1.9815 3.4759 
12.0000 55.0000 5.0000 2.0000 0.0000 5.0000 8 -1.0000 1.0000 0.9830 12.0000 4.0000 -4.0000 8.0000 -8.0000 0.0000 0.3338 0.1921 0.2415 0.1740 0.3010 1.2425 1.7631 3.2516 
12.0000 21.0000 5.0000 -2.0000 1.0000 7.5000 8 -1.0000 1.0000 0.9050 4.0000 -4.0000 -8.0000 0.0000 -12.0000 8.0000 0.2500 0.2500 0.2500 0.2500 0.2500 1.2500 1.8363 3.3260 
12.0000 26.0000 5.0000 -2.0000 0.0000 2.5000 8 -1.0000 1.0000 1.2020 -8.0000 0.0000 8.0000 -4.0000 4.0000 -12.0000 0.2474 0.1794 0.2433 0.3003 0.2702 1.2406 1.9336 3.4164 
12.0000 57.0000 5.0000 4.0000 1.0000 -7.5000 2 1.0000 1.0000 1.6490 -2.0000 6.0000 10.0000 2.0000 14.0000 -6.0000 0.2500 0.2500 0.2500 0.2500 0.2500 1.2500 1.7959 3.3093 
12.0000 52.0000 5.0000 2.0000 0.0000 -2.5000 2 1.0000 1.0000 1.8330 12.0000 4.0000 -8.0000 8.0000 -4.0000 0.0000 0.3250 0.1965 0.2923 0.2017 0.2320 1.2475 1.9879 3.4902 
12.0000 4.0000 5.0000 -4.0000 1.0000 0.0000 2 1.0000 0.0000 1.1470 6.0000 -2.0000 -14.0000 2.0000 -10.0000 -6.0000 0.2500 0.2500 0.2500 0.2500 0.2500 1.2500 1.7675 3.2758 
12.0000 32.0000 5.0000 0.0000 1.0000 0.0000 2 1.0000 0.0000 2.3770 -10.0000 2.0000 10.0000 -2.0000 6.0000 -6.0000 0.2500 0.2500 0.2500 0.2500 0.2500 1.2500 1.9192 3.4259 
12.0000 62.0000 5.0000 4.0000 1.0000 5.0000 8 -1.0000 1.0000 0.7420 10.0000 2.0000 -6.0000 6.0000 -2.0000 14.0000 0.2500 0.2500 0.2500 0.2500 0.2500 1.2500 1.7821 3.2760 
12.0000 46.0000 5.0000 2.0000 1.0000 0.0000 2 1.0000 0.0000 2.6030 12.0000 4.0000 -8.0000 8.0000 -4.0000 0.0000 0.2500 0.2500 0.2500 0.2500 0.2500 1.2500 1.9896 3.4927 
12.0000 34.0000 5.0000 0.0000 1.0000 5.0000 8 -1.0000 1.0000 0.9110 -6.0000 2.0000 6.0000 -2.0000 10.0000 -10.0000 0.2500 0.2500 0.2500 0.2500 0.2500 1.2500 1.9326 3.4259 
12.0000 13.0000 5.0000 -4.0000 0.0000 5.0000 2 1.0000 0.0000 2.2370 2.0000 -6.0000 -10.0000 -2.0000 -14.0000 6.0000 0.3238 0.1586 0.3177 0.2446 0.2041 1.2489 1.7828 3.2746 
12.0000 15.0000 5.0000 -2.0000 1.0000 -7.5000 2 1.0000 1.0000 0.7460 8.0000 -4.0000 -12.0000 0.0000 -8.0000 4.0000 0.2500 0.2500 0.2500 0.2500 0.2500 1.2500 1.9184 3.4092 
12.0000 7.0000 5.0000 -4.0000 1.0000 7.5000 8 -1.0000 1.0000 1.1660 -14.0000 -2.0000 6.0000 -6.0000 2.0000 -10.0000 0.2500 0.2500 0.2500 0.2500 0.2500 1.2500 1.8050 3.2925 
12.0000 63.0000 5.0000 4.0000 1.0000 7.5000 8 -1.0000 1.0000 1.0180 10.0000 -2.0000 -6.0000 14.0000 2.0000 6.0000 0.2500 0.2500 0.2500 0.2500 0.2500 1.2500 1.9940 3.4924 
12.0000 69.0000 5.0000 4.0000 0.0000 5.0000 8 -1.0000 1.0000 0.9490 14.0000 6.0000 -2.0000 10.0000 -6.0000 2.0000 0.1681 0.2514 0.1889 0.3329 0.3066 1.2479 1.9538 3.4573 
12.0000 24.0000 5.0000 -2.0000 0.0000 -2.5000 2 1.0000 1.0000 0.8160 -4.0000 4.0000 8.0000 -12.0000 0.0000 -8.0000 0.3179 0.2754 0.2126 0.2427 0.2074 1.2560 1.9732 3.4821 
12.0000 42.0000 5.0000 0.0000 0.0000 7.5000 8 -1.0000 1.0000 0.8680 10.0000 2.0000 -10.0000 6.0000 -6.0000 -2.0000 0.3097 0.2092 0.2877 0.2597 0.1872 1.2535 1.9373 3.4462 
12.0000 1.0000 5.0000 -4.0000 1.0000 -7.5000 2 1.0000 1.0000 0.6240 -6.0000 2.0000 6.0000 -14.0000 -2.0000 -10.0000 0.2500 0.2500 0.2500 0.2500 0.2500 1.2500 1.9055 3.4092 
12.0000 66.0000 5.0000 4.0000 0.0000 -2.5000 2 1.0000 1.0000 2.7400 14.0000 6.0000 -2.0000 10.0000 -6.0000 2.0000 0.2314 0.2636 0.2123 0.2416 0.3044 1.2533 1.8937 3.3957 
12.0000 54.0000 5.0000 2.0000 0.0000 2.5000 8 -1.0000 1.0000 2.2110 4.0000 -4.0000 -8.0000 12.0000 0.0000 8.0000 0.3680 0.2018 0.3207 0.2036 0.1603 1.2544 1.9646 3.4637 
12.0000 58.0000 5.0000 4.0000 1.0000 -5.0000 2 1.0000 1.0000 1.1510 10.0000 -2.0000 -6.0000 14.0000 2.0000 6.0000 0.2500 0.2500 0.2500 0.2500 0.2500 1.2500 1.8979 3.3925 
12.0000 9.0000 5.0000 -4.0000 0.0000 -5.0000 2 1.0000 1.0000 0.6670 6.0000 -2.0000 -14.0000 2.0000 -10.0000 -6.0000 0.1647 0.3152 0.1951 0.2740 0.3013 1.2503 1.8498 3.3429 
12.0000 43.0000 5.0000 2.0000 1.0000 -7.5000 2 1.0000 1.0000 0.6550 8.0000 0.0000 -4.0000 4.0000 -8.0000 12.0000 0.2500 0.2500 0.2500 0.2500 0.2500 1.2500 1.8535 3.3425 
12.0000 36.0000 5.0000 0.0000 0.0000 -7.5000 2 1.0000 1.0000 0.5820 6.0000 -6.0000 -10.0000 10.0000 -2.0000 2.0000 0.3226 0.1686 0.2705 0.1605 0.3347 1.2570 1.8674 3.3661 
12.0000 5.0000 5.0000 -4.0000 1.0000 2.5000 2 1.0000 0.0000 3.2210 -14.0000 -6.0000 2.0000 -10.0000 6.0000 -2.0000 0.2500 0.2500 0.2500 0.2500 0.2500 1.2500 1.8919 3.3927 
12.0000 17.0000 5.0000 -2.0000 1.0000 -2.5000 2 1.0000 1.0000 4.1160 -12.0000 0.0000 8.0000 -4.0000 4.0000 -8.0000 0.2500 0.2500 0.2500 0.2500 0.2500 1.2500 1.9871 3.4927 
12.0000 65.0000 5.0000 4.0000 0.0000 -5.0000 2 1.0000 1.0000 1.2770 10.0000 2.0000 -2.0000 6.0000 -6.0000 14.0000 0.1934 0.2387 0.3503 0.2877 0.1889 1.2590 1.8693 3.3850 
12.0000 5.0000 6.0000 -4.0000 1.0000 2.5000 2 1.0000 0.0000 1.8300 -14.0000 -2.0000 6.0000 -6.0000 2.0000 -10.0000 0.2500 0.2500 0.2500 0.2500 0.2500 1.2500 1.7704 3.2758 
12.0000 13.0000 6.0000 -4.0000 0.0000 5.0000 8 -1.0000 1.0000 4.0920 6.0000 -2.0000 -14.0000 2.0000 -10.0000 -6.0000 0.1523 0.3457 0.2086 0.3164 0.2349 1.2578 1.7849 3.3003 
12.0000 15.0000 6.0000 -2.0000 1.0000 -7.5000 2 1.0000 1.0000 0.6550 0.0000 -8.0000 -12.0000 8.0000 -4.0000 4.0000 0.2500 0.2500 0.2500 0.2500 0.2500 1.2500 1.8773 3.3760 
12.0000 22.0000 6.0000 -2.0000 0.0000 -7.5000 2 1.0000 1.0000 0.7040 -12.0000 0.0000 8.0000 -4.0000 4.0000 -8.0000 0.2087 0.1656 0.3959 0.2004 0.2811 1.2517 1.7660 3.2607 
12.0000 24.0000 6.0000 -2.0000 0.0000 -2.5000 2 1.0000 1.0000 0.8110 4.0000 -8.0000 -12.0000 8.0000 -4.0000 0.0000 0.1570 0.3532 0.1901 0.3781 0.1638 1.2422 1.9013 3.3847 
12.0000 46.0000 6.0000 2.0000 1.0000 0.0000 8 -1.0000 0.0000 3.4410 -8.0000 4.0000 12.0000 0.0000 8.0000 -4.0000 0.2500 0.2500 0.2500 0.2500 0.2500 1.2500 1.9183 3.4093 
12.0000 17.0000 6.0000 -2.0000 1.0000 -2.5000 2 1.0000 1.0000 1.4990 4.0000 -8.0000 -12.0000 8.0000 -4.0000 0.0000 0.2500 0.2500 0.2500 0.2500 0.2500 1.2500 1.9413 3.4425 
12.0000 67.0000 6.0000 4.0000 0.0000 0.0000 2 1.0000 0.0000 2.2690 14.0000 2.0000 -6.0000 6.0000 -2.0000 10.0000 0.2863 0.2351 0.1872 0.2336 0.3157 1.2579 1.9236 3.4170 
12.0000 14.0000 6.0000 -4.0000 0.0000 7.5000 8 -1.0000 1.0000 1.5870 6.0000 -2.0000 -14.0000 2.0000 -10.0000 -6.0000 0.1541 0.2969 0.3861 0.2325 0.1849 1.2545 1.9909 3.4971 
12.0000 62.0000 6.0000 4.0000 1.0000 5.0000 8 -1.0000 1.0000 0.9690 -6.0000 2.0000 14.0000 -2.0000 10.0000 6.0000 0.2500 0.2500 0.2500 0.2500 0.2500 1.2500 1.9108 3.4092 
12.0000 69.0000 6.0000 4.0000 0.0000 5.0000 8 -1.0000 1.0000 0.7650 -6.0000 2.0000 10.0000 -2.0000 14.0000 6.0000 0.1505 0.3687 0.2909 0.2076 0.2362 1.2540 1.9792 3.4799 
12.0000 60.0000 6.0000 4.0000 1.0000 0.0000 2 1.0000 0.0000 1.2960 14.0000 2.0000 -2.0000 6.0000 -6.0000 10.0000 0.2500 0.2500 0.2500 0.2500 0.2500 1.2500 1.7774 3.2758 
12.0000 35.0000 6.0000 0.0000 1.0000 7.5000 8 -1.0000 1.0000 0.7580 -6.0000 2.0000 6.0000 -2.0000 10.0000 -10.0000 0.2500 0.2500 0.2500 0.2500 0.2500 1.2500 1.7912 3.2925 
12.0000 45.0000 6.0000 2.0000 1.0000 -2.5000 2 1.0000 1.0000 0.9350 -8.0000 0.0000 8.0000 -4.0000 12.0000 4.0000 0.2500 0.2500 0.2500 0.2500 0.2500 1.2500 1.8924 3.3925 
12.0000 11.0000 6.0000 -4.0000 0.0000 0.0000 2 1.0000 0.0000 0.8790 6.0000 -6.0000 -14.0000 -2.0000 -10.0000 2.0000 0.1634 0.2612 0.2175 0.3379 0.2762 1.2561 1.9379 3.4486 
12.0000 36.0000 6.0000 0.0000 0.0000 -7.5000 2 1.0000 1.0000 0.6940 -6.0000 2.0000 6.0000 -2.0000 10.0000 -10.0000 0.1998 0.3517 0.1600 0.3709 0.1658 1.2481 1.9670 3.4573 
12.0000 38.0000 6.0000 0.0000 0.0000 -2.5000 2 1.0000 1.0000 0.8050 10.0000 -2.0000 -6.0000 2.0000 -10.0000 6.0000 0.1748 0.2524 0.2168 0.2855 0.3291 1.2586 1.9877 3.4846 
12.0000 3.0000 6.0000 -4.0000 1.0000 -2.5000 2 1.0000 1.0000 0.8180 6.0000 -6.0000 -10.0000 -2.0000 -14.0000 2.0000 0.2500 0.2500 0.2500 0.2500 0.2500 1.2500 1.9739 3.4761 
12.0000 58.0000 6.0000 4.0000 1.0000 -5.0000 2 1.0000 1.0000 0.8180 -6.0000 2.0000 14.0000 -2.0000 10.0000 6.0000 0.2500 0.2500 0.2500 0.2500 0.2500 1.2500 1.8219 3.3091 
12.0000 52.0000 6.0000 2.0000 0.0000 -2.5000 2 1.0000 1.0000 0.7070 -8.0000 0.0000 8.0000 -4.0000 12.0000 4.0000 0.1727 0.2212 0.2524 0.3762 0.2251 1.2476 1.8230 3.3068 
12.0000 47.0000 6.0000 2.0000 1.0000 2.5000 8 -1.0000 1.0000 2.0960 12.0000 0.0000 -8.0000 4.0000 -4.0000 8.0000 0.2500 0.2500 0.2500 0.2500 0.2500 1.2500 1.8377 3.3425 
12.0000 61.0000 6.0000 4.0000 1.0000 2.5000 8 -1.0000 1.0000 0.7150 -2.0000 6.0000 10.0000 2.0000 14.0000 -6.0000 0.2500 0.2500 0.2500 0.2500 0.2500 1.2500 1.8296 3.3425 
12.0000 21.0000 6.0000 -2.0000 1.0000 7.5000 8 -1.0000 1.0000 0.7890 8.0000 0.0000 -12.0000 4.0000 -8.0000 -4.0000 0.2500 0.2500 0.2500 0.2500 0.2500 1.2500 1.8530 3.3593 
12.0000 1.0000 6.0000 -4.0000 1.0000 -7.5000 2 1.0000 1.0000 0.6880 -10.0000 2.0000 6.0000 -14.0000 -2.0000 -6.0000 0.2500 0.2500 0.2500 0.2500 0.2500 1.2500 1.8221 3.3260 
12.0000 7.0000 6.0000 -4.0000 1.0000 7.5000 8 -1.0000 1.0000 3.2620 -2.0000 -10.0000 -14.0000 6.0000 -6.0000 2.0000 0.2500 0.2500 0.2500 0.2500 0.2500 1.2500 1.9686 3.4760 
12.0000 64.0000 6.0000 4.0000 0.0000 -7.5000 2 1.0000 1.0000 0.9210 -6.0000 2.0000 10.0000 -2.0000 14.0000 6.0000 0.2316 0.3147 0.2835 0.2556 0.1576 1.2430 1.9089 3.4022 
12.0000 32.0000 6.0000 0.0000 1.0000 0.0000 2 1.0000 0.0000 1.2560 6.0000 -2.0000 -6.0000 2.0000 -10.0000 10.0000 0.2500 0.2500 0.2500 0.2500 0.2500 1.2500 1.7717 3.2759 
12.0000 27.0000 6.0000 -2.0000 0.0000 5.0000 8 -1.0000 1.0000 0.8790 -12.0000 0.0000 8.0000 -4.0000 4.0000 -8.0000 0.3439 0.1503 0.2870 0.1741 0.2955 1.2507 1.9817 3.4767 
12.0000 55.0000 6.0000 2.0000 0.0000 5.0000 8 -1.0000 1.0000 0.7040 4.0000 -4.0000 -8.0000 12.0000 0.0000 8.0000 0.2212 0.2878 0.3933 0.1514 0.1884 1.2421 1.8099 3.3013 
12.0000 39.0000 6.0000 0.0000 0.0000 0.0000 2 1.0000 0.0000 1.7940 10.0000 2.0000 -10.0000 6.0000 -6.0000 -2.0000 0.3459 0.3112 0.2257 0.1503 0.2170 1.2501 1.9231 3.4260 
12.0000 48.0000 6.0000 2.0000 1.0000 5.0000 2 1.0000 0.0000 3.4950 -8.0000 0.0000 12.0000 -4.0000 8.0000 4.0000 0.2500 0.2500 0.2500 0.2500 0.2500 1.2500 1.8903 3.3760 
12.0000 28.0000 6.0000 -2.0000 0.0000 7.5000 8 -1.0000 1.0000 0.8500 4.0000 -4.0000 -8.0000 0.0000 -12.0000 8.0000 0.1600 0.3165 0.1531 0.3441 0.2734 1.2470 1.8536 3.3562 
12.0000 66.0000 6.0000 4.0000 0.0000 -2.5000 2 1.0000 1.0000 1.9890 -2.0000 10.0000 14.0000 -6.0000 6.0000 2.0000 0.2826 0.2052 0.3337 0.2816 0.1505 1.2536 1.8821 3.3963 
12.0000 33.0000 6.0000 0.0000 1.0000 2.5000 8 -1.0000 1.0000 2.8930 -2.0000 6.0000 10.0000 -10.0000 2.0000 -6.0000 0.2500 0.2500 0.2500 0.2500 0.2500 1.2500 1.9122 3.4092 
12.0000 56.0000 6.0000 2.0000 0.0000 7.5000 8 -1.0000 1.0000 0.7850 12.0000 0.0000 -8.0000 4.0000 -4.0000 8.0000 0.1874 0.1589 0.3921 0.1943 0.3202 1.2530 1.9882 3.4957 
12.0000 2.0000 6.0000 -4.0000 1.0000 -5.0000 2 1.0000 1.0000 0.6550 6.0000 -2.0000 -10.0000 2.0000 -14.0000 -6.0000 0.2500 0.2500 0.2500 0.2500 0.2500 1.2500 1.9215 3.4258 
12.0000 57.0000 6.0000 4.0000 1.0000 -7.5000 2 1.0000 1.0000 0.7840 14.0000 6.0000 -6.0000 10.0000 -2.0000 2.0000 0.2500 0.2500 0.2500 0.2500 0.2500 1.2500 1.7774 3.2757 
12.0000 30.0000 6.0000 0.0000 1.0000 -5.0000 2 1.0000 1.0000 0.6760 6.0000 -2.0000 -6.0000 2.0000 -10.0000 10.0000 0.2500 0.2500 0.2500 0.2500 0.2500 1.2500 1.9708 3.4759 
12.0000 9.0000 6.0000 -4.0000 0.0000 -5.0000 2 1.0000 1.0000 0.7420 -14.0000 -2.0000 6.0000 -6.0000 2.0000 -10.0000 0.2410 0.1583 0.2346 0.3951 0.2225 1.2517 1.7622 3.2609 
12.0000 37.0000 6.0000 0.0000 0.0000 -5.0000 2 1.0000 1.0000 0.6680 6.0000 -6.0000 -10.0000 10.0000 -2.0000 2.0000 0.2238 0.2628 0.2967 0.1644 0.2939 1.2416 1.9848 3.4677 
12.0000 29.0000 6.0000 0.0000 1.0000 -7.5000 2 1.0000 1.0000 0.5820 10.0000 -2.0000 -6.0000 2.0000 -10.0000 6.0000 0.2500 0.2500 0.2500 0.2500 0.2500 1.2500 1.9590 3.4592 
12.0000 49.0000 6.0000 2.0000 1.0000 7.5000 8 -1.0000 1.0000 0.8710 12.0000 4.0000 -8.0000 8.0000 -4.0000 0.0000 0.2500 0.2500 0.2500 0.2500 0.2500 1.2500 1.8221 3.3092 
12.0000 54.0000 6.0000 2.0000 0.0000 2.5000 8 -1.0000 1.0000 1.2610 -8.0000 4.0000 12.0000 0.0000 8.0000 -4.0000 0.1628 0.2869 0.3575 0.2715 0.1748 1.2534 1.8572 3.3459 
12.0000 41.0000 6.0000 0.0000 0.0000 5.0000 2 1.0000 0.0000 2.9110 6.0000 -2.0000 -6.0000 2.0000 -10.0000 10.0000 0.2816 0.1660 0.2242 0.3775 0.2081 1.2574 1.8997 3.4165 
12.0000 23.0000 6.0000 -2.0000 0.0000 -5.0000 2 1.0000 1.0000 0.6600 -12.0000 0.0000 8.0000 -4.0000 4.0000 -8.0000 0.1853 0.2995 0.2180 0.3217 0.2314 1.2558 1.9763 3.4819 
12.0000 25.0000 6.0000 -2.0000 0.0000 0.0000 2 1.0000 0.0000 0.7970 8.0000 -4.0000 -8.0000 0.0000 -12.0000 4.0000 0.1593 0.2471 0.2917 0.2183 0.3416 1.2582 1.9040 3.4173 
12.0000 59.0000 6.0000 4.0000 1.0000 -2.5000 2 1.0000 1.0000 2.3920 14.0000 2.0000 -6.0000 6.0000 -2.0000 10.0000 0.2500 0.2500 0.2500 0.2500 0.2500 1.2500 1.9981 3.4927 
12.0000 6.0000 6.0000 -4.0000 1.0000 5.0000 8 -1.0000 1.0000 0.7650 2.0000 -6.0000 -14.0000 -2.0000 -10.0000 6.0000 0.2500 0.2500 0.2500 0.2500 0.2500 1.2500 1.9351 3.4425 
12.0000 20.0000 6.0000 -2.0000 1.0000 5.0000 8 -1.0000 1.0000 0.9210 8.0000 -4.0000 -12.0000 0.0000 -8.0000 4.0000 0.2500 0.2500 0.2500 0.2500 0.2500 1.2500 1.8126 3.3091 
12.0000 26.0000 6.0000 -2.0000 0.0000 2.5000 8 -1.0000 1.0000 1.0000 -12.0000 0.0000 4.0000 -4.0000 8.0000 -8.0000 0.2902 0.2062 0.3466 0.2317 0.1827 1.2573 1.9193 3.4331 
12.0000 70.0000 6.0000 4.0000 0.0000 7.5000 8 -1.0000 1.0000 0.9170 -6.0000 2.0000 10.0000 -2.0000 14.0000 6.0000 0.3039 0.1757 0.2189 0.2523 0.2913 1.2421 1.9499 3.4348 
12.0000 43.0000 6.0000 2.0000 1.0000 -7.5000 2 1.0000 1.0000 1.6080 -8.0000 4.0000 12.0000 0.0000 8.0000 -4.0000 0.2500 0.2500 0.2500 0.2500 0.2500 1.2500 1.9050 3.3926 
12.0000 8.0000 6.0000 -4.0000 0.0000 -7.5000 2 1.0000 1.0000 0.7670 -2.0000 -10.0000 -14.0000 6.0000 -6.0000 2.0000 0.3364 0.2796 0.2087 0.2439 0.1879 1.2565 1.8469 3.3490 
12.0000 68.0000 6.0000 4.0000 0.0000 2.5000 8 -1.0000 1.0000 0.8380 10.0000 2.0000 -6.0000 6.0000 -2.0000 14.0000 0.2029 0.3671 0.1544 0.2094 0.3194 1.2532 1.9193 3.4125 
12.0000 65.0000 6.0000 4.0000 0.0000 -5.0000 2 1.0000 1.0000 0.8150 -6.0000 6.0000 10.0000 2.0000 14.0000 -2.0000 0.1629 0.2617 0.3964 0.1859 0.2349 1.2417 1.9833 3.4843 
12.0000 63.0000 6.0000 4.0000 1.0000 7.5000 8 -1.0000 1.0000 1.4350 -6.0000 2.0000 10.0000 -2.0000 14.0000 6.0000 0.2500 0.2500 0.2500 0.2500 0.2500 1.2500 1.9249 3.4259 
12.0000 31.0000 6.0000 0.0000 1.0000 -2.5000 2 1.0000 1.0000 3.2110 10.0000 -2.0000 -6.0000 2.0000 -10.0000 6.0000 0.2500 0.2500 0.2500 0.2500 0.2500 1.2500 1.7620 3.2592 
12.0000 12.0000 6.0000 -4.0000 0.0000 2.5000 2 1.0000 0.0000 0.7960 -10.0000 -2.0000 6.0000 -6.0000 2.0000 -14.0000 0.2359 0.1582 0.2275 0.3551 0.2748 1.2515 1.9906 3.4941 
12.0000 53.0000 6.0000 2.0000 0.0000 0.0000 2 1.0000 0.0000 0.8390 12.0000 4.0000 -8.0000 8.0000 -4.0000 0.0000 0.1763 0.3162 0.2132 0.3541 0.1835 1.2435 1.9987 3.4861 
12.0000 34.0000 6.0000 0.0000 1.0000 5.0000 2 1.0000 0.0000 1.2200 -10.0000 -2.0000 6.0000 -6.0000 10.0000 2.0000 0.2500 0.2500 0.2500 0.2500 0.2500 1.2500 1.8980 3.3925 
12.0000 19.0000 6.0000 -2.0000 1.0000 2.5000 2 1.0000 0.0000 0.7620 -8.0000 4.0000 8.0000 -12.0000 0.0000 -4.0000 0.2500 0.2500 0.2500 0.2500 0.2500 1.2500 1.9054 3.4092 
12.0000 18.0000 6.0000 -2.0000 1.0000 0.0000 2 1.0000 0.0000 1.8310 -8.0000 0.0000 8.0000 -4.0000 4.0000 -12.0000 0.2500 0.2500 0.2500 0.2500 0.2500 1.2500 1.9649 3.4592 
12.0000 42.0000 6.0000 0.0000 0.0000 7.5000 8 -1.0000 1.0000 0.9520 -10.0000 -2.0000 10.0000 -6.0000 6.0000 2.0000 0.1892 0.3911 0.1673 0.2940 0.2132 1.2548 1.9830 3.4807 
12.0000 51.0000 6.0000 2.0000 0.0000 -5.0000 2 1.0000 1.0000 0.9000 0.0000 8.0000 12.0000 -8.0000 4.0000 -4.0000 0.1653 0.3120 0.2710 0.1737 0.3331 1.2551 1.7707 3.2644 
12.0000 16.0000 6.0000 -2.0000 1.0000 -5.0000 2 1.0000 1.0000 0.8450 -4.0000 4.0000 8.0000 -12.0000 0.0000 -8.0000 0.2500 0.2500 0.2500 0.2500 0.2500 1.2500 1.9832 3.4760 
12.0000 10.0000 6.0000 -4.0000 0.0000 -2.5000 2 1.0000 1.0000 0.7790 2.0000 -6.0000 -14.0000 -2.0000 -10.0000 6.0000 0.1603 0.3208 0.2402 0.2889 0.2395 1.2497 1.8346 3.3423 
12.0000 50.0000 6.0000 2.0000 0.0000 -7.5000 2 1.0000 1.0000 0.8630 8.0000 0.0000 -8.0000 4.0000 -4.0000 12.0000 0.1622 0.3574 0.1581 0.2429 0.3374 1.2580 1.7669 3.2838 
12.0000 44.0000 6.0000 2.0000 1.0000 -5.0000 2 1.0000 1.0000 1.4920 -8.0000 0.0000 12.0000 -4.0000 8.0000 4.0000 0.2500 0.2500 0.2500 0.2500 0.2500 1.2500 1.8106 3.3093 
12.0000 4.0000 6.0000 -4.0000 1.0000 0.0000 2 1.0000 0.0000 2.1490 -10.0000 2.0000 6.0000 -14.0000 -2.0000 -6.0000 0.2500 0.2500 0.2500 0.2500 0.2500 1.2500 1.9501 3.4592 
12.0000 40.0000 6.0000 0.0000 0.0000 2.5000 8 -1.0000 1.0000 0.8430 -6.0000 6.0000 10.0000 -10.0000 2.0000 -2.0000 0.1833 0.2689 0.3526 0.1768 0.2676 1.2492 1.9411 3.4419 
