subNo index mean periodicity testLevel pressedKey answer isCorrect rt reversal s1 s2 s3 s4 s5 s6 t1 t2 t3 t4 t5 seqDuration startInterval trialDuration 
2.0000 1.0000 4.0000 0.0000 -11.0000 2 1.0000 1.0000 2.1430 0.0000 -6.0000 2.0000 10.0000 -2.0000 14.0000 6.0000 0.2162 0.2414 0.3918 0.1508 0.2553 1.2556 1.9413 3.4481 
2.0000 2.0000 4.0000 0.0000 -11.0000 2 1.0000 1.0000 2.3480 0.0000 -2.0000 6.0000 10.0000 2.0000 14.0000 -6.0000 0.2809 0.3061 0.2762 0.2286 0.1577 1.2496 1.7616 3.2755 
2.0000 3.0000 4.0000 0.0000 -9.0000 2 1.0000 1.0000 4.7420 0.0000 6.0000 -2.0000 -6.0000 14.0000 2.0000 10.0000 0.1746 0.3031 0.2586 0.3195 0.1977 1.2535 1.9766 3.4793 
2.0000 4.0000 -2.0000 1.0000 7.0000 8 -1.0000 1.0000 1.5760 0.0000 8.0000 0.0000 -8.0000 4.0000 -12.0000 -4.0000 0.2500 0.2500 0.2500 0.2500 0.2500 1.2500 1.9979 3.4927 
2.0000 5.0000 0.0000 1.0000 7.0000 8 -1.0000 1.0000 1.4860 0.0000 -2.0000 6.0000 10.0000 -10.0000 2.0000 -6.0000 0.2500 0.2500 0.2500 0.2500 0.2500 1.2500 1.7530 3.2592 
2.0000 6.0000 4.0000 0.0000 -7.0000 2 1.0000 1.0000 0.9030 0.0000 14.0000 2.0000 -6.0000 6.0000 -2.0000 10.0000 0.3718 0.1839 0.2211 0.1546 0.3111 1.2425 1.9241 3.4185 
2.0000 7.0000 -4.0000 1.0000 5.0000 8 -1.0000 1.0000 4.7790 0.0000 -10.0000 2.0000 6.0000 -14.0000 -2.0000 -6.0000 0.2500 0.2500 0.2500 0.2500 0.2500 1.2500 1.8687 3.3593 
2.0000 8.0000 4.0000 0.0000 -5.0000 8 -1.0000 0.0000 1.3640 1.0000 -2.0000 6.0000 14.0000 2.0000 10.0000 -6.0000 0.2529 0.3146 0.2311 0.1878 0.2608 1.2472 1.9941 3.4898 
2.0000 9.0000 -2.0000 1.0000 -5.9900 2 1.0000 1.0000 1.8970 1.0000 -12.0000 0.0000 8.0000 -4.0000 4.0000 -8.0000 0.2500 0.2500 0.2500 0.2500 0.2500 1.2500 1.9726 3.4592 
2.0000 10.0000 -4.0000 0.0000 5.9900 8 -1.0000 1.0000 1.0360 2.0000 -14.0000 -2.0000 6.0000 -6.0000 2.0000 -10.0000 0.2852 0.2236 0.1500 0.3888 0.1967 1.2443 1.9242 3.4202 
2.0000 11.0000 2.0000 1.0000 -5.6600 2 1.0000 1.0000 1.5670 2.0000 4.0000 -4.0000 -8.0000 12.0000 0.0000 8.0000 0.2500 0.2500 0.2500 0.2500 0.2500 1.2500 1.9083 3.4094 
2.0000 12.0000 0.0000 1.0000 -5.6600 2 1.0000 1.0000 1.5160 2.0000 -6.0000 2.0000 10.0000 -2.0000 6.0000 -10.0000 0.2500 0.2500 0.2500 0.2500 0.2500 1.2500 1.9470 3.4594 
2.0000 13.0000 -4.0000 1.0000 5.6600 8 -1.0000 1.0000 1.1680 2.0000 6.0000 -6.0000 -14.0000 -2.0000 -10.0000 2.0000 0.2500 0.2500 0.2500 0.2500 0.2500 1.2500 1.7752 3.2759 
2.0000 14.0000 4.0000 0.0000 5.6600 8 -1.0000 1.0000 1.0130 2.0000 -2.0000 6.0000 14.0000 2.0000 10.0000 -6.0000 0.2126 0.1733 0.3462 0.1540 0.3587 1.2448 1.7673 3.2705 
2.0000 15.0000 2.0000 0.0000 -5.3300 2 1.0000 1.0000 0.8320 2.0000 4.0000 -4.0000 -8.0000 12.0000 0.0000 8.0000 0.1648 0.3345 0.2488 0.2042 0.2990 1.2513 1.7844 3.2939 
2.0000 16.0000 -4.0000 0.0000 5.0000 8 -1.0000 1.0000 1.1770 2.0000 -14.0000 -2.0000 2.0000 -6.0000 6.0000 -10.0000 0.3001 0.2008 0.3209 0.1879 0.2326 1.2423 1.9435 3.4349 
2.0000 17.0000 2.0000 0.0000 -4.6700 2 1.0000 1.0000 2.4540 2.0000 0.0000 8.0000 12.0000 -8.0000 4.0000 -4.0000 0.2219 0.1829 0.2779 0.3334 0.2291 1.2452 1.7658 3.2543 
2.0000 18.0000 -4.0000 1.0000 4.3400 8 -1.0000 1.0000 1.6630 2.0000 -2.0000 -10.0000 -14.0000 6.0000 -6.0000 2.0000 0.2500 0.2500 0.2500 0.2500 0.2500 1.2500 1.9601 3.4592 
2.0000 19.0000 -2.0000 0.0000 -4.3400 2 1.0000 1.0000 2.3950 2.0000 -4.0000 4.0000 8.0000 -12.0000 0.0000 -8.0000 0.2739 0.1521 0.2858 0.2478 0.2879 1.2475 1.9128 3.4068 
2.0000 20.0000 -4.0000 0.0000 4.0100 8 -1.0000 1.0000 1.2490 2.0000 -10.0000 -2.0000 6.0000 -6.0000 2.0000 -14.0000 0.2162 0.2676 0.2022 0.1693 0.3852 1.2405 1.8805 3.3663 
2.0000 21.0000 -2.0000 0.0000 -3.6800 2 1.0000 1.0000 2.0610 2.0000 -8.0000 0.0000 8.0000 -4.0000 4.0000 -12.0000 0.2793 0.1625 0.3772 0.1792 0.2562 1.2544 1.9014 3.4136 
2.0000 22.0000 2.0000 0.0000 -3.3500 2 1.0000 1.0000 1.3140 2.0000 0.0000 8.0000 12.0000 -8.0000 4.0000 -4.0000 0.2012 0.3127 0.2091 0.3366 0.1811 1.2408 1.8641 3.3666 
2.0000 23.0000 4.0000 1.0000 3.0200 8 -1.0000 1.0000 3.2470 2.0000 14.0000 6.0000 -6.0000 10.0000 -2.0000 2.0000 0.2500 0.2500 0.2500 0.2500 0.2500 1.2500 1.7747 3.2759 
2.0000 24.0000 4.0000 1.0000 3.0200 8 -1.0000 1.0000 1.8790 2.0000 6.0000 -2.0000 -6.0000 14.0000 2.0000 10.0000 0.2500 0.2500 0.2500 0.2500 0.2500 1.2500 1.7831 3.2926 
2.0000 25.0000 -4.0000 1.0000 -3.0200 2 1.0000 1.0000 3.6430 2.0000 6.0000 -2.0000 -14.0000 2.0000 -10.0000 -6.0000 0.2500 0.2500 0.2500 0.2500 0.2500 1.2500 1.8249 3.3259 
2.0000 26.0000 4.0000 0.0000 3.0200 8 -1.0000 1.0000 1.0700 2.0000 -2.0000 10.0000 14.0000 -6.0000 6.0000 2.0000 0.3086 0.2025 0.2460 0.1793 0.3210 1.2575 1.9278 3.4336 
2.0000 27.0000 -2.0000 0.0000 -2.6900 8 -1.0000 0.0000 2.0800 3.0000 -12.0000 0.0000 4.0000 -4.0000 8.0000 -8.0000 0.2068 0.3780 0.1568 0.3246 0.1928 1.2590 1.8961 3.4016 
2.0000 28.0000 -2.0000 1.0000 3.6800 8 -1.0000 1.0000 2.4900 3.0000 -8.0000 0.0000 8.0000 -4.0000 4.0000 -12.0000 0.2500 0.2500 0.2500 0.2500 0.2500 1.2500 1.9088 3.4093 
2.0000 29.0000 0.0000 1.0000 3.6800 2 1.0000 0.0000 2.9600 3.0000 10.0000 -2.0000 -6.0000 2.0000 -10.0000 6.0000 0.2500 0.2500 0.2500 0.2500 0.2500 1.2500 1.8528 3.3425 
2.0000 30.0000 -4.0000 1.0000 -3.6800 2 1.0000 1.0000 4.4920 3.0000 6.0000 -6.0000 -10.0000 -2.0000 -14.0000 2.0000 0.2500 0.2500 0.2500 0.2500 0.2500 1.2500 1.9439 3.4425 
2.0000 31.0000 2.0000 1.0000 -3.6800 2 1.0000 1.0000 3.2530 3.0000 8.0000 0.0000 -8.0000 4.0000 -4.0000 12.0000 0.2500 0.2500 0.2500 0.2500 0.2500 1.2500 1.8955 3.4094 
2.0000 32.0000 0.0000 1.0000 3.6800 8 -1.0000 1.0000 1.5960 3.0000 -10.0000 -2.0000 10.0000 -6.0000 6.0000 2.0000 0.2500 0.2500 0.2500 0.2500 0.2500 1.2500 1.7542 3.2592 
2.0000 33.0000 -2.0000 1.0000 -3.6800 2 1.0000 1.0000 2.5540 3.0000 4.0000 -8.0000 -12.0000 8.0000 -4.0000 0.0000 0.2500 0.2500 0.2500 0.2500 0.2500 1.2500 1.9114 3.4093 
2.0000 34.0000 -2.0000 0.0000 -3.6800 2 1.0000 1.0000 3.1620 4.0000 8.0000 0.0000 -8.0000 4.0000 -12.0000 -4.0000 0.1779 0.3169 0.1822 0.2505 0.3203 1.2479 1.8783 3.3736 
2.0000 35.0000 4.0000 1.0000 3.3500 8 -1.0000 1.0000 2.1750 4.0000 -6.0000 6.0000 14.0000 2.0000 10.0000 -2.0000 0.2500 0.2500 0.2500 0.2500 0.2500 1.2500 1.9447 3.4424 
2.0000 36.0000 -4.0000 0.0000 -3.3500 2 1.0000 1.0000 1.7070 4.0000 2.0000 -10.0000 -14.0000 6.0000 -6.0000 -2.0000 0.2057 0.1617 0.3050 0.2728 0.3020 1.2471 1.9734 3.4730 
2.0000 37.0000 0.0000 1.0000 3.0200 8 -1.0000 1.0000 2.8190 4.0000 6.0000 -6.0000 -10.0000 10.0000 -2.0000 2.0000 0.2500 0.2500 0.2500 0.2500 0.2500 1.2500 1.7624 3.2592 
2.0000 38.0000 -4.0000 0.0000 -3.0200 8 -1.0000 0.0000 1.7670 5.0000 -10.0000 -2.0000 2.0000 -6.0000 6.0000 -14.0000 0.2380 0.1718 0.2778 0.3558 0.2059 1.2492 1.8996 3.3917 
2.0000 39.0000 4.0000 0.0000 -4.0100 2 1.0000 1.0000 3.0350 6.0000 -6.0000 6.0000 14.0000 2.0000 10.0000 -2.0000 0.2362 0.1899 0.2589 0.1990 0.3651 1.2491 1.8194 3.3084 
2.0000 40.0000 2.0000 1.0000 -3.6800 2 1.0000 1.0000 1.9490 6.0000 -8.0000 0.0000 12.0000 -4.0000 8.0000 4.0000 0.2500 0.2500 0.2500 0.2500 0.2500 1.2500 1.8566 3.3592 
2.0000 41.0000 -4.0000 1.0000 -3.6800 2 1.0000 1.0000 3.7770 6.0000 2.0000 -10.0000 -14.0000 6.0000 -6.0000 -2.0000 0.2500 0.2500 0.2500 0.2500 0.2500 1.2500 1.9914 3.4925 
2.0000 42.0000 -4.0000 0.0000 3.6800 8 -1.0000 1.0000 1.7540 6.0000 -14.0000 -6.0000 2.0000 -10.0000 6.0000 -2.0000 0.2405 0.2980 0.2347 0.2001 0.2746 1.2479 1.8336 3.3404 
2.0000 43.0000 4.0000 1.0000 3.3500 8 -1.0000 1.0000 2.7000 6.0000 2.0000 10.0000 14.0000 -6.0000 6.0000 -2.0000 0.2500 0.2500 0.2500 0.2500 0.2500 1.2500 1.8240 3.3259 
2.0000 44.0000 4.0000 0.0000 3.3500 8 -1.0000 1.0000 2.4500 6.0000 14.0000 2.0000 -2.0000 6.0000 -6.0000 10.0000 0.2154 0.3653 0.1521 0.2240 0.2934 1.2502 1.9873 3.4930 
2.0000 45.0000 0.0000 1.0000 3.0200 2 1.0000 0.0000 2.4100 6.0000 6.0000 -2.0000 -10.0000 2.0000 -6.0000 10.0000 0.2500 0.2500 0.2500 0.2500 0.2500 1.2500 1.7719 3.2757 
2.0000 46.0000 4.0000 0.0000 -3.0200 2 1.0000 1.0000 3.9500 6.0000 14.0000 6.0000 -6.0000 10.0000 -2.0000 2.0000 0.2523 0.2156 0.1845 0.3284 0.2634 1.2442 1.9614 3.4535 
2.0000 47.0000 -4.0000 0.0000 -2.6900 2 1.0000 1.0000 1.6980 6.0000 2.0000 -10.0000 -14.0000 6.0000 -6.0000 -2.0000 0.2109 0.3456 0.2021 0.3246 0.1719 1.2550 1.9567 3.4643 
2.0000 48.0000 4.0000 0.0000 -2.3600 2 1.0000 1.0000 2.5160 6.0000 -6.0000 2.0000 14.0000 -2.0000 10.0000 6.0000 0.2752 0.2101 0.2809 0.2546 0.2208 1.2417 1.9116 3.4009 
2.0000 49.0000 4.0000 0.0000 -2.0300 8 -1.0000 0.0000 1.9190 7.0000 -2.0000 6.0000 14.0000 2.0000 10.0000 -6.0000 0.1840 0.3137 0.3439 0.1714 0.2323 1.2454 1.8851 3.3880 
2.0000 50.0000 -4.0000 1.0000 3.0200 2 1.0000 0.0000 1.4430 7.0000 6.0000 -6.0000 -14.0000 -2.0000 -10.0000 2.0000 0.2500 0.2500 0.2500 0.2500 0.2500 1.2500 1.8126 3.3258 
2.0000 51.0000 -4.0000 0.0000 3.0200 2 1.0000 0.0000 1.7540 7.0000 2.0000 -10.0000 -14.0000 6.0000 -6.0000 -2.0000 0.2293 0.2874 0.1901 0.2318 0.3035 1.2422 1.9819 3.4847 
2.0000 52.0000 -4.0000 1.0000 4.0100 8 -1.0000 1.0000 3.0640 7.0000 6.0000 -6.0000 -10.0000 -2.0000 -14.0000 2.0000 0.2500 0.2500 0.2500 0.2500 0.2500 1.2500 1.9070 3.4091 
2.0000 53.0000 -2.0000 0.0000 -4.0100 2 1.0000 1.0000 1.1760 8.0000 4.0000 -8.0000 -12.0000 8.0000 -4.0000 0.0000 0.1658 0.1958 0.3868 0.1985 0.2990 1.2458 1.9588 3.4551 
2.0000 54.0000 4.0000 1.0000 -3.6800 2 1.0000 1.0000 2.7360 8.0000 10.0000 -2.0000 -6.0000 14.0000 2.0000 6.0000 0.2500 0.2500 0.2500 0.2500 0.2500 1.2500 1.8528 3.3592 
2.0000 55.0000 -4.0000 0.0000 -3.6800 8 -1.0000 0.0000 1.4570 9.0000 -6.0000 2.0000 6.0000 -14.0000 -2.0000 -10.0000 0.3385 0.1668 0.2220 0.2481 0.2844 1.2598 1.8728 3.3858 
2.0000 56.0000 0.0000 0.0000 4.6700 2 1.0000 0.0000 4.9280 9.0000 6.0000 -2.0000 -10.0000 2.0000 -6.0000 10.0000 0.2643 0.1781 0.2496 0.1532 0.3999 1.2451 1.8263 3.3210 
2.0000 57.0000 -4.0000 0.0000 -5.6600 2 1.0000 1.0000 2.3240 10.0000 -6.0000 2.0000 6.0000 -14.0000 -2.0000 -10.0000 0.3494 0.2409 0.1916 0.2701 0.1892 1.2412 1.8297 3.3169 
