subNo index block mean periodicity testLevel pressedKey answer isCorrect rt s1 s2 s3 s4 s5 s6 t1 t2 t3 t4 t5 seqDuration startInterval trialDuration 
21.0000 47.0000 1.0000 2.0000 1.0000 1.6300 2 -1.0000 1.0000 4.7020 8.0000 0.0000 -8.0000 4.0000 -4.0000 12.0000 0.2500 0.2500 0.2500 0.2500 0.2500 1.2500 1.8799 3.3760 
21.0000 5.0000 1.0000 -4.0000 1.0000 1.6300 2 -1.0000 1.0000 1.5180 6.0000 -6.0000 -14.0000 -2.0000 -10.0000 2.0000 0.2500 0.2500 0.2500 0.2500 0.2500 1.2500 1.7612 3.2592 
21.0000 31.0000 1.0000 0.0000 1.0000 -1.6300 8 1.0000 1.0000 2.4350 -6.0000 2.0000 6.0000 -2.0000 10.0000 -10.0000 0.2500 0.2500 0.2500 0.2500 0.2500 1.2500 1.7813 3.2758 
21.0000 6.0000 1.0000 -4.0000 1.0000 3.2600 2 -1.0000 1.0000 1.1950 -10.0000 -2.0000 2.0000 -6.0000 6.0000 -14.0000 0.2500 0.2500 0.2500 0.2500 0.2500 1.2500 1.7985 3.2925 
21.0000 54.0000 1.0000 2.0000 0.0000 1.6300 2 -1.0000 1.0000 3.8710 12.0000 4.0000 -4.0000 8.0000 -8.0000 0.0000 0.1615 0.3692 0.2009 0.1554 0.3694 1.2565 1.9435 3.4492 
21.0000 32.0000 1.0000 0.0000 1.0000 0.0000 2 -1.0000 0.0000 1.4270 -6.0000 2.0000 10.0000 -2.0000 6.0000 -10.0000 0.2500 0.2500 0.2500 0.2500 0.2500 1.2500 1.8769 3.3759 
21.0000 45.0000 1.0000 2.0000 1.0000 -1.6300 8 1.0000 1.0000 1.9790 8.0000 0.0000 -4.0000 4.0000 -8.0000 12.0000 0.2500 0.2500 0.2500 0.2500 0.2500 1.2500 1.9914 3.4927 
21.0000 39.0000 1.0000 0.0000 0.0000 0.0000 8 1.0000 0.0000 3.2220 6.0000 -2.0000 -10.0000 2.0000 -6.0000 10.0000 0.2505 0.1864 0.2814 0.1719 0.3590 1.2493 1.7880 3.2918 
21.0000 8.0000 1.0000 -4.0000 0.0000 -4.8900 8 1.0000 1.0000 1.6430 6.0000 -6.0000 -14.0000 -2.0000 -10.0000 2.0000 0.1943 0.2535 0.2260 0.3076 0.2755 1.2569 1.9029 3.4161 
21.0000 14.0000 1.0000 -4.0000 0.0000 4.8900 2 -1.0000 1.0000 1.1000 -2.0000 -10.0000 -14.0000 6.0000 -6.0000 2.0000 0.3961 0.2005 0.1750 0.3240 0.1602 1.2558 1.8956 3.3985 
21.0000 44.0000 1.0000 2.0000 1.0000 -3.2600 8 1.0000 1.0000 2.4510 -8.0000 4.0000 8.0000 0.0000 12.0000 -4.0000 0.2500 0.2500 0.2500 0.2500 0.2500 1.2500 1.9757 3.4760 
21.0000 38.0000 1.0000 0.0000 0.0000 -1.6300 8 1.0000 1.0000 3.0910 10.0000 2.0000 -10.0000 6.0000 -6.0000 -2.0000 0.1517 0.1818 0.3306 0.3564 0.2321 1.2526 1.8312 3.3285 
21.0000 43.0000 1.0000 2.0000 1.0000 -4.8900 8 1.0000 1.0000 2.6070 12.0000 0.0000 -8.0000 4.0000 -4.0000 8.0000 0.2500 0.2500 0.2500 0.2500 0.2500 1.2500 1.8682 3.3593 
21.0000 9.0000 1.0000 -4.0000 0.0000 -3.2600 8 1.0000 1.0000 3.2700 6.0000 -6.0000 -14.0000 -2.0000 -10.0000 2.0000 0.3193 0.1918 0.2676 0.1635 0.3095 1.2517 1.8098 3.3109 
21.0000 23.0000 1.0000 -2.0000 0.0000 -3.2600 8 1.0000 1.0000 2.3160 4.0000 -4.0000 -12.0000 0.0000 -8.0000 8.0000 0.1524 0.2614 0.1837 0.3941 0.2559 1.2475 1.8487 3.3399 
21.0000 61.0000 1.0000 4.0000 1.0000 1.6300 2 -1.0000 1.0000 1.4010 -2.0000 10.0000 14.0000 -6.0000 6.0000 2.0000 0.2500 0.2500 0.2500 0.2500 0.2500 1.2500 1.7735 3.2592 
21.0000 7.0000 1.0000 -4.0000 1.0000 4.8900 2 -1.0000 1.0000 2.8620 6.0000 -2.0000 -14.0000 2.0000 -10.0000 -6.0000 0.2500 0.2500 0.2500 0.2500 0.2500 1.2500 1.8863 3.3926 
21.0000 48.0000 1.0000 2.0000 1.0000 3.2600 2 -1.0000 1.0000 3.2460 12.0000 4.0000 -4.0000 8.0000 -8.0000 0.0000 0.2500 0.2500 0.2500 0.2500 0.2500 1.2500 1.7650 3.2758 
21.0000 36.0000 1.0000 0.0000 0.0000 -4.8900 8 1.0000 1.0000 2.6160 -10.0000 2.0000 6.0000 -2.0000 10.0000 -6.0000 0.1509 0.3319 0.2853 0.2047 0.2718 1.2447 1.9261 3.4205 
21.0000 37.0000 1.0000 0.0000 0.0000 -3.2600 8 1.0000 1.0000 2.0920 6.0000 -6.0000 -10.0000 10.0000 -2.0000 2.0000 0.2796 0.2215 0.1840 0.3056 0.2671 1.2579 1.8831 3.4004 
21.0000 67.0000 1.0000 4.0000 0.0000 0.0000 2 -1.0000 0.0000 3.3050 -6.0000 2.0000 14.0000 -2.0000 10.0000 6.0000 0.1521 0.2489 0.3783 0.1962 0.2813 1.2569 1.8357 3.3494 
21.0000 56.0000 1.0000 2.0000 0.0000 4.8900 2 -1.0000 1.0000 1.8800 -4.0000 4.0000 12.0000 0.0000 8.0000 -8.0000 0.1727 0.2302 0.3308 0.2382 0.2748 1.2468 1.9338 3.4227 
21.0000 52.0000 1.0000 2.0000 0.0000 -1.6300 8 1.0000 1.0000 2.9270 8.0000 0.0000 -8.0000 4.0000 -4.0000 12.0000 0.1936 0.2757 0.3146 0.1516 0.3078 1.2433 1.8212 3.3025 
21.0000 35.0000 1.0000 0.0000 1.0000 4.8900 2 -1.0000 1.0000 2.2010 10.0000 2.0000 -6.0000 6.0000 -10.0000 -2.0000 0.2500 0.2500 0.2500 0.2500 0.2500 1.2500 1.8897 3.3758 
21.0000 62.0000 1.0000 4.0000 1.0000 3.2600 8 1.0000 0.0000 2.3520 2.0000 10.0000 14.0000 -6.0000 6.0000 -2.0000 0.2500 0.2500 0.2500 0.2500 0.2500 1.2500 1.8738 3.3592 
21.0000 34.0000 1.0000 0.0000 1.0000 3.2600 2 -1.0000 1.0000 2.7930 2.0000 -6.0000 -10.0000 10.0000 -2.0000 6.0000 0.2500 0.2500 0.2500 0.2500 0.2500 1.2500 1.9854 3.4926 
21.0000 25.0000 1.0000 -2.0000 0.0000 0.0000 8 1.0000 0.0000 3.0760 8.0000 0.0000 -8.0000 4.0000 -12.0000 -4.0000 0.3049 0.1674 0.3566 0.1666 0.2574 1.2529 1.9596 3.4621 
21.0000 10.0000 1.0000 -4.0000 0.0000 -1.6300 8 1.0000 1.0000 3.2170 -14.0000 -6.0000 6.0000 -10.0000 2.0000 -2.0000 0.1577 0.1834 0.2765 0.2474 0.3930 1.2580 1.7841 3.3006 
21.0000 19.0000 1.0000 -2.0000 1.0000 1.6300 8 1.0000 0.0000 3.7280 4.0000 -8.0000 -12.0000 8.0000 -4.0000 0.0000 0.2500 0.2500 0.2500 0.2500 0.2500 1.2500 1.8645 3.3592 
21.0000 50.0000 1.0000 2.0000 0.0000 -4.8900 8 1.0000 1.0000 2.1580 12.0000 0.0000 -4.0000 4.0000 -8.0000 8.0000 0.2835 0.1790 0.1534 0.2620 0.3697 1.2476 1.9695 3.4735 
21.0000 21.0000 1.0000 -2.0000 1.0000 4.8900 2 -1.0000 1.0000 1.8570 4.0000 -8.0000 -12.0000 8.0000 -4.0000 0.0000 0.2500 0.2500 0.2500 0.2500 0.2500 1.2500 1.9594 3.4593 
21.0000 63.0000 1.0000 4.0000 1.0000 4.8900 2 -1.0000 1.0000 2.0610 10.0000 2.0000 -6.0000 6.0000 -2.0000 14.0000 0.2500 0.2500 0.2500 0.2500 0.2500 1.2500 1.9329 3.4261 
21.0000 11.0000 1.0000 -4.0000 0.0000 0.0000 2 -1.0000 0.0000 2.0130 2.0000 -6.0000 -10.0000 -2.0000 -14.0000 6.0000 0.1676 0.3061 0.1803 0.2614 0.3272 1.2426 1.7915 3.2852 
21.0000 3.0000 1.0000 -4.0000 1.0000 -1.6300 8 1.0000 1.0000 2.1020 2.0000 -6.0000 -10.0000 -2.0000 -14.0000 6.0000 0.2500 0.2500 0.2500 0.2500 0.2500 1.2500 1.8267 3.3259 
21.0000 60.0000 1.0000 4.0000 1.0000 0.0000 8 1.0000 0.0000 2.5890 -6.0000 2.0000 10.0000 -2.0000 14.0000 6.0000 0.2500 0.2500 0.2500 0.2500 0.2500 1.2500 1.9450 3.4592 
21.0000 1.0000 1.0000 -4.0000 1.0000 -4.8900 8 1.0000 1.0000 2.1990 2.0000 -6.0000 -14.0000 -2.0000 -10.0000 6.0000 0.2500 0.2500 0.2500 0.2500 0.2500 1.2500 1.7803 3.2925 
21.0000 66.0000 1.0000 4.0000 0.0000 -1.6300 2 -1.0000 0.0000 2.7620 6.0000 -2.0000 -6.0000 14.0000 2.0000 10.0000 0.2075 0.1569 0.2111 0.3058 0.3638 1.2452 1.8882 3.3879 
21.0000 41.0000 1.0000 0.0000 0.0000 3.2600 8 1.0000 0.0000 3.5090 -6.0000 2.0000 10.0000 -2.0000 6.0000 -10.0000 0.1626 0.3317 0.1934 0.3342 0.2255 1.2473 1.8297 3.3232 
21.0000 68.0000 1.0000 4.0000 0.0000 1.6300 2 -1.0000 1.0000 3.2660 -6.0000 6.0000 14.0000 2.0000 10.0000 -2.0000 0.1512 0.3359 0.1510 0.3649 0.2484 1.2514 1.7554 3.2606 
21.0000 17.0000 1.0000 -2.0000 1.0000 -1.6300 2 -1.0000 0.0000 2.1300 -8.0000 0.0000 8.0000 -4.0000 4.0000 -12.0000 0.2500 0.2500 0.2500 0.2500 0.2500 1.2500 1.9867 3.4927 
21.0000 70.0000 1.0000 4.0000 0.0000 4.8900 8 1.0000 0.0000 1.5540 10.0000 2.0000 -6.0000 6.0000 -2.0000 14.0000 0.3098 0.1973 0.3110 0.2602 0.1765 1.2547 1.9331 3.4306 
21.0000 40.0000 1.0000 0.0000 0.0000 1.6300 2 -1.0000 1.0000 3.4750 6.0000 -6.0000 -10.0000 10.0000 -2.0000 2.0000 0.1698 0.2026 0.3948 0.2580 0.2190 1.2443 1.8821 3.3701 
21.0000 29.0000 1.0000 0.0000 1.0000 -4.8900 8 1.0000 1.0000 3.1000 -2.0000 6.0000 10.0000 -10.0000 2.0000 -6.0000 0.2500 0.2500 0.2500 0.2500 0.2500 1.2500 1.9446 3.4426 
21.0000 57.0000 1.0000 4.0000 1.0000 -4.8900 8 1.0000 1.0000 2.8230 -2.0000 10.0000 14.0000 -6.0000 6.0000 2.0000 0.2500 0.2500 0.2500 0.2500 0.2500 1.2500 1.7958 3.3092 
21.0000 33.0000 1.0000 0.0000 1.0000 1.6300 2 -1.0000 1.0000 1.6170 -10.0000 2.0000 10.0000 -2.0000 6.0000 -6.0000 0.2500 0.2500 0.2500 0.2500 0.2500 1.2500 1.9701 3.4759 
21.0000 65.0000 1.0000 4.0000 0.0000 -3.2600 8 1.0000 1.0000 2.1770 2.0000 10.0000 14.0000 -6.0000 6.0000 -2.0000 0.3247 0.1825 0.2879 0.1528 0.3060 1.2538 1.7760 3.2795 
21.0000 64.0000 1.0000 4.0000 0.0000 -4.8900 8 1.0000 1.0000 1.9000 14.0000 6.0000 -2.0000 10.0000 -6.0000 2.0000 0.3599 0.1630 0.2935 0.2603 0.1833 1.2600 1.8087 3.3191 
21.0000 20.0000 1.0000 -2.0000 1.0000 3.2600 2 -1.0000 1.0000 1.4580 -12.0000 0.0000 4.0000 -4.0000 8.0000 -8.0000 0.2500 0.2500 0.2500 0.2500 0.2500 1.2500 1.9541 3.4593 
21.0000 49.0000 1.0000 2.0000 1.0000 4.8900 2 -1.0000 1.0000 1.5510 0.0000 8.0000 12.0000 -8.0000 4.0000 -4.0000 0.2500 0.2500 0.2500 0.2500 0.2500 1.2500 1.8804 3.3759 
21.0000 58.0000 1.0000 4.0000 1.0000 -3.2600 2 -1.0000 0.0000 2.4500 10.0000 2.0000 -2.0000 6.0000 -6.0000 14.0000 0.2500 0.2500 0.2500 0.2500 0.2500 1.2500 1.7889 3.2926 
21.0000 22.0000 1.0000 -2.0000 0.0000 -4.8900 8 1.0000 1.0000 1.7790 4.0000 -4.0000 -12.0000 0.0000 -8.0000 8.0000 0.2599 0.1974 0.2442 0.2165 0.3332 1.2513 1.8272 3.3270 
21.0000 16.0000 1.0000 -2.0000 1.0000 -3.2600 8 1.0000 1.0000 1.5540 8.0000 0.0000 -12.0000 4.0000 -8.0000 -4.0000 0.2500 0.2500 0.2500 0.2500 0.2500 1.2500 1.8610 3.3592 
21.0000 12.0000 1.0000 -4.0000 0.0000 1.6300 8 1.0000 0.0000 3.7610 6.0000 -2.0000 -14.0000 2.0000 -10.0000 -6.0000 0.2739 0.2038 0.3313 0.2730 0.1632 1.2453 1.9601 3.4545 
21.0000 42.0000 1.0000 0.0000 0.0000 4.8900 8 1.0000 0.0000 4.0170 10.0000 2.0000 -6.0000 6.0000 -10.0000 -2.0000 0.1694 0.2905 0.1999 0.2294 0.3663 1.2555 1.7906 3.2980 
21.0000 30.0000 1.0000 0.0000 1.0000 -3.2600 8 1.0000 1.0000 2.0150 10.0000 -2.0000 -10.0000 2.0000 -6.0000 6.0000 0.2500 0.2500 0.2500 0.2500 0.2500 1.2500 1.8496 3.3591 
21.0000 69.0000 1.0000 4.0000 0.0000 3.2600 2 -1.0000 1.0000 2.7470 -2.0000 10.0000 14.0000 -6.0000 6.0000 2.0000 0.2084 0.2360 0.2772 0.3446 0.1874 1.2536 1.8859 3.3962 
21.0000 26.0000 1.0000 -2.0000 0.0000 1.6300 8 1.0000 0.0000 3.4370 0.0000 -8.0000 -12.0000 8.0000 -4.0000 4.0000 0.1938 0.3455 0.1623 0.2145 0.3305 1.2467 1.8233 3.3226 
21.0000 13.0000 1.0000 -4.0000 0.0000 3.2600 8 1.0000 0.0000 1.9790 6.0000 -2.0000 -10.0000 2.0000 -14.0000 -6.0000 0.1949 0.2504 0.2048 0.3518 0.2403 1.2422 1.8357 3.3348 
21.0000 55.0000 1.0000 2.0000 0.0000 3.2600 2 -1.0000 1.0000 1.9580 8.0000 0.0000 -4.0000 4.0000 -8.0000 12.0000 0.2581 0.1835 0.2509 0.3338 0.2267 1.2530 1.8287 3.3289 
21.0000 27.0000 1.0000 -2.0000 0.0000 3.2600 2 -1.0000 1.0000 2.1290 4.0000 -4.0000 -8.0000 0.0000 -12.0000 8.0000 0.2412 0.2714 0.2315 0.3243 0.1860 1.2544 1.9769 3.4802 
21.0000 59.0000 1.0000 4.0000 1.0000 -1.6300 8 1.0000 1.0000 2.0450 14.0000 2.0000 -6.0000 6.0000 -2.0000 10.0000 0.2500 0.2500 0.2500 0.2500 0.2500 1.2500 1.8244 3.3258 
21.0000 28.0000 1.0000 -2.0000 0.0000 4.8900 8 1.0000 0.0000 3.3740 -8.0000 4.0000 8.0000 -12.0000 0.0000 -4.0000 0.3213 0.2110 0.2506 0.1808 0.2957 1.2594 1.7940 3.3019 
21.0000 53.0000 1.0000 2.0000 0.0000 0.0000 2 -1.0000 0.0000 2.0810 4.0000 -4.0000 -8.0000 12.0000 0.0000 8.0000 0.1523 0.3706 0.2204 0.1671 0.3319 1.2422 1.9410 3.4348 
21.0000 2.0000 1.0000 -4.0000 1.0000 -3.2600 8 1.0000 1.0000 1.4810 -10.0000 -2.0000 2.0000 -6.0000 6.0000 -14.0000 0.2500 0.2500 0.2500 0.2500 0.2500 1.2500 1.8036 3.3091 
21.0000 24.0000 1.0000 -2.0000 0.0000 -1.6300 8 1.0000 1.0000 2.5500 4.0000 -4.0000 -8.0000 0.0000 -12.0000 8.0000 0.2097 0.2827 0.1768 0.2674 0.3077 1.2442 1.9645 3.4703 
21.0000 4.0000 1.0000 -4.0000 1.0000 0.0000 2 -1.0000 0.0000 3.5200 -14.0000 -2.0000 6.0000 -6.0000 2.0000 -10.0000 0.2500 0.2500 0.2500 0.2500 0.2500 1.2500 1.8295 3.3259 
21.0000 46.0000 1.0000 2.0000 1.0000 0.0000 2 -1.0000 0.0000 1.5120 0.0000 8.0000 12.0000 -8.0000 4.0000 -4.0000 0.2500 0.2500 0.2500 0.2500 0.2500 1.2500 1.7660 3.2592 
21.0000 18.0000 1.0000 -2.0000 1.0000 0.0000 2 -1.0000 0.0000 1.1720 -12.0000 -4.0000 8.0000 -8.0000 4.0000 0.0000 0.2500 0.2500 0.2500 0.2500 0.2500 1.2500 1.9982 3.4926 
21.0000 15.0000 1.0000 -2.0000 1.0000 -4.8900 8 1.0000 1.0000 1.5170 8.0000 0.0000 -12.0000 4.0000 -8.0000 -4.0000 0.2500 0.2500 0.2500 0.2500 0.2500 1.2500 1.8951 3.3924 
21.0000 51.0000 1.0000 2.0000 0.0000 -3.2600 8 1.0000 1.0000 2.9860 8.0000 0.0000 -4.0000 4.0000 -8.0000 12.0000 0.2496 0.2202 0.3491 0.2377 0.1893 1.2460 1.8180 3.3052 
21.0000 23.0000 2.0000 -2.0000 0.0000 -3.2600 2 -1.0000 0.0000 2.4650 0.0000 -8.0000 -12.0000 8.0000 -4.0000 4.0000 0.1677 0.3216 0.2612 0.1962 0.3127 1.2595 1.8285 3.3354 
21.0000 61.0000 2.0000 4.0000 1.0000 1.6300 2 -1.0000 1.0000 1.7810 10.0000 -2.0000 -6.0000 14.0000 2.0000 6.0000 0.2500 0.2500 0.2500 0.2500 0.2500 1.2500 1.9104 3.4261 
21.0000 55.0000 2.0000 2.0000 0.0000 3.2600 2 -1.0000 1.0000 1.3970 -4.0000 4.0000 12.0000 0.0000 8.0000 -8.0000 0.2734 0.1855 0.2801 0.2454 0.2714 1.2558 1.9963 3.5151 
21.0000 9.0000 2.0000 -4.0000 0.0000 -3.2600 8 1.0000 1.0000 1.6310 6.0000 -2.0000 -10.0000 2.0000 -14.0000 -6.0000 0.2416 0.1998 0.3234 0.2253 0.2524 1.2425 1.8027 3.3017 
21.0000 43.0000 2.0000 2.0000 1.0000 -4.8900 8 1.0000 1.0000 1.9630 -4.0000 4.0000 8.0000 0.0000 12.0000 -8.0000 0.2500 0.2500 0.2500 0.2500 0.2500 1.2500 1.8906 3.3926 
21.0000 68.0000 2.0000 4.0000 0.0000 1.6300 8 1.0000 0.0000 2.9670 14.0000 6.0000 -6.0000 10.0000 -2.0000 2.0000 0.2038 0.3098 0.3890 0.1599 0.1950 1.2576 1.9927 3.5002 
21.0000 60.0000 2.0000 4.0000 1.0000 0.0000 8 1.0000 0.0000 2.5350 -6.0000 2.0000 10.0000 -2.0000 14.0000 6.0000 0.2500 0.2500 0.2500 0.2500 0.2500 1.2500 1.8494 3.3426 
21.0000 65.0000 2.0000 4.0000 0.0000 -3.2600 8 1.0000 1.0000 3.5800 -6.0000 6.0000 10.0000 2.0000 14.0000 -2.0000 0.2193 0.3721 0.1755 0.3206 0.1710 1.2585 1.9495 3.4510 
21.0000 28.0000 2.0000 -2.0000 0.0000 4.8900 2 -1.0000 1.0000 2.0220 -8.0000 0.0000 8.0000 -4.0000 4.0000 -12.0000 0.3041 0.1896 0.2183 0.3266 0.2084 1.2470 1.8338 3.3229 
21.0000 46.0000 2.0000 2.0000 1.0000 0.0000 8 1.0000 0.0000 1.5580 -4.0000 4.0000 8.0000 0.0000 12.0000 -8.0000 0.2500 0.2500 0.2500 0.2500 0.2500 1.2500 1.8282 3.3258 
21.0000 25.0000 2.0000 -2.0000 0.0000 0.0000 2 -1.0000 0.0000 2.8520 -12.0000 0.0000 4.0000 -4.0000 8.0000 -8.0000 0.2718 0.3500 0.1528 0.2859 0.1850 1.2455 1.7855 3.2714 
21.0000 1.0000 2.0000 -4.0000 1.0000 -4.8900 8 1.0000 1.0000 1.6410 6.0000 -2.0000 -14.0000 2.0000 -10.0000 -6.0000 0.2500 0.2500 0.2500 0.2500 0.2500 1.2500 1.8121 3.3258 
21.0000 39.0000 2.0000 0.0000 0.0000 0.0000 8 1.0000 0.0000 2.3400 -6.0000 6.0000 10.0000 -10.0000 2.0000 -2.0000 0.2025 0.2360 0.3373 0.1994 0.2699 1.2451 1.9161 3.4210 
21.0000 66.0000 2.0000 4.0000 0.0000 -1.6300 2 -1.0000 0.0000 2.0290 -6.0000 6.0000 14.0000 2.0000 10.0000 -2.0000 0.3542 0.2684 0.1914 0.2311 0.2020 1.2470 1.8781 3.3730 
21.0000 36.0000 2.0000 0.0000 0.0000 -4.8900 2 -1.0000 0.0000 3.4540 -6.0000 2.0000 10.0000 -2.0000 6.0000 -10.0000 0.1534 0.2471 0.3944 0.1863 0.2699 1.2512 1.7579 3.2605 
21.0000 62.0000 2.0000 4.0000 1.0000 3.2600 2 -1.0000 1.0000 1.9110 -2.0000 6.0000 10.0000 2.0000 14.0000 -6.0000 0.2500 0.2500 0.2500 0.2500 0.2500 1.2500 1.9484 3.4427 
21.0000 47.0000 2.0000 2.0000 1.0000 1.6300 8 1.0000 0.0000 1.4020 12.0000 4.0000 -8.0000 8.0000 -4.0000 0.0000 0.2500 0.2500 0.2500 0.2500 0.2500 1.2500 1.8547 3.3591 
21.0000 29.0000 2.0000 0.0000 1.0000 -4.8900 8 1.0000 1.0000 1.8820 10.0000 2.0000 -6.0000 6.0000 -10.0000 -2.0000 0.2500 0.2500 0.2500 0.2500 0.2500 1.2500 1.8244 3.3258 
21.0000 67.0000 2.0000 4.0000 0.0000 0.0000 8 1.0000 0.0000 1.9230 14.0000 2.0000 -2.0000 6.0000 -6.0000 10.0000 0.2039 0.3064 0.1578 0.3163 0.2625 1.2469 1.7588 3.2561 
21.0000 42.0000 2.0000 0.0000 0.0000 4.8900 2 -1.0000 1.0000 1.5280 10.0000 -2.0000 -10.0000 2.0000 -6.0000 6.0000 0.1517 0.2529 0.3777 0.3194 0.1559 1.2576 1.8302 3.3335 
21.0000 31.0000 2.0000 0.0000 1.0000 -1.6300 8 1.0000 1.0000 2.3220 2.0000 -6.0000 -10.0000 10.0000 -2.0000 6.0000 0.2500 0.2500 0.2500 0.2500 0.2500 1.2500 1.8254 3.3260 
21.0000 20.0000 2.0000 -2.0000 1.0000 3.2600 2 -1.0000 1.0000 2.0190 -8.0000 0.0000 8.0000 -4.0000 4.0000 -12.0000 0.2500 0.2500 0.2500 0.2500 0.2500 1.2500 1.8461 3.3593 
21.0000 49.0000 2.0000 2.0000 1.0000 4.8900 2 -1.0000 1.0000 1.3670 -4.0000 4.0000 8.0000 0.0000 12.0000 -8.0000 0.2500 0.2500 0.2500 0.2500 0.2500 1.2500 1.9687 3.4760 
21.0000 3.0000 2.0000 -4.0000 1.0000 -1.6300 8 1.0000 1.0000 1.2620 6.0000 -6.0000 -14.0000 -2.0000 -10.0000 2.0000 0.2500 0.2500 0.2500 0.2500 0.2500 1.2500 1.8424 3.3425 
21.0000 16.0000 2.0000 -2.0000 1.0000 -3.2600 8 1.0000 1.0000 1.6000 8.0000 0.0000 -8.0000 4.0000 -12.0000 -4.0000 0.2500 0.2500 0.2500 0.2500 0.2500 1.2500 1.7532 3.2591 
21.0000 19.0000 2.0000 -2.0000 1.0000 1.6300 2 -1.0000 1.0000 2.1580 8.0000 -4.0000 -8.0000 0.0000 -12.0000 4.0000 0.2500 0.2500 0.2500 0.2500 0.2500 1.2500 1.8799 3.3760 
21.0000 11.0000 2.0000 -4.0000 0.0000 0.0000 2 -1.0000 0.0000 1.7620 -2.0000 -10.0000 -14.0000 6.0000 -6.0000 2.0000 0.1953 0.3135 0.2767 0.2018 0.2645 1.2518 1.7925 3.2944 
21.0000 50.0000 2.0000 2.0000 0.0000 -4.8900 8 1.0000 1.0000 2.1820 0.0000 8.0000 12.0000 -8.0000 4.0000 -4.0000 0.3071 0.2333 0.1855 0.2312 0.3027 1.2598 1.8071 3.3189 
21.0000 41.0000 2.0000 0.0000 0.0000 3.2600 8 1.0000 0.0000 3.4150 6.0000 -2.0000 -10.0000 2.0000 -6.0000 10.0000 0.2117 0.1616 0.3133 0.1794 0.3804 1.2463 1.8051 3.3055 
21.0000 10.0000 2.0000 -4.0000 0.0000 -1.6300 2 -1.0000 0.0000 1.6760 -14.0000 -6.0000 6.0000 -10.0000 2.0000 -2.0000 0.2840 0.1604 0.3289 0.2773 0.2058 1.2564 1.9069 3.4157 
21.0000 70.0000 2.0000 4.0000 0.0000 4.8900 2 -1.0000 1.0000 1.5500 10.0000 2.0000 -6.0000 6.0000 -2.0000 14.0000 0.2113 0.2882 0.2305 0.3248 0.1871 1.2419 1.9697 3.4512 
21.0000 14.0000 2.0000 -4.0000 0.0000 4.8900 2 -1.0000 1.0000 1.4650 -14.0000 -2.0000 2.0000 -6.0000 6.0000 -10.0000 0.1957 0.1585 0.3799 0.1787 0.3323 1.2451 1.8099 3.3043 
21.0000 52.0000 2.0000 2.0000 0.0000 -1.6300 8 1.0000 1.0000 2.0130 8.0000 0.0000 -4.0000 4.0000 -8.0000 12.0000 0.1836 0.2740 0.2129 0.3789 0.1975 1.2469 1.8944 3.3894 
21.0000 2.0000 2.0000 -4.0000 1.0000 -3.2600 8 1.0000 1.0000 2.3080 -10.0000 -2.0000 6.0000 -6.0000 2.0000 -14.0000 0.2500 0.2500 0.2500 0.2500 0.2500 1.2500 1.8511 3.3592 
21.0000 51.0000 2.0000 2.0000 0.0000 -3.2600 8 1.0000 1.0000 2.3780 12.0000 4.0000 -8.0000 8.0000 -4.0000 0.0000 0.2298 0.1903 0.3172 0.1550 0.3604 1.2528 1.9270 3.4288 
21.0000 69.0000 2.0000 4.0000 0.0000 3.2600 2 -1.0000 1.0000 1.2620 -2.0000 6.0000 10.0000 2.0000 14.0000 -6.0000 0.2279 0.2560 0.1893 0.3473 0.2389 1.2594 1.7553 3.2687 
21.0000 35.0000 2.0000 0.0000 1.0000 4.8900 2 -1.0000 1.0000 1.2940 6.0000 -2.0000 -6.0000 2.0000 -10.0000 10.0000 0.2500 0.2500 0.2500 0.2500 0.2500 1.2500 1.9697 3.4760 
21.0000 63.0000 2.0000 4.0000 1.0000 4.8900 2 -1.0000 1.0000 1.4850 14.0000 2.0000 -6.0000 6.0000 -2.0000 10.0000 0.2500 0.2500 0.2500 0.2500 0.2500 1.2500 1.9858 3.4758 
21.0000 4.0000 2.0000 -4.0000 1.0000 0.0000 8 1.0000 0.0000 1.6580 -10.0000 -2.0000 6.0000 -6.0000 2.0000 -14.0000 0.2500 0.2500 0.2500 0.2500 0.2500 1.2500 1.8560 3.3591 
21.0000 18.0000 2.0000 -2.0000 1.0000 0.0000 8 1.0000 0.0000 1.5910 8.0000 0.0000 -8.0000 4.0000 -12.0000 -4.0000 0.2500 0.2500 0.2500 0.2500 0.2500 1.2500 1.8362 3.3259 
21.0000 24.0000 2.0000 -2.0000 0.0000 -1.6300 8 1.0000 1.0000 1.6300 4.0000 -4.0000 -12.0000 0.0000 -8.0000 8.0000 0.1934 0.3356 0.1689 0.3680 0.1926 1.2586 1.9354 3.4344 
21.0000 27.0000 2.0000 -2.0000 0.0000 3.2600 2 -1.0000 1.0000 1.1000 -8.0000 0.0000 8.0000 -4.0000 4.0000 -12.0000 0.1504 0.3426 0.3020 0.1760 0.2702 1.2413 1.8566 3.3506 
21.0000 5.0000 2.0000 -4.0000 1.0000 1.6300 2 -1.0000 1.0000 1.4310 6.0000 -6.0000 -10.0000 -2.0000 -14.0000 2.0000 0.2500 0.2500 0.2500 0.2500 0.2500 1.2500 1.8308 3.3427 
21.0000 59.0000 2.0000 4.0000 1.0000 -1.6300 2 -1.0000 0.0000 1.2230 -6.0000 2.0000 14.0000 -2.0000 10.0000 6.0000 0.2500 0.2500 0.2500 0.2500 0.2500 1.2500 1.8059 3.3092 
21.0000 22.0000 2.0000 -2.0000 0.0000 -4.8900 8 1.0000 1.0000 0.8990 -8.0000 0.0000 8.0000 -4.0000 4.0000 -12.0000 0.2556 0.1888 0.2522 0.3116 0.2468 1.2550 1.9085 3.4142 
21.0000 40.0000 2.0000 0.0000 0.0000 1.6300 8 1.0000 0.0000 1.6530 10.0000 2.0000 -6.0000 6.0000 -10.0000 -2.0000 0.2915 0.2297 0.1813 0.2209 0.3195 1.2430 1.9205 3.4188 
21.0000 38.0000 2.0000 0.0000 0.0000 -1.6300 8 1.0000 1.0000 1.6680 -6.0000 6.0000 10.0000 -10.0000 2.0000 -2.0000 0.2458 0.2203 0.1562 0.2815 0.3512 1.2551 1.8174 3.3309 
21.0000 48.0000 2.0000 2.0000 1.0000 3.2600 8 1.0000 0.0000 2.0990 -4.0000 8.0000 12.0000 -8.0000 4.0000 0.0000 0.2500 0.2500 0.2500 0.2500 0.2500 1.2500 1.9973 3.4925 
21.0000 12.0000 2.0000 -4.0000 0.0000 1.6300 8 1.0000 0.0000 1.1460 6.0000 -2.0000 -10.0000 2.0000 -14.0000 -6.0000 0.1713 0.2396 0.2850 0.2030 0.3425 1.2415 1.9740 3.4674 
21.0000 58.0000 2.0000 4.0000 1.0000 -3.2600 8 1.0000 1.0000 1.3640 14.0000 2.0000 -6.0000 6.0000 -2.0000 10.0000 0.2500 0.2500 0.2500 0.2500 0.2500 1.2500 1.8796 3.3758 
21.0000 57.0000 2.0000 4.0000 1.0000 -4.8900 8 1.0000 1.0000 1.8190 -6.0000 2.0000 14.0000 -2.0000 10.0000 6.0000 0.2500 0.2500 0.2500 0.2500 0.2500 1.2500 1.9061 3.4092 
21.0000 30.0000 2.0000 0.0000 1.0000 -3.2600 8 1.0000 1.0000 1.3940 -10.0000 -2.0000 6.0000 -6.0000 10.0000 2.0000 0.2500 0.2500 0.2500 0.2500 0.2500 1.2500 1.8744 3.3758 
21.0000 53.0000 2.0000 2.0000 0.0000 0.0000 8 1.0000 0.0000 1.0840 8.0000 -4.0000 -8.0000 12.0000 0.0000 4.0000 0.2510 0.3656 0.2708 0.2065 0.1553 1.2493 1.7980 3.3085 
21.0000 32.0000 2.0000 0.0000 1.0000 0.0000 8 1.0000 0.0000 1.3030 -10.0000 -2.0000 10.0000 -6.0000 6.0000 2.0000 0.2500 0.2500 0.2500 0.2500 0.2500 1.2500 1.8675 3.3759 
21.0000 7.0000 2.0000 -4.0000 1.0000 4.8900 2 -1.0000 1.0000 1.7620 -14.0000 -2.0000 6.0000 -6.0000 2.0000 -10.0000 0.2500 0.2500 0.2500 0.2500 0.2500 1.2500 1.8408 3.3425 
21.0000 44.0000 2.0000 2.0000 1.0000 -3.2600 8 1.0000 1.0000 1.5590 8.0000 -4.0000 -8.0000 12.0000 0.0000 4.0000 0.2500 0.2500 0.2500 0.2500 0.2500 1.2500 1.9833 3.4926 
21.0000 17.0000 2.0000 -2.0000 1.0000 -1.6300 8 1.0000 1.0000 1.4490 -12.0000 -4.0000 8.0000 -8.0000 4.0000 0.0000 0.2500 0.2500 0.2500 0.2500 0.2500 1.2500 1.9774 3.4760 
21.0000 8.0000 2.0000 -4.0000 0.0000 -4.8900 8 1.0000 1.0000 1.8680 6.0000 -6.0000 -10.0000 -2.0000 -14.0000 2.0000 0.2005 0.1746 0.2344 0.3040 0.3318 1.2454 1.9674 3.4713 
21.0000 26.0000 2.0000 -2.0000 0.0000 1.6300 2 -1.0000 1.0000 1.6280 8.0000 -4.0000 -8.0000 0.0000 -12.0000 4.0000 0.1576 0.3901 0.1502 0.3617 0.1808 1.2403 1.7655 3.2495 
21.0000 37.0000 2.0000 0.0000 0.0000 -3.2600 8 1.0000 1.0000 1.2460 -2.0000 6.0000 10.0000 -10.0000 2.0000 -6.0000 0.2935 0.3911 0.2080 0.1610 0.1982 1.2517 1.9779 3.4776 
21.0000 45.0000 2.0000 2.0000 1.0000 -1.6300 2 -1.0000 0.0000 2.0600 -8.0000 0.0000 12.0000 -4.0000 8.0000 4.0000 0.2500 0.2500 0.2500 0.2500 0.2500 1.2500 1.8549 3.3592 
21.0000 56.0000 2.0000 2.0000 0.0000 4.8900 2 -1.0000 1.0000 2.7930 -8.0000 0.0000 12.0000 -4.0000 8.0000 4.0000 0.2563 0.1623 0.2172 0.2528 0.3654 1.2539 1.8734 3.3798 
21.0000 15.0000 2.0000 -2.0000 1.0000 -4.8900 NR 0.0000 0.0000 0.0000 -8.0000 4.0000 8.0000 -12.0000 0.0000 -4.0000 0.2500 0.2500 0.2500 0.2500 0.2500 1.2500 1.8211 3.3093 
21.0000 64.0000 2.0000 4.0000 0.0000 -4.8900 8 1.0000 1.0000 1.4410 10.0000 -2.0000 -6.0000 14.0000 2.0000 6.0000 0.1747 0.3435 0.2619 0.2991 0.1653 1.2445 1.7847 3.2869 
21.0000 33.0000 2.0000 0.0000 1.0000 1.6300 2 -1.0000 1.0000 3.4530 -6.0000 6.0000 10.0000 -10.0000 2.0000 -2.0000 0.2500 0.2500 0.2500 0.2500 0.2500 1.2500 1.8875 3.3925 
21.0000 34.0000 2.0000 0.0000 1.0000 3.2600 2 -1.0000 1.0000 1.3740 2.0000 -6.0000 -10.0000 10.0000 -2.0000 6.0000 0.2500 0.2500 0.2500 0.2500 0.2500 1.2500 1.7669 3.2758 
21.0000 13.0000 2.0000 -4.0000 0.0000 3.2600 2 -1.0000 1.0000 1.3380 2.0000 -6.0000 -10.0000 -2.0000 -14.0000 6.0000 0.3686 0.1798 0.2792 0.2247 0.1898 1.2420 1.9411 3.4346 
21.0000 54.0000 2.0000 2.0000 0.0000 1.6300 2 -1.0000 1.0000 2.3790 12.0000 0.0000 -8.0000 4.0000 -4.0000 8.0000 0.2087 0.3750 0.1505 0.2951 0.2254 1.2547 1.8890 3.3974 
21.0000 6.0000 2.0000 -4.0000 1.0000 3.2600 2 -1.0000 1.0000 1.9400 2.0000 -10.0000 -14.0000 6.0000 -6.0000 -2.0000 0.2500 0.2500 0.2500 0.2500 0.2500 1.2500 1.8602 3.3593 
21.0000 21.0000 2.0000 -2.0000 1.0000 4.8900 8 1.0000 0.0000 1.4000 -4.0000 4.0000 8.0000 -12.0000 0.0000 -8.0000 0.2500 0.2500 0.2500 0.2500 0.2500 1.2500 1.8049 3.3092 
21.0000 41.0000 3.0000 0.0000 0.0000 3.2600 8 1.0000 0.0000 4.1500 6.0000 -2.0000 -6.0000 2.0000 -10.0000 10.0000 0.2571 0.3375 0.2155 0.2590 0.1718 1.2409 1.7729 3.2667 
21.0000 69.0000 3.0000 4.0000 0.0000 3.2600 2 -1.0000 1.0000 1.2110 14.0000 2.0000 -6.0000 6.0000 -2.0000 10.0000 0.2033 0.1739 0.2812 0.3102 0.2757 1.2443 1.8906 3.3868 
21.0000 65.0000 3.0000 4.0000 0.0000 -3.2600 8 1.0000 1.0000 1.9790 6.0000 -2.0000 -6.0000 14.0000 2.0000 10.0000 0.1660 0.2995 0.1899 0.3712 0.2251 1.2517 1.8764 3.3776 
21.0000 8.0000 3.0000 -4.0000 0.0000 -4.8900 8 1.0000 1.0000 1.7990 -6.0000 2.0000 6.0000 -14.0000 -2.0000 -10.0000 0.2164 0.1616 0.3077 0.1776 0.3877 1.2511 1.7510 3.2436 
21.0000 10.0000 3.0000 -4.0000 0.0000 -1.6300 8 1.0000 1.0000 1.9640 6.0000 -2.0000 -10.0000 2.0000 -14.0000 -6.0000 0.2171 0.3894 0.2789 0.2202 0.1509 1.2564 1.9644 3.4657 
21.0000 2.0000 3.0000 -4.0000 1.0000 -3.2600 8 1.0000 1.0000 1.8140 6.0000 -6.0000 -14.0000 -2.0000 -10.0000 2.0000 0.2500 0.2500 0.2500 0.2500 0.2500 1.2500 1.7626 3.2758 
21.0000 14.0000 3.0000 -4.0000 0.0000 4.8900 2 -1.0000 1.0000 1.3200 -10.0000 -2.0000 2.0000 -6.0000 6.0000 -14.0000 0.1698 0.3069 0.3667 0.2504 0.1518 1.2457 1.9742 3.4715 
21.0000 19.0000 3.0000 -2.0000 1.0000 1.6300 2 -1.0000 1.0000 1.5010 -8.0000 0.0000 4.0000 -4.0000 8.0000 -12.0000 0.2500 0.2500 0.2500 0.2500 0.2500 1.2500 1.8011 3.3092 
21.0000 59.0000 3.0000 4.0000 1.0000 -1.6300 2 -1.0000 0.0000 1.8530 -2.0000 6.0000 14.0000 2.0000 10.0000 -6.0000 0.2500 0.2500 0.2500 0.2500 0.2500 1.2500 1.7587 3.2591 
21.0000 42.0000 3.0000 0.0000 0.0000 4.8900 2 -1.0000 1.0000 1.6860 -10.0000 -2.0000 6.0000 -6.0000 10.0000 2.0000 0.3367 0.2356 0.3422 0.1516 0.1932 1.2593 1.7819 3.2852 
21.0000 36.0000 3.0000 0.0000 0.0000 -4.8900 2 -1.0000 0.0000 1.3640 -10.0000 2.0000 6.0000 -2.0000 10.0000 -6.0000 0.2485 0.3013 0.1815 0.3623 0.1530 1.2466 1.9957 3.4891 
21.0000 17.0000 3.0000 -2.0000 1.0000 -1.6300 8 1.0000 1.0000 3.4310 8.0000 0.0000 -8.0000 4.0000 -12.0000 -4.0000 0.2500 0.2500 0.2500 0.2500 0.2500 1.2500 1.8271 3.3258 
21.0000 32.0000 3.0000 0.0000 1.0000 0.0000 2 -1.0000 0.0000 1.5290 6.0000 -2.0000 -6.0000 2.0000 -10.0000 10.0000 0.2500 0.2500 0.2500 0.2500 0.2500 1.2500 1.9074 3.4092 
21.0000 15.0000 3.0000 -2.0000 1.0000 -4.8900 8 1.0000 1.0000 1.4280 4.0000 -8.0000 -12.0000 8.0000 -4.0000 0.0000 0.2500 0.2500 0.2500 0.2500 0.2500 1.2500 1.8358 3.3259 
21.0000 44.0000 3.0000 2.0000 1.0000 -3.2600 8 1.0000 1.0000 3.1830 12.0000 4.0000 -4.0000 8.0000 -8.0000 0.0000 0.2500 0.2500 0.2500 0.2500 0.2500 1.2500 1.9789 3.4758 
21.0000 47.0000 3.0000 2.0000 1.0000 1.6300 2 -1.0000 1.0000 2.6510 -8.0000 0.0000 12.0000 -4.0000 8.0000 4.0000 0.2500 0.2500 0.2500 0.2500 0.2500 1.2500 1.9270 3.4425 
21.0000 26.0000 3.0000 -2.0000 0.0000 1.6300 8 1.0000 0.0000 4.0880 -12.0000 -4.0000 8.0000 -8.0000 4.0000 0.0000 0.2103 0.2933 0.1534 0.3296 0.2535 1.2401 1.8679 3.3661 
21.0000 66.0000 3.0000 4.0000 0.0000 -1.6300 8 1.0000 1.0000 1.6140 6.0000 -2.0000 -6.0000 14.0000 2.0000 10.0000 0.1585 0.2525 0.3823 0.1529 0.3105 1.2567 1.7896 3.2992 
21.0000 50.0000 3.0000 2.0000 0.0000 -4.8900 8 1.0000 1.0000 1.0390 8.0000 0.0000 -4.0000 4.0000 -8.0000 12.0000 0.2679 0.3291 0.2754 0.2240 0.1617 1.2582 1.9185 3.4341 
21.0000 57.0000 3.0000 4.0000 1.0000 -4.8900 8 1.0000 1.0000 0.8610 10.0000 -2.0000 -6.0000 14.0000 2.0000 6.0000 0.2500 0.2500 0.2500 0.2500 0.2500 1.2500 1.8906 3.3925 
21.0000 61.0000 3.0000 4.0000 1.0000 1.6300 2 -1.0000 1.0000 2.2380 14.0000 6.0000 -6.0000 10.0000 -2.0000 2.0000 0.2500 0.2500 0.2500 0.2500 0.2500 1.2500 1.7937 3.2926 
21.0000 62.0000 3.0000 4.0000 1.0000 3.2600 8 1.0000 0.0000 2.0300 -6.0000 6.0000 10.0000 2.0000 14.0000 -2.0000 0.2500 0.2500 0.2500 0.2500 0.2500 1.2500 1.7846 3.2758 
21.0000 34.0000 3.0000 0.0000 1.0000 3.2600 8 1.0000 0.0000 1.5130 10.0000 2.0000 -6.0000 6.0000 -10.0000 -2.0000 0.2500 0.2500 0.2500 0.2500 0.2500 1.2500 1.9356 3.4260 
21.0000 70.0000 3.0000 4.0000 0.0000 4.8900 8 1.0000 0.0000 1.4540 14.0000 6.0000 -6.0000 10.0000 -2.0000 2.0000 0.2314 0.2769 0.3185 0.2002 0.2288 1.2559 1.8887 3.3818 
21.0000 48.0000 3.0000 2.0000 1.0000 3.2600 8 1.0000 0.0000 1.1400 12.0000 4.0000 -8.0000 8.0000 -4.0000 0.0000 0.2500 0.2500 0.2500 0.2500 0.2500 1.2500 1.7946 3.2926 
21.0000 37.0000 3.0000 0.0000 0.0000 -3.2600 8 1.0000 1.0000 1.0960 6.0000 -2.0000 -10.0000 2.0000 -6.0000 10.0000 0.1546 0.3614 0.3089 0.2586 0.1615 1.2449 1.8274 3.3375 
21.0000 60.0000 3.0000 4.0000 1.0000 0.0000 2 -1.0000 0.0000 1.8660 -6.0000 6.0000 10.0000 2.0000 14.0000 -2.0000 0.2500 0.2500 0.2500 0.2500 0.2500 1.2500 1.9093 3.4092 
21.0000 23.0000 3.0000 -2.0000 0.0000 -3.2600 8 1.0000 1.0000 3.0750 -12.0000 -4.0000 8.0000 -8.0000 4.0000 0.0000 0.2936 0.2174 0.3490 0.2338 0.1559 1.2497 1.7514 3.2588 
21.0000 27.0000 3.0000 -2.0000 0.0000 3.2600 8 1.0000 0.0000 2.8670 8.0000 0.0000 -8.0000 4.0000 -12.0000 -4.0000 0.2215 0.1942 0.3625 0.3249 0.1565 1.2597 1.9069 3.4189 
21.0000 4.0000 3.0000 -4.0000 1.0000 0.0000 2 -1.0000 0.0000 2.1780 -10.0000 2.0000 6.0000 -14.0000 -2.0000 -6.0000 0.2500 0.2500 0.2500 0.2500 0.2500 1.2500 1.7702 3.2758 
21.0000 55.0000 3.0000 2.0000 0.0000 3.2600 2 -1.0000 1.0000 1.7240 8.0000 0.0000 -8.0000 4.0000 -4.0000 12.0000 0.2291 0.2843 0.2049 0.2342 0.3066 1.2591 1.9796 3.4851 
21.0000 51.0000 3.0000 2.0000 0.0000 -3.2600 8 1.0000 1.0000 2.7690 12.0000 4.0000 -4.0000 8.0000 -8.0000 0.0000 0.2337 0.2840 0.1666 0.3161 0.2472 1.2474 1.8169 3.3067 
21.0000 21.0000 3.0000 -2.0000 1.0000 4.8900 2 -1.0000 1.0000 1.1650 -12.0000 -4.0000 8.0000 -8.0000 4.0000 0.0000 0.2500 0.2500 0.2500 0.2500 0.2500 1.2500 1.7862 3.2758 
21.0000 6.0000 3.0000 -4.0000 1.0000 3.2600 2 -1.0000 1.0000 1.5570 -6.0000 2.0000 6.0000 -14.0000 -2.0000 -10.0000 0.2500 0.2500 0.2500 0.2500 0.2500 1.2500 1.8885 3.3759 
21.0000 13.0000 3.0000 -4.0000 0.0000 3.2600 2 -1.0000 1.0000 1.6030 -6.0000 2.0000 6.0000 -14.0000 -2.0000 -10.0000 0.1906 0.2943 0.2256 0.3119 0.2242 1.2465 1.9621 3.4558 
21.0000 68.0000 3.0000 4.0000 0.0000 1.6300 8 1.0000 0.0000 2.4200 -6.0000 2.0000 14.0000 -2.0000 10.0000 6.0000 0.3135 0.2094 0.2627 0.1833 0.2722 1.2410 1.8659 3.3670 
21.0000 22.0000 3.0000 -2.0000 0.0000 -4.8900 8 1.0000 1.0000 1.9650 -12.0000 -4.0000 4.0000 -8.0000 8.0000 0.0000 0.2031 0.3133 0.1933 0.2330 0.3135 1.2561 1.9195 3.4321 
21.0000 29.0000 3.0000 0.0000 1.0000 -4.8900 8 1.0000 1.0000 1.7830 -6.0000 2.0000 10.0000 -2.0000 6.0000 -10.0000 0.2500 0.2500 0.2500 0.2500 0.2500 1.2500 1.8417 3.3425 
21.0000 46.0000 3.0000 2.0000 1.0000 0.0000 2 -1.0000 0.0000 2.1740 8.0000 -4.0000 -8.0000 12.0000 0.0000 4.0000 0.2500 0.2500 0.2500 0.2500 0.2500 1.2500 1.9023 3.4093 
21.0000 40.0000 3.0000 0.0000 0.0000 1.6300 2 -1.0000 1.0000 2.5050 -10.0000 -2.0000 6.0000 -6.0000 10.0000 2.0000 0.2610 0.2162 0.2509 0.1825 0.3397 1.2504 1.7569 3.2594 
21.0000 63.0000 3.0000 4.0000 1.0000 4.8900 2 -1.0000 1.0000 1.7580 2.0000 10.0000 14.0000 -6.0000 6.0000 -2.0000 0.2500 0.2500 0.2500 0.2500 0.2500 1.2500 1.9856 3.4925 
21.0000 35.0000 3.0000 0.0000 1.0000 4.8900 2 -1.0000 1.0000 1.4950 -2.0000 6.0000 10.0000 -10.0000 2.0000 -6.0000 0.2500 0.2500 0.2500 0.2500 0.2500 1.2500 1.8857 3.3759 
21.0000 33.0000 3.0000 0.0000 1.0000 1.6300 8 1.0000 0.0000 2.2560 -6.0000 6.0000 10.0000 -10.0000 2.0000 -2.0000 0.2500 0.2500 0.2500 0.2500 0.2500 1.2500 1.9567 3.4593 
21.0000 39.0000 3.0000 0.0000 0.0000 0.0000 8 1.0000 0.0000 3.7600 -10.0000 2.0000 10.0000 -2.0000 6.0000 -6.0000 0.2766 0.3616 0.1636 0.1998 0.2440 1.2456 1.8105 3.3048 
21.0000 25.0000 3.0000 -2.0000 0.0000 0.0000 8 1.0000 0.0000 3.7200 4.0000 -8.0000 -12.0000 8.0000 -4.0000 0.0000 0.2420 0.1847 0.2890 0.1997 0.3381 1.2536 1.8176 3.3128 
21.0000 12.0000 3.0000 -4.0000 0.0000 1.6300 2 -1.0000 1.0000 1.0140 6.0000 -6.0000 -14.0000 -2.0000 -10.0000 2.0000 0.2982 0.1724 0.2099 0.3852 0.1850 1.2508 1.7765 3.2765 
21.0000 3.0000 3.0000 -4.0000 1.0000 -1.6300 8 1.0000 1.0000 1.4970 6.0000 -6.0000 -14.0000 -2.0000 -10.0000 2.0000 0.2500 0.2500 0.2500 0.2500 0.2500 1.2500 1.9410 3.4427 
21.0000 31.0000 3.0000 0.0000 1.0000 -1.6300 8 1.0000 1.0000 1.1810 10.0000 2.0000 -6.0000 6.0000 -10.0000 -2.0000 0.2500 0.2500 0.2500 0.2500 0.2500 1.2500 1.8245 3.3259 
21.0000 11.0000 3.0000 -4.0000 0.0000 0.0000 8 1.0000 0.0000 1.3460 -6.0000 2.0000 6.0000 -14.0000 -2.0000 -10.0000 0.2761 0.1770 0.2438 0.3562 0.2063 1.2594 1.9429 3.4521 
21.0000 52.0000 3.0000 2.0000 0.0000 -1.6300 8 1.0000 1.0000 1.4060 12.0000 4.0000 -4.0000 8.0000 -8.0000 0.0000 0.1595 0.2439 0.2940 0.2188 0.3317 1.2478 1.8116 3.3071 
21.0000 43.0000 3.0000 2.0000 1.0000 -4.8900 8 1.0000 1.0000 1.3010 -8.0000 4.0000 8.0000 0.0000 12.0000 -4.0000 0.2500 0.2500 0.2500 0.2500 0.2500 1.2500 1.9076 3.4092 
21.0000 45.0000 3.0000 2.0000 1.0000 -1.6300 8 1.0000 1.0000 1.8040 -8.0000 0.0000 8.0000 -4.0000 12.0000 4.0000 0.2500 0.2500 0.2500 0.2500 0.2500 1.2500 1.7567 3.2591 
21.0000 38.0000 3.0000 0.0000 0.0000 -1.6300 8 1.0000 1.0000 1.8060 -2.0000 6.0000 10.0000 -10.0000 2.0000 -6.0000 0.2394 0.3460 0.2557 0.1858 0.2223 1.2492 1.9550 3.4586 
21.0000 30.0000 3.0000 0.0000 1.0000 -3.2600 8 1.0000 1.0000 2.0860 -2.0000 6.0000 10.0000 -10.0000 2.0000 -6.0000 0.2500 0.2500 0.2500 0.2500 0.2500 1.2500 1.8477 3.3425 
21.0000 28.0000 3.0000 -2.0000 0.0000 4.8900 2 -1.0000 1.0000 1.1100 -4.0000 4.0000 8.0000 -12.0000 0.0000 -8.0000 0.1550 0.3659 0.1977 0.3549 0.1797 1.2532 1.7630 3.2623 
21.0000 16.0000 3.0000 -2.0000 1.0000 -3.2600 8 1.0000 1.0000 2.0110 -8.0000 0.0000 4.0000 -4.0000 8.0000 -12.0000 0.2500 0.2500 0.2500 0.2500 0.2500 1.2500 1.8108 3.3092 
21.0000 5.0000 3.0000 -4.0000 1.0000 1.6300 2 -1.0000 1.0000 1.6710 -10.0000 -2.0000 2.0000 -6.0000 6.0000 -14.0000 0.2500 0.2500 0.2500 0.2500 0.2500 1.2500 1.9065 3.4091 
21.0000 54.0000 3.0000 2.0000 0.0000 1.6300 2 -1.0000 1.0000 1.4460 0.0000 8.0000 12.0000 -8.0000 4.0000 -4.0000 0.3059 0.2084 0.2493 0.1550 0.3352 1.2538 1.9565 3.4630 
21.0000 64.0000 3.0000 4.0000 0.0000 -4.8900 8 1.0000 1.0000 1.0720 2.0000 10.0000 14.0000 -6.0000 6.0000 -2.0000 0.2660 0.2310 0.1536 0.2707 0.3322 1.2535 1.7519 3.2627 
21.0000 49.0000 3.0000 2.0000 1.0000 4.8900 8 1.0000 0.0000 2.1380 -4.0000 8.0000 12.0000 -8.0000 4.0000 0.0000 0.2500 0.2500 0.2500 0.2500 0.2500 1.2500 1.9564 3.4592 
21.0000 56.0000 3.0000 2.0000 0.0000 4.8900 8 1.0000 0.0000 1.0650 8.0000 0.0000 -4.0000 4.0000 -8.0000 12.0000 0.3413 0.1904 0.2883 0.1888 0.2379 1.2467 1.9276 3.4226 
21.0000 1.0000 3.0000 -4.0000 1.0000 -4.8900 8 1.0000 1.0000 2.6770 6.0000 -2.0000 -10.0000 2.0000 -14.0000 -6.0000 0.2500 0.2500 0.2500 0.2500 0.2500 1.2500 1.8822 3.3760 
21.0000 20.0000 3.0000 -2.0000 1.0000 3.2600 2 -1.0000 1.0000 1.7790 4.0000 -4.0000 -12.0000 0.0000 -8.0000 8.0000 0.2500 0.2500 0.2500 0.2500 0.2500 1.2500 1.8216 3.3259 
21.0000 9.0000 3.0000 -4.0000 0.0000 -3.2600 8 1.0000 1.0000 2.3180 2.0000 -6.0000 -10.0000 -2.0000 -14.0000 6.0000 0.1801 0.2273 0.2664 0.1854 0.3839 1.2432 1.8242 3.3189 
21.0000 24.0000 3.0000 -2.0000 0.0000 -1.6300 8 1.0000 1.0000 2.8800 4.0000 -8.0000 -12.0000 8.0000 -4.0000 0.0000 0.3322 0.2023 0.2304 0.3041 0.1752 1.2442 1.8895 3.3700 
21.0000 67.0000 3.0000 4.0000 0.0000 0.0000 2 -1.0000 0.0000 1.6320 14.0000 2.0000 -2.0000 6.0000 -6.0000 10.0000 0.3209 0.1684 0.2739 0.2281 0.2639 1.2552 1.8000 3.2977 
21.0000 7.0000 3.0000 -4.0000 1.0000 4.8900 2 -1.0000 1.0000 1.2630 2.0000 -10.0000 -14.0000 6.0000 -6.0000 -2.0000 0.2500 0.2500 0.2500 0.2500 0.2500 1.2500 1.9927 3.4925 
21.0000 53.0000 3.0000 2.0000 0.0000 0.0000 2 -1.0000 0.0000 1.9660 8.0000 0.0000 -8.0000 4.0000 -4.0000 12.0000 0.2497 0.2882 0.1896 0.3516 0.1677 1.2469 1.8446 3.3394 
21.0000 18.0000 3.0000 -2.0000 1.0000 0.0000 2 -1.0000 0.0000 1.5330 -12.0000 -4.0000 8.0000 -8.0000 4.0000 0.0000 0.2500 0.2500 0.2500 0.2500 0.2500 1.2500 1.8664 3.3759 
21.0000 58.0000 3.0000 4.0000 1.0000 -3.2600 8 1.0000 1.0000 1.9720 14.0000 6.0000 -2.0000 10.0000 -6.0000 2.0000 0.2500 0.2500 0.2500 0.2500 0.2500 1.2500 1.9440 3.4426 
21.0000 7.0000 4.0000 -4.0000 1.0000 4.8900 2 -1.0000 1.0000 1.5050 -10.0000 -2.0000 6.0000 -6.0000 2.0000 -14.0000 0.2500 0.2500 0.2500 0.2500 0.2500 1.2500 1.9291 3.4259 
21.0000 64.0000 4.0000 4.0000 0.0000 -4.8900 8 1.0000 1.0000 1.9530 10.0000 2.0000 -6.0000 6.0000 -2.0000 14.0000 0.1898 0.2445 0.3136 0.2832 0.2163 1.2473 1.9620 3.4565 
21.0000 9.0000 4.0000 -4.0000 0.0000 -3.2600 8 1.0000 1.0000 1.4300 2.0000 -6.0000 -10.0000 -2.0000 -14.0000 6.0000 0.2864 0.3243 0.2150 0.2718 0.1561 1.2536 1.8291 3.3296 
21.0000 55.0000 4.0000 2.0000 0.0000 3.2600 2 -1.0000 1.0000 1.8330 12.0000 0.0000 -8.0000 4.0000 -4.0000 8.0000 0.1784 0.2560 0.3921 0.1707 0.2608 1.2581 1.8740 3.3840 
21.0000 48.0000 4.0000 2.0000 1.0000 3.2600 8 1.0000 0.0000 2.3730 0.0000 8.0000 12.0000 -8.0000 4.0000 -4.0000 0.2500 0.2500 0.2500 0.2500 0.2500 1.2500 1.7887 3.2758 
21.0000 26.0000 4.0000 -2.0000 0.0000 1.6300 2 -1.0000 1.0000 1.8040 -4.0000 4.0000 8.0000 -12.0000 0.0000 -8.0000 0.2904 0.1575 0.2329 0.3219 0.2518 1.2545 1.8948 3.3970 
21.0000 1.0000 4.0000 -4.0000 1.0000 -4.8900 8 1.0000 1.0000 1.2020 -14.0000 -6.0000 6.0000 -10.0000 2.0000 -2.0000 0.2500 0.2500 0.2500 0.2500 0.2500 1.2500 1.8453 3.3592 
21.0000 28.0000 4.0000 -2.0000 0.0000 4.8900 2 -1.0000 1.0000 1.0900 0.0000 -8.0000 -12.0000 8.0000 -4.0000 4.0000 0.3317 0.2297 0.3026 0.2197 0.1641 1.2478 1.7958 3.3069 
21.0000 20.0000 4.0000 -2.0000 1.0000 3.2600 2 -1.0000 1.0000 1.3300 0.0000 -8.0000 -12.0000 8.0000 -4.0000 4.0000 0.2500 0.2500 0.2500 0.2500 0.2500 1.2500 1.9442 3.4425 
21.0000 51.0000 4.0000 2.0000 0.0000 -3.2600 8 1.0000 1.0000 1.3390 12.0000 4.0000 -8.0000 8.0000 -4.0000 0.0000 0.3474 0.2333 0.1772 0.3194 0.1632 1.2404 1.9226 3.4163 
21.0000 25.0000 4.0000 -2.0000 0.0000 0.0000 2 -1.0000 0.0000 1.3000 4.0000 -4.0000 -12.0000 0.0000 -8.0000 8.0000 0.1794 0.2778 0.1972 0.3366 0.2585 1.2495 1.8524 3.3588 
21.0000 59.0000 4.0000 4.0000 1.0000 -1.6300 2 -1.0000 0.0000 1.9460 14.0000 2.0000 -6.0000 6.0000 -2.0000 10.0000 0.2500 0.2500 0.2500 0.2500 0.2500 1.2500 1.8135 3.3093 
21.0000 63.0000 4.0000 4.0000 1.0000 4.8900 2 -1.0000 1.0000 2.7100 -6.0000 6.0000 10.0000 2.0000 14.0000 -2.0000 0.2500 0.2500 0.2500 0.2500 0.2500 1.2500 1.7637 3.2591 
21.0000 66.0000 4.0000 4.0000 0.0000 -1.6300 8 1.0000 1.0000 2.0030 -6.0000 6.0000 14.0000 2.0000 10.0000 -2.0000 0.2500 0.3079 0.2043 0.3049 0.1919 1.2591 1.8213 3.3351 
21.0000 23.0000 4.0000 -2.0000 0.0000 -3.2600 8 1.0000 1.0000 1.3010 -8.0000 0.0000 4.0000 -4.0000 8.0000 -12.0000 0.1749 0.2259 0.3102 0.2123 0.3253 1.2487 1.7967 3.2912 
21.0000 2.0000 4.0000 -4.0000 1.0000 -3.2600 8 1.0000 1.0000 1.6840 -14.0000 -6.0000 2.0000 -10.0000 6.0000 -2.0000 0.2500 0.2500 0.2500 0.2500 0.2500 1.2500 1.7937 3.2925 
21.0000 33.0000 4.0000 0.0000 1.0000 1.6300 2 -1.0000 1.0000 2.8210 6.0000 -6.0000 -10.0000 10.0000 -2.0000 2.0000 0.2500 0.2500 0.2500 0.2500 0.2500 1.2500 1.9525 3.4426 
21.0000 38.0000 4.0000 0.0000 0.0000 -1.6300 8 1.0000 1.0000 1.4510 -6.0000 2.0000 10.0000 -2.0000 6.0000 -10.0000 0.3364 0.2481 0.3047 0.2054 0.1598 1.2544 1.8221 3.3303 
21.0000 12.0000 4.0000 -4.0000 0.0000 1.6300 2 -1.0000 1.0000 1.4290 -14.0000 -6.0000 2.0000 -10.0000 6.0000 -2.0000 0.3095 0.1831 0.2314 0.2992 0.2176 1.2408 1.9284 3.4333 
21.0000 5.0000 4.0000 -4.0000 1.0000 1.6300 2 -1.0000 1.0000 1.3840 -14.0000 -6.0000 2.0000 -10.0000 6.0000 -2.0000 0.2500 0.2500 0.2500 0.2500 0.2500 1.2500 1.9358 3.4426 
21.0000 70.0000 4.0000 4.0000 0.0000 4.8900 2 -1.0000 1.0000 1.6680 6.0000 -2.0000 -6.0000 14.0000 2.0000 10.0000 0.3417 0.2483 0.2887 0.1595 0.2166 1.2549 1.7516 3.2640 
21.0000 37.0000 4.0000 0.0000 0.0000 -3.2600 8 1.0000 1.0000 1.8210 10.0000 -2.0000 -6.0000 2.0000 -10.0000 6.0000 0.3735 0.2210 0.2648 0.1788 0.2094 1.2476 1.9465 3.4401 
21.0000 52.0000 4.0000 2.0000 0.0000 -1.6300 8 1.0000 1.0000 1.6050 12.0000 4.0000 -4.0000 8.0000 -8.0000 0.0000 0.3014 0.2008 0.3716 0.2069 0.1753 1.2560 1.8097 3.3152 
21.0000 27.0000 4.0000 -2.0000 0.0000 3.2600 2 -1.0000 1.0000 1.1620 -12.0000 0.0000 8.0000 -4.0000 4.0000 -8.0000 0.2107 0.2778 0.3960 0.2043 0.1519 1.2407 1.9430 3.4333 
21.0000 41.0000 4.0000 0.0000 0.0000 3.2600 2 -1.0000 1.0000 2.2390 -6.0000 2.0000 6.0000 -2.0000 10.0000 -10.0000 0.1729 0.3079 0.2354 0.3558 0.1866 1.2586 1.7666 3.2678 
21.0000 22.0000 4.0000 -2.0000 0.0000 -4.8900 8 1.0000 1.0000 2.2140 -12.0000 -4.0000 4.0000 -8.0000 8.0000 0.0000 0.3493 0.1854 0.2247 0.3087 0.1803 1.2485 1.8361 3.3244 
21.0000 21.0000 4.0000 -2.0000 1.0000 4.8900 2 -1.0000 1.0000 1.2130 -8.0000 0.0000 4.0000 -4.0000 8.0000 -12.0000 0.2500 0.2500 0.2500 0.2500 0.2500 1.2500 1.8703 3.3592 
21.0000 13.0000 4.0000 -4.0000 0.0000 3.2600 2 -1.0000 1.0000 1.1590 -14.0000 -2.0000 2.0000 -6.0000 6.0000 -10.0000 0.1948 0.3573 0.3194 0.2216 0.1658 1.2590 1.9949 3.5183 
21.0000 44.0000 4.0000 2.0000 1.0000 -3.2600 8 1.0000 1.0000 1.2980 12.0000 0.0000 -4.0000 4.0000 -8.0000 8.0000 0.2500 0.2500 0.2500 0.2500 0.2500 1.2500 1.9610 3.4758 
21.0000 16.0000 4.0000 -2.0000 1.0000 -3.2600 8 1.0000 1.0000 1.2810 -12.0000 -4.0000 4.0000 -8.0000 8.0000 0.0000 0.2500 0.2500 0.2500 0.2500 0.2500 1.2500 1.8166 3.3260 
21.0000 24.0000 4.0000 -2.0000 0.0000 -1.6300 8 1.0000 1.0000 1.0940 -8.0000 0.0000 4.0000 -4.0000 8.0000 -12.0000 0.2140 0.1591 0.3690 0.3340 0.1698 1.2458 1.8055 3.3050 
21.0000 56.0000 4.0000 2.0000 0.0000 4.8900 2 -1.0000 1.0000 1.2700 -8.0000 0.0000 8.0000 -4.0000 12.0000 4.0000 0.2084 0.3883 0.1620 0.2039 0.2883 1.2508 1.9721 3.4769 
21.0000 39.0000 4.0000 0.0000 0.0000 0.0000 8 1.0000 0.0000 1.8260 6.0000 -2.0000 -10.0000 2.0000 -6.0000 10.0000 0.3402 0.2585 0.2013 0.2658 0.1857 1.2515 1.8519 3.3606 
21.0000 40.0000 4.0000 0.0000 0.0000 1.6300 2 -1.0000 1.0000 1.1400 2.0000 -6.0000 -10.0000 10.0000 -2.0000 6.0000 0.3025 0.1932 0.2260 0.2907 0.2413 1.2536 1.7953 3.2962 
21.0000 50.0000 4.0000 2.0000 0.0000 -4.8900 8 1.0000 1.0000 2.4740 -8.0000 4.0000 12.0000 0.0000 8.0000 -4.0000 0.1709 0.3001 0.1711 0.2740 0.3405 1.2566 1.9513 3.4493 
21.0000 60.0000 4.0000 4.0000 1.0000 0.0000 2 -1.0000 0.0000 3.5280 2.0000 10.0000 14.0000 -6.0000 6.0000 -2.0000 0.2500 0.2500 0.2500 0.2500 0.2500 1.2500 1.8164 3.3092 
21.0000 32.0000 4.0000 0.0000 1.0000 0.0000 8 1.0000 0.0000 1.7150 -6.0000 2.0000 6.0000 -2.0000 10.0000 -10.0000 0.2500 0.2500 0.2500 0.2500 0.2500 1.2500 1.8292 3.3257 
21.0000 35.0000 4.0000 0.0000 1.0000 4.8900 2 -1.0000 1.0000 1.1490 -10.0000 -2.0000 10.0000 -6.0000 6.0000 2.0000 0.2500 0.2500 0.2500 0.2500 0.2500 1.2500 1.9142 3.4093 
21.0000 68.0000 4.0000 4.0000 0.0000 1.6300 2 -1.0000 1.0000 2.8090 -6.0000 2.0000 14.0000 -2.0000 10.0000 6.0000 0.2028 0.3271 0.1637 0.2255 0.3218 1.2409 1.8349 3.3334 
21.0000 30.0000 4.0000 0.0000 1.0000 -3.2600 2 -1.0000 0.0000 2.5770 10.0000 -2.0000 -10.0000 2.0000 -6.0000 6.0000 0.2500 0.2500 0.2500 0.2500 0.2500 1.2500 1.7913 3.2925 
21.0000 58.0000 4.0000 4.0000 1.0000 -3.2600 8 1.0000 1.0000 1.7290 14.0000 2.0000 -6.0000 6.0000 -2.0000 10.0000 0.2500 0.2500 0.2500 0.2500 0.2500 1.2500 1.8009 3.3091 
21.0000 15.0000 4.0000 -2.0000 1.0000 -4.8900 8 1.0000 1.0000 1.1410 -8.0000 4.0000 8.0000 -12.0000 0.0000 -4.0000 0.2500 0.2500 0.2500 0.2500 0.2500 1.2500 1.8546 3.3591 
21.0000 31.0000 4.0000 0.0000 1.0000 -1.6300 8 1.0000 1.0000 1.0490 10.0000 2.0000 -10.0000 6.0000 -6.0000 -2.0000 0.2500 0.2500 0.2500 0.2500 0.2500 1.2500 1.9755 3.4760 
21.0000 49.0000 4.0000 2.0000 1.0000 4.8900 2 -1.0000 1.0000 1.4750 -8.0000 0.0000 8.0000 -4.0000 12.0000 4.0000 0.2500 0.2500 0.2500 0.2500 0.2500 1.2500 1.9505 3.4426 
21.0000 8.0000 4.0000 -4.0000 0.0000 -4.8900 8 1.0000 1.0000 1.3480 -2.0000 -10.0000 -14.0000 6.0000 -6.0000 2.0000 0.2145 0.2428 0.3322 0.2136 0.2485 1.2517 1.9413 3.4443 
21.0000 18.0000 4.0000 -2.0000 1.0000 0.0000 2 -1.0000 0.0000 1.2990 -8.0000 0.0000 8.0000 -4.0000 4.0000 -12.0000 0.2500 0.2500 0.2500 0.2500 0.2500 1.2500 1.9597 3.4594 
21.0000 3.0000 4.0000 -4.0000 1.0000 -1.6300 8 1.0000 1.0000 1.9370 -10.0000 -2.0000 2.0000 -6.0000 6.0000 -14.0000 0.2500 0.2500 0.2500 0.2500 0.2500 1.2500 1.8170 3.3092 
21.0000 36.0000 4.0000 0.0000 0.0000 -4.8900 8 1.0000 1.0000 2.2780 10.0000 -2.0000 -10.0000 2.0000 -6.0000 6.0000 0.1903 0.2842 0.3873 0.2322 0.1579 1.2520 1.7904 3.2779 
21.0000 42.0000 4.0000 0.0000 0.0000 4.8900 8 1.0000 0.0000 2.1920 -6.0000 6.0000 10.0000 -10.0000 2.0000 -2.0000 0.1765 0.2059 0.2681 0.2238 0.3659 1.2401 1.8871 3.3827 
21.0000 65.0000 4.0000 4.0000 0.0000 -3.2600 8 1.0000 1.0000 1.8900 14.0000 2.0000 -2.0000 6.0000 -6.0000 10.0000 0.2457 0.3657 0.1574 0.3281 0.1628 1.2596 1.9791 3.5023 
21.0000 67.0000 4.0000 4.0000 0.0000 0.0000 2 -1.0000 0.0000 1.5510 6.0000 -2.0000 -6.0000 14.0000 2.0000 10.0000 0.2786 0.1907 0.2627 0.3433 0.1724 1.2477 1.9969 3.5071 
21.0000 6.0000 4.0000 -4.0000 1.0000 3.2600 2 -1.0000 1.0000 1.0750 -14.0000 -6.0000 2.0000 -10.0000 6.0000 -2.0000 0.2500 0.2500 0.2500 0.2500 0.2500 1.2500 1.8120 3.3093 
21.0000 17.0000 4.0000 -2.0000 1.0000 -1.6300 2 -1.0000 0.0000 1.9610 -8.0000 4.0000 8.0000 -12.0000 0.0000 -4.0000 0.2500 0.2500 0.2500 0.2500 0.2500 1.2500 1.8064 3.3092 
21.0000 10.0000 4.0000 -4.0000 0.0000 -1.6300 8 1.0000 1.0000 1.0610 6.0000 -2.0000 -14.0000 2.0000 -10.0000 -6.0000 0.2886 0.2134 0.1592 0.3860 0.2081 1.2553 1.9516 3.4647 
21.0000 54.0000 4.0000 2.0000 0.0000 1.6300 8 1.0000 0.0000 2.1130 8.0000 -4.0000 -8.0000 12.0000 0.0000 4.0000 0.2991 0.2021 0.1526 0.3658 0.2333 1.2529 1.8989 3.3956 
21.0000 29.0000 4.0000 0.0000 1.0000 -4.8900 8 1.0000 1.0000 1.0870 10.0000 -2.0000 -10.0000 2.0000 -6.0000 6.0000 0.2500 0.2500 0.2500 0.2500 0.2500 1.2500 1.9641 3.4593 
21.0000 14.0000 4.0000 -4.0000 0.0000 4.8900 2 -1.0000 1.0000 1.2050 6.0000 -6.0000 -10.0000 -2.0000 -14.0000 2.0000 0.1617 0.2887 0.1808 0.2799 0.3466 1.2577 1.8306 3.3336 
21.0000 47.0000 4.0000 2.0000 1.0000 1.6300 2 -1.0000 1.0000 1.8040 8.0000 -4.0000 -8.0000 12.0000 0.0000 4.0000 0.2500 0.2500 0.2500 0.2500 0.2500 1.2500 1.9137 3.4092 
21.0000 57.0000 4.0000 4.0000 1.0000 -4.8900 8 1.0000 1.0000 1.0640 14.0000 2.0000 -6.0000 6.0000 -2.0000 10.0000 0.2500 0.2500 0.2500 0.2500 0.2500 1.2500 1.9133 3.4091 
21.0000 11.0000 4.0000 -4.0000 0.0000 0.0000 2 -1.0000 0.0000 0.9330 -14.0000 -6.0000 2.0000 -10.0000 6.0000 -2.0000 0.1602 0.2675 0.3061 0.2105 0.3096 1.2540 1.8883 3.3966 
21.0000 61.0000 4.0000 4.0000 1.0000 1.6300 2 -1.0000 1.0000 1.4320 14.0000 2.0000 -6.0000 6.0000 -2.0000 10.0000 0.2500 0.2500 0.2500 0.2500 0.2500 1.2500 1.7639 3.2758 
21.0000 46.0000 4.0000 2.0000 1.0000 0.0000 8 1.0000 0.0000 1.3660 12.0000 0.0000 -4.0000 4.0000 -8.0000 8.0000 0.2500 0.2500 0.2500 0.2500 0.2500 1.2500 1.8580 3.3592 
21.0000 19.0000 4.0000 -2.0000 1.0000 1.6300 8 1.0000 0.0000 2.2450 4.0000 -4.0000 -8.0000 0.0000 -12.0000 8.0000 0.2500 0.2500 0.2500 0.2500 0.2500 1.2500 1.9301 3.4258 
21.0000 69.0000 4.0000 4.0000 0.0000 3.2600 2 -1.0000 1.0000 1.5820 -2.0000 6.0000 10.0000 2.0000 14.0000 -6.0000 0.1628 0.2563 0.2948 0.3530 0.1783 1.2451 1.7757 3.2711 
21.0000 62.0000 4.0000 4.0000 1.0000 3.2600 2 -1.0000 1.0000 2.7260 -6.0000 2.0000 10.0000 -2.0000 14.0000 6.0000 0.2500 0.2500 0.2500 0.2500 0.2500 1.2500 1.8381 3.3425 
21.0000 45.0000 4.0000 2.0000 1.0000 -1.6300 8 1.0000 1.0000 3.4040 -4.0000 4.0000 8.0000 0.0000 12.0000 -8.0000 0.2500 0.2500 0.2500 0.2500 0.2500 1.2500 1.8166 3.3092 
21.0000 4.0000 4.0000 -4.0000 1.0000 0.0000 2 -1.0000 0.0000 1.3520 -6.0000 2.0000 6.0000 -14.0000 -2.0000 -10.0000 0.2500 0.2500 0.2500 0.2500 0.2500 1.2500 1.8769 3.3759 
21.0000 34.0000 4.0000 0.0000 1.0000 3.2600 2 -1.0000 1.0000 0.9180 -6.0000 2.0000 10.0000 -2.0000 6.0000 -10.0000 0.2500 0.2500 0.2500 0.2500 0.2500 1.2500 1.9810 3.4760 
21.0000 53.0000 4.0000 2.0000 0.0000 0.0000 8 1.0000 0.0000 1.5670 12.0000 4.0000 -4.0000 8.0000 -8.0000 0.0000 0.2347 0.2738 0.2424 0.3092 0.1878 1.2480 1.8868 3.3740 
21.0000 43.0000 4.0000 2.0000 1.0000 -4.8900 8 1.0000 1.0000 1.3080 -8.0000 0.0000 12.0000 -4.0000 8.0000 4.0000 0.2500 0.2500 0.2500 0.2500 0.2500 1.2500 1.7894 3.2758 
21.0000 57.0000 5.0000 4.0000 1.0000 -4.8900 8 1.0000 1.0000 1.6400 2.0000 10.0000 14.0000 -6.0000 6.0000 -2.0000 0.2500 0.2500 0.2500 0.2500 0.2500 1.2500 1.8276 3.3258 
21.0000 48.0000 5.0000 2.0000 1.0000 3.2600 2 -1.0000 1.0000 1.2260 4.0000 -4.0000 -8.0000 12.0000 0.0000 8.0000 0.2500 0.2500 0.2500 0.2500 0.2500 1.2500 1.7612 3.2591 
21.0000 46.0000 5.0000 2.0000 1.0000 0.0000 8 1.0000 0.0000 1.2910 12.0000 0.0000 -8.0000 4.0000 -4.0000 8.0000 0.2500 0.2500 0.2500 0.2500 0.2500 1.2500 1.8236 3.3258 
21.0000 1.0000 5.0000 -4.0000 1.0000 -4.8900 8 1.0000 1.0000 1.2310 -14.0000 -6.0000 6.0000 -10.0000 2.0000 -2.0000 0.2500 0.2500 0.2500 0.2500 0.2500 1.2500 1.8291 3.3257 
21.0000 69.0000 5.0000 4.0000 0.0000 3.2600 8 1.0000 0.0000 1.9770 14.0000 2.0000 -6.0000 6.0000 -2.0000 10.0000 0.2452 0.3313 0.2140 0.1759 0.2931 1.2596 1.8122 3.3187 
21.0000 61.0000 5.0000 4.0000 1.0000 1.6300 2 -1.0000 1.0000 1.8250 -2.0000 6.0000 14.0000 2.0000 10.0000 -6.0000 0.2500 0.2500 0.2500 0.2500 0.2500 1.2500 1.8299 3.3425 
21.0000 29.0000 5.0000 0.0000 1.0000 -4.8900 8 1.0000 1.0000 1.0880 -6.0000 6.0000 10.0000 -10.0000 2.0000 -2.0000 0.2500 0.2500 0.2500 0.2500 0.2500 1.2500 1.9901 3.4925 
21.0000 70.0000 5.0000 4.0000 0.0000 4.8900 2 -1.0000 1.0000 2.3500 -6.0000 6.0000 14.0000 2.0000 10.0000 -2.0000 0.2497 0.1853 0.3882 0.2428 0.1772 1.2433 1.8168 3.3191 
21.0000 4.0000 5.0000 -4.0000 1.0000 0.0000 2 -1.0000 0.0000 3.4420 -14.0000 -6.0000 2.0000 -10.0000 6.0000 -2.0000 0.2500 0.2500 0.2500 0.2500 0.2500 1.2500 1.9928 3.4925 
21.0000 55.0000 5.0000 2.0000 0.0000 3.2600 2 -1.0000 1.0000 1.5810 -4.0000 4.0000 12.0000 0.0000 8.0000 -8.0000 0.2138 0.2863 0.3138 0.1583 0.2837 1.2559 1.8920 3.3985 
21.0000 8.0000 5.0000 -4.0000 0.0000 -4.8900 8 1.0000 1.0000 1.1870 6.0000 -2.0000 -10.0000 2.0000 -14.0000 -6.0000 0.2679 0.3295 0.1632 0.3349 0.1536 1.2493 1.9000 3.3918 
21.0000 53.0000 5.0000 2.0000 0.0000 0.0000 8 1.0000 0.0000 1.9980 12.0000 4.0000 -8.0000 8.0000 -4.0000 0.0000 0.2446 0.1512 0.2223 0.3451 0.2854 1.2486 1.9866 3.4913 
21.0000 50.0000 5.0000 2.0000 0.0000 -4.8900 8 1.0000 1.0000 1.6800 12.0000 4.0000 -4.0000 8.0000 -8.0000 0.0000 0.2587 0.1703 0.3888 0.2413 0.1930 1.2521 1.7872 3.2947 
21.0000 47.0000 5.0000 2.0000 1.0000 1.6300 2 -1.0000 1.0000 1.2150 -4.0000 8.0000 12.0000 -8.0000 4.0000 0.0000 0.2500 0.2500 0.2500 0.2500 0.2500 1.2500 1.8407 3.3425 
21.0000 9.0000 5.0000 -4.0000 0.0000 -3.2600 8 1.0000 1.0000 1.1330 2.0000 -10.0000 -14.0000 6.0000 -6.0000 -2.0000 0.2412 0.3436 0.2224 0.1963 0.2535 1.2570 1.8661 3.3661 
21.0000 63.0000 5.0000 4.0000 1.0000 4.8900 2 -1.0000 1.0000 2.0260 6.0000 -2.0000 -6.0000 14.0000 2.0000 10.0000 0.2500 0.2500 0.2500 0.2500 0.2500 1.2500 1.9853 3.4759 
21.0000 20.0000 5.0000 -2.0000 1.0000 3.2600 2 -1.0000 1.0000 1.6440 -12.0000 0.0000 4.0000 -4.0000 8.0000 -8.0000 0.2500 0.2500 0.2500 0.2500 0.2500 1.2500 1.9165 3.4259 
21.0000 40.0000 5.0000 0.0000 0.0000 1.6300 8 1.0000 0.0000 1.7280 10.0000 -2.0000 -10.0000 2.0000 -6.0000 6.0000 0.2106 0.2853 0.3140 0.2363 0.2103 1.2564 1.8917 3.3991 
21.0000 26.0000 5.0000 -2.0000 0.0000 1.6300 8 1.0000 0.0000 1.3020 4.0000 -8.0000 -12.0000 8.0000 -4.0000 0.0000 0.1612 0.3469 0.1653 0.3539 0.2159 1.2432 1.7613 3.2523 
21.0000 49.0000 5.0000 2.0000 1.0000 4.8900 2 -1.0000 1.0000 1.8910 -8.0000 0.0000 8.0000 -4.0000 12.0000 4.0000 0.2500 0.2500 0.2500 0.2500 0.2500 1.2500 1.8729 3.3758 
21.0000 28.0000 5.0000 -2.0000 0.0000 4.8900 2 -1.0000 1.0000 1.7860 4.0000 -4.0000 -8.0000 0.0000 -12.0000 8.0000 0.3461 0.2315 0.1689 0.2768 0.2171 1.2404 1.7665 3.2663 
21.0000 59.0000 5.0000 4.0000 1.0000 -1.6300 8 1.0000 1.0000 2.6830 14.0000 6.0000 -6.0000 10.0000 -2.0000 2.0000 0.2500 0.2500 0.2500 0.2500 0.2500 1.2500 1.8039 3.3093 
21.0000 14.0000 5.0000 -4.0000 0.0000 4.8900 2 -1.0000 1.0000 1.2790 2.0000 -6.0000 -10.0000 -2.0000 -14.0000 6.0000 0.1649 0.3746 0.1562 0.3424 0.2063 1.2444 1.8087 3.3037 
21.0000 27.0000 5.0000 -2.0000 0.0000 3.2600 2 -1.0000 1.0000 1.8250 -8.0000 0.0000 8.0000 -4.0000 4.0000 -12.0000 0.2287 0.1956 0.3984 0.2320 0.1988 1.2534 1.7704 3.2626 
21.0000 42.0000 5.0000 0.0000 0.0000 4.8900 2 -1.0000 1.0000 1.6830 -10.0000 2.0000 6.0000 -2.0000 10.0000 -6.0000 0.3325 0.1553 0.2522 0.3019 0.2156 1.2576 1.8345 3.3334 
21.0000 25.0000 5.0000 -2.0000 0.0000 0.0000 2 -1.0000 0.0000 1.7380 4.0000 -8.0000 -12.0000 8.0000 -4.0000 0.0000 0.2682 0.2278 0.3811 0.1528 0.2141 1.2440 1.7866 3.2698 
21.0000 30.0000 5.0000 0.0000 1.0000 -3.2600 8 1.0000 1.0000 1.9980 10.0000 -2.0000 -10.0000 2.0000 -6.0000 6.0000 0.2500 0.2500 0.2500 0.2500 0.2500 1.2500 1.9671 3.4761 
21.0000 44.0000 5.0000 2.0000 1.0000 -3.2600 2 -1.0000 0.0000 2.6040 -8.0000 4.0000 12.0000 0.0000 8.0000 -4.0000 0.2500 0.2500 0.2500 0.2500 0.2500 1.2500 1.8484 3.3592 
21.0000 24.0000 5.0000 -2.0000 0.0000 -1.6300 8 1.0000 1.0000 1.5430 -4.0000 4.0000 8.0000 -12.0000 0.0000 -8.0000 0.1621 0.3635 0.1540 0.3949 0.1745 1.2489 1.7651 3.2748 
21.0000 45.0000 5.0000 2.0000 1.0000 -1.6300 8 1.0000 1.0000 1.2600 12.0000 4.0000 -4.0000 8.0000 -8.0000 0.0000 0.2500 0.2500 0.2500 0.2500 0.2500 1.2500 1.9350 3.4426 
21.0000 32.0000 5.0000 0.0000 1.0000 0.0000 8 1.0000 0.0000 1.9440 10.0000 -2.0000 -6.0000 2.0000 -10.0000 6.0000 0.2500 0.2500 0.2500 0.2500 0.2500 1.2500 1.9170 3.4261 
21.0000 68.0000 5.0000 4.0000 0.0000 1.6300 2 -1.0000 1.0000 1.5690 6.0000 -2.0000 -6.0000 14.0000 2.0000 10.0000 0.2424 0.1997 0.3305 0.2936 0.1846 1.2509 1.8423 3.3433 
21.0000 10.0000 5.0000 -4.0000 0.0000 -1.6300 8 1.0000 1.0000 1.8560 -14.0000 -6.0000 2.0000 -10.0000 6.0000 -2.0000 0.3243 0.1536 0.3093 0.1756 0.2911 1.2539 1.8982 3.3965 
21.0000 22.0000 5.0000 -2.0000 0.0000 -4.8900 8 1.0000 1.0000 1.1970 0.0000 -8.0000 -12.0000 8.0000 -4.0000 4.0000 0.1714 0.3045 0.2045 0.3031 0.2640 1.2475 1.8771 3.3734 
21.0000 65.0000 5.0000 4.0000 0.0000 -3.2600 2 -1.0000 0.0000 3.5360 -2.0000 10.0000 14.0000 -6.0000 6.0000 2.0000 0.3989 0.1731 0.2220 0.3008 0.1550 1.2498 1.9982 3.4923 
21.0000 15.0000 5.0000 -2.0000 1.0000 -4.8900 8 1.0000 1.0000 2.0680 -4.0000 4.0000 8.0000 -12.0000 0.0000 -8.0000 0.2500 0.2500 0.2500 0.2500 0.2500 1.2500 1.8227 3.3091 
21.0000 33.0000 5.0000 0.0000 1.0000 1.6300 2 -1.0000 1.0000 1.6360 -2.0000 6.0000 10.0000 -10.0000 2.0000 -6.0000 0.2500 0.2500 0.2500 0.2500 0.2500 1.2500 1.7628 3.2759 
21.0000 36.0000 5.0000 0.0000 0.0000 -4.8900 8 1.0000 1.0000 1.6660 10.0000 2.0000 -10.0000 6.0000 -6.0000 -2.0000 0.2617 0.1919 0.2285 0.3826 0.1851 1.2499 1.9957 3.5091 
21.0000 56.0000 5.0000 2.0000 0.0000 4.8900 8 1.0000 0.0000 4.4810 0.0000 8.0000 12.0000 -8.0000 4.0000 -4.0000 0.2872 0.2605 0.1842 0.3385 0.1830 1.2535 1.7622 3.2628 
21.0000 37.0000 5.0000 0.0000 0.0000 -3.2600 2 -1.0000 0.0000 1.3540 -6.0000 6.0000 10.0000 -10.0000 2.0000 -2.0000 0.3023 0.3423 0.2223 0.1523 0.2299 1.2491 1.8913 3.3918 
21.0000 66.0000 5.0000 4.0000 0.0000 -1.6300 2 -1.0000 0.0000 1.2710 -6.0000 6.0000 10.0000 2.0000 14.0000 -2.0000 0.2470 0.3171 0.2547 0.1721 0.2630 1.2539 1.9890 3.4964 
21.0000 60.0000 5.0000 4.0000 1.0000 0.0000 2 -1.0000 0.0000 1.0420 -2.0000 6.0000 10.0000 2.0000 14.0000 -6.0000 0.2500 0.2500 0.2500 0.2500 0.2500 1.2500 1.9302 3.4258 
21.0000 11.0000 5.0000 -4.0000 0.0000 0.0000 2 -1.0000 0.0000 0.8790 -10.0000 2.0000 6.0000 -14.0000 -2.0000 -6.0000 0.2265 0.1895 0.3297 0.1638 0.3370 1.2465 1.8769 3.3723 
21.0000 23.0000 5.0000 -2.0000 0.0000 -3.2600 2 -1.0000 0.0000 0.8290 -12.0000 0.0000 8.0000 -4.0000 4.0000 -8.0000 0.2319 0.1985 0.3693 0.2800 0.1701 1.2499 1.8283 3.3258 
21.0000 41.0000 5.0000 0.0000 0.0000 3.2600 2 -1.0000 1.0000 2.8280 10.0000 2.0000 -6.0000 6.0000 -10.0000 -2.0000 0.2028 0.3415 0.1544 0.3202 0.2379 1.2567 1.8429 3.3494 
21.0000 64.0000 5.0000 4.0000 0.0000 -4.8900 8 1.0000 1.0000 3.4390 -6.0000 2.0000 14.0000 -2.0000 10.0000 6.0000 0.1622 0.1878 0.3209 0.2114 0.3601 1.2424 1.7865 3.2682 
21.0000 13.0000 5.0000 -4.0000 0.0000 3.2600 8 1.0000 0.0000 3.2220 6.0000 -2.0000 -14.0000 2.0000 -10.0000 -6.0000 0.3292 0.2400 0.1570 0.2758 0.2443 1.2463 1.7620 3.2722 
21.0000 54.0000 5.0000 2.0000 0.0000 1.6300 2 -1.0000 1.0000 1.2610 -4.0000 4.0000 12.0000 0.0000 8.0000 -8.0000 0.1634 0.3515 0.2295 0.1644 0.3501 1.2589 1.8096 3.3181 
21.0000 62.0000 5.0000 4.0000 1.0000 3.2600 2 -1.0000 1.0000 3.4070 -6.0000 6.0000 14.0000 2.0000 10.0000 -2.0000 0.2500 0.2500 0.2500 0.2500 0.2500 1.2500 1.9421 3.4427 
21.0000 39.0000 5.0000 0.0000 0.0000 0.0000 8 1.0000 0.0000 2.0350 6.0000 -2.0000 -10.0000 2.0000 -6.0000 10.0000 0.1655 0.2656 0.3309 0.1750 0.3050 1.2419 1.9005 3.4010 
21.0000 17.0000 5.0000 -2.0000 1.0000 -1.6300 8 1.0000 1.0000 3.2890 -8.0000 0.0000 8.0000 -4.0000 4.0000 -12.0000 0.2500 0.2500 0.2500 0.2500 0.2500 1.2500 1.8891 3.3926 
21.0000 12.0000 5.0000 -4.0000 0.0000 1.6300 8 1.0000 0.0000 3.3650 -6.0000 2.0000 6.0000 -14.0000 -2.0000 -10.0000 0.2213 0.2878 0.2586 0.1964 0.2838 1.2480 1.8224 3.3239 
21.0000 38.0000 5.0000 0.0000 0.0000 -1.6300 8 1.0000 1.0000 1.3450 10.0000 2.0000 -10.0000 6.0000 -6.0000 -2.0000 0.2170 0.3175 0.1582 0.3864 0.1648 1.2439 1.7935 3.2864 
21.0000 58.0000 5.0000 4.0000 1.0000 -3.2600 8 1.0000 1.0000 2.8280 10.0000 2.0000 -2.0000 6.0000 -6.0000 14.0000 0.2500 0.2500 0.2500 0.2500 0.2500 1.2500 1.9917 3.4926 
21.0000 18.0000 5.0000 -2.0000 1.0000 0.0000 2 -1.0000 0.0000 1.2590 -8.0000 4.0000 8.0000 -12.0000 0.0000 -4.0000 0.2500 0.2500 0.2500 0.2500 0.2500 1.2500 1.8745 3.3758 
21.0000 5.0000 5.0000 -4.0000 1.0000 1.6300 2 -1.0000 1.0000 0.9680 -10.0000 -2.0000 6.0000 -6.0000 2.0000 -14.0000 0.2500 0.2500 0.2500 0.2500 0.2500 1.2500 1.8394 3.3259 
21.0000 7.0000 5.0000 -4.0000 1.0000 4.8900 2 -1.0000 1.0000 1.6780 2.0000 -6.0000 -10.0000 -2.0000 -14.0000 6.0000 0.2500 0.2500 0.2500 0.2500 0.2500 1.2500 1.8783 3.3927 
21.0000 51.0000 5.0000 2.0000 0.0000 -3.2600 2 -1.0000 0.0000 2.2230 4.0000 -4.0000 -8.0000 12.0000 0.0000 8.0000 0.1824 0.2707 0.3671 0.1570 0.2784 1.2556 1.9490 3.4648 
21.0000 21.0000 5.0000 -2.0000 1.0000 4.8900 2 -1.0000 1.0000 1.2500 -8.0000 4.0000 8.0000 -12.0000 0.0000 -4.0000 0.2500 0.2500 0.2500 0.2500 0.2500 1.2500 1.9007 3.4092 
21.0000 43.0000 5.0000 2.0000 1.0000 -4.8900 2 -1.0000 0.0000 1.0280 -4.0000 8.0000 12.0000 -8.0000 4.0000 0.0000 0.2500 0.2500 0.2500 0.2500 0.2500 1.2500 1.9432 3.4424 
21.0000 52.0000 5.0000 2.0000 0.0000 -1.6300 8 1.0000 1.0000 2.1340 4.0000 -4.0000 -8.0000 12.0000 0.0000 8.0000 0.3408 0.2178 0.3273 0.2061 0.1587 1.2508 1.8007 3.3099 
21.0000 2.0000 5.0000 -4.0000 1.0000 -3.2600 8 1.0000 1.0000 1.6800 2.0000 -6.0000 -10.0000 -2.0000 -14.0000 6.0000 0.2500 0.2500 0.2500 0.2500 0.2500 1.2500 1.9853 3.4925 
21.0000 35.0000 5.0000 0.0000 1.0000 4.8900 2 -1.0000 1.0000 1.3030 10.0000 -2.0000 -10.0000 2.0000 -6.0000 6.0000 0.2500 0.2500 0.2500 0.2500 0.2500 1.2500 1.8563 3.3594 
21.0000 3.0000 5.0000 -4.0000 1.0000 -1.6300 8 1.0000 1.0000 1.0700 -10.0000 -2.0000 6.0000 -6.0000 2.0000 -14.0000 0.2500 0.2500 0.2500 0.2500 0.2500 1.2500 1.9077 3.4094 
21.0000 31.0000 5.0000 0.0000 1.0000 -1.6300 2 -1.0000 0.0000 1.5320 -6.0000 2.0000 6.0000 -2.0000 10.0000 -10.0000 0.2500 0.2500 0.2500 0.2500 0.2500 1.2500 1.8866 3.3759 
21.0000 19.0000 5.0000 -2.0000 1.0000 1.6300 2 -1.0000 1.0000 1.2930 8.0000 -4.0000 -12.0000 0.0000 -8.0000 4.0000 0.2500 0.2500 0.2500 0.2500 0.2500 1.2500 1.9023 3.3927 
21.0000 34.0000 5.0000 0.0000 1.0000 3.2600 2 -1.0000 1.0000 1.3660 -6.0000 6.0000 10.0000 -10.0000 2.0000 -2.0000 0.2500 0.2500 0.2500 0.2500 0.2500 1.2500 1.9257 3.4259 
21.0000 67.0000 5.0000 4.0000 0.0000 0.0000 2 -1.0000 0.0000 1.7300 10.0000 2.0000 -2.0000 6.0000 -6.0000 14.0000 0.1562 0.2407 0.3351 0.1765 0.3318 1.2402 1.9701 3.4662 
21.0000 6.0000 5.0000 -4.0000 1.0000 3.2600 2 -1.0000 1.0000 1.5320 -10.0000 -2.0000 2.0000 -6.0000 6.0000 -14.0000 0.2500 0.2500 0.2500 0.2500 0.2500 1.2500 1.8562 3.3592 
21.0000 16.0000 5.0000 -2.0000 1.0000 -3.2600 8 1.0000 1.0000 1.1410 8.0000 -4.0000 -8.0000 0.0000 -12.0000 4.0000 0.2500 0.2500 0.2500 0.2500 0.2500 1.2500 1.8635 3.3758 
21.0000 54.0000 6.0000 2.0000 0.0000 1.6300 2 -1.0000 1.0000 1.3170 -8.0000 0.0000 12.0000 -4.0000 8.0000 4.0000 0.2661 0.1648 0.2297 0.3125 0.2672 1.2403 1.8917 3.3829 
21.0000 25.0000 6.0000 -2.0000 0.0000 0.0000 2 -1.0000 0.0000 1.0840 -8.0000 0.0000 4.0000 -4.0000 8.0000 -12.0000 0.1709 0.2053 0.3747 0.2362 0.2650 1.2522 1.9947 3.4949 
21.0000 27.0000 6.0000 -2.0000 0.0000 3.2600 2 -1.0000 1.0000 0.9800 -12.0000 -4.0000 8.0000 -8.0000 4.0000 0.0000 0.1533 0.3758 0.1770 0.3035 0.2457 1.2553 1.7520 3.2645 
21.0000 45.0000 6.0000 2.0000 1.0000 -1.6300 8 1.0000 1.0000 1.7860 -8.0000 4.0000 12.0000 0.0000 8.0000 -4.0000 0.2500 0.2500 0.2500 0.2500 0.2500 1.2500 1.9216 3.4258 
21.0000 14.0000 6.0000 -4.0000 0.0000 4.8900 8 1.0000 0.0000 1.6530 6.0000 -2.0000 -10.0000 2.0000 -14.0000 -6.0000 0.3238 0.1586 0.3177 0.2446 0.2041 1.2489 1.7828 3.2747 
21.0000 70.0000 6.0000 4.0000 0.0000 4.8900 8 1.0000 0.0000 1.8590 14.0000 2.0000 -6.0000 6.0000 -2.0000 10.0000 0.1761 0.2705 0.1590 0.3045 0.3363 1.2464 1.8522 3.3390 
21.0000 49.0000 6.0000 2.0000 1.0000 4.8900 2 -1.0000 1.0000 1.6040 -4.0000 4.0000 8.0000 0.0000 12.0000 -8.0000 0.2500 0.2500 0.2500 0.2500 0.2500 1.2500 1.7927 3.2925 
21.0000 8.0000 6.0000 -4.0000 0.0000 -4.8900 8 1.0000 1.0000 1.3030 6.0000 -6.0000 -10.0000 -2.0000 -14.0000 2.0000 0.3009 0.2016 0.1534 0.3295 0.2607 1.2461 1.7592 3.2553 
21.0000 51.0000 6.0000 2.0000 0.0000 -3.2600 8 1.0000 1.0000 1.9490 8.0000 -4.0000 -8.0000 12.0000 0.0000 4.0000 0.2176 0.3300 0.2001 0.3090 0.1964 1.2531 1.9773 3.4958 
21.0000 64.0000 6.0000 4.0000 0.0000 -4.8900 8 1.0000 1.0000 1.1500 6.0000 -2.0000 -6.0000 14.0000 2.0000 10.0000 0.2129 0.1834 0.2823 0.2485 0.3147 1.2419 1.8019 3.3011 
21.0000 19.0000 6.0000 -2.0000 1.0000 1.6300 2 -1.0000 1.0000 1.3080 0.0000 -8.0000 -12.0000 8.0000 -4.0000 4.0000 0.2500 0.2500 0.2500 0.2500 0.2500 1.2500 1.9802 3.4926 
21.0000 68.0000 6.0000 4.0000 0.0000 1.6300 8 1.0000 0.0000 3.4640 -6.0000 2.0000 10.0000 -2.0000 14.0000 6.0000 0.3540 0.2026 0.2842 0.2205 0.1831 1.2443 1.8078 3.3035 
21.0000 7.0000 6.0000 -4.0000 1.0000 4.8900 2 -1.0000 1.0000 0.9090 -14.0000 -6.0000 6.0000 -10.0000 2.0000 -2.0000 0.2500 0.2500 0.2500 0.2500 0.2500 1.2500 1.8252 3.3259 
21.0000 52.0000 6.0000 2.0000 0.0000 -1.6300 2 -1.0000 0.0000 0.8130 -8.0000 4.0000 8.0000 0.0000 12.0000 -4.0000 0.3680 0.2018 0.3207 0.2036 0.1603 1.2544 1.9646 3.4636 
21.0000 48.0000 6.0000 2.0000 1.0000 3.2600 2 -1.0000 1.0000 1.8990 8.0000 -4.0000 -8.0000 12.0000 0.0000 4.0000 0.2500 0.2500 0.2500 0.2500 0.2500 1.2500 1.8979 3.3927 
21.0000 50.0000 6.0000 2.0000 0.0000 -4.8900 8 1.0000 1.0000 0.8860 12.0000 4.0000 -8.0000 8.0000 -4.0000 0.0000 0.1647 0.3152 0.1951 0.2740 0.3013 1.2503 1.8498 3.3428 
21.0000 26.0000 6.0000 -2.0000 0.0000 1.6300 2 -1.0000 1.0000 0.8790 4.0000 -4.0000 -8.0000 0.0000 -12.0000 8.0000 0.2070 0.2662 0.3090 0.1977 0.2767 1.2566 1.7835 3.2826 
21.0000 57.0000 6.0000 4.0000 1.0000 -4.8900 8 1.0000 1.0000 3.6350 -6.0000 6.0000 14.0000 2.0000 10.0000 -2.0000 0.2500 0.2500 0.2500 0.2500 0.2500 1.2500 1.8782 3.3759 
21.0000 1.0000 6.0000 -4.0000 1.0000 -4.8900 8 1.0000 1.0000 1.1530 6.0000 -6.0000 -10.0000 -2.0000 -14.0000 2.0000 0.2500 0.2500 0.2500 0.2500 0.2500 1.2500 1.7987 3.3093 
21.0000 11.0000 6.0000 -4.0000 0.0000 0.0000 2 -1.0000 0.0000 1.4360 2.0000 -10.0000 -14.0000 6.0000 -6.0000 -2.0000 0.2310 0.3215 0.2600 0.1749 0.2598 1.2472 1.8187 3.3232 
21.0000 69.0000 6.0000 4.0000 0.0000 3.2600 2 -1.0000 1.0000 1.8810 -2.0000 10.0000 14.0000 -6.0000 6.0000 2.0000 0.1927 0.1635 0.2530 0.3604 0.2887 1.2582 1.8622 3.3842 
21.0000 35.0000 6.0000 0.0000 1.0000 4.8900 2 -1.0000 1.0000 1.9000 -6.0000 6.0000 10.0000 -10.0000 2.0000 -2.0000 0.2500 0.2500 0.2500 0.2500 0.2500 1.2500 1.8905 3.3927 
21.0000 21.0000 6.0000 -2.0000 1.0000 4.8900 2 -1.0000 1.0000 1.0760 -12.0000 -4.0000 4.0000 -8.0000 8.0000 0.0000 0.2500 0.2500 0.2500 0.2500 0.2500 1.2500 1.9722 3.4761 
21.0000 36.0000 6.0000 0.0000 0.0000 -4.8900 8 1.0000 1.0000 1.1700 -10.0000 2.0000 6.0000 -2.0000 10.0000 -6.0000 0.1523 0.3457 0.2086 0.3164 0.2349 1.2578 1.7849 3.3003 
21.0000 3.0000 6.0000 -4.0000 1.0000 -1.6300 8 1.0000 1.0000 1.1220 -2.0000 -10.0000 -14.0000 6.0000 -6.0000 2.0000 0.2500 0.2500 0.2500 0.2500 0.2500 1.2500 1.8773 3.3759 
21.0000 56.0000 6.0000 2.0000 0.0000 4.8900 2 -1.0000 1.0000 1.2340 -8.0000 4.0000 12.0000 0.0000 8.0000 -4.0000 0.2087 0.1656 0.3959 0.2004 0.2811 1.2517 1.7660 3.2608 
21.0000 10.0000 6.0000 -4.0000 0.0000 -1.6300 2 -1.0000 0.0000 1.0130 2.0000 -10.0000 -14.0000 6.0000 -6.0000 -2.0000 0.1570 0.3532 0.1901 0.3781 0.1638 1.2422 1.9013 3.3846 
21.0000 33.0000 6.0000 0.0000 1.0000 1.6300 2 -1.0000 1.0000 0.8120 -10.0000 2.0000 10.0000 -2.0000 6.0000 -6.0000 0.2500 0.2500 0.2500 0.2500 0.2500 1.2500 1.9183 3.4092 
21.0000 37.0000 6.0000 0.0000 0.0000 -3.2600 2 -1.0000 0.0000 1.5860 6.0000 -6.0000 -10.0000 10.0000 -2.0000 2.0000 0.2863 0.2351 0.1872 0.2336 0.3157 1.2579 1.9236 3.4171 
21.0000 15.0000 6.0000 -2.0000 1.0000 -4.8900 8 1.0000 1.0000 1.0800 8.0000 0.0000 -12.0000 4.0000 -8.0000 -4.0000 0.2500 0.2500 0.2500 0.2500 0.2500 1.2500 1.8904 3.3758 
21.0000 59.0000 6.0000 4.0000 1.0000 -1.6300 8 1.0000 1.0000 1.3480 10.0000 2.0000 -2.0000 6.0000 -6.0000 14.0000 0.2500 0.2500 0.2500 0.2500 0.2500 1.2500 1.9100 3.4093 
21.0000 2.0000 6.0000 -4.0000 1.0000 -3.2600 8 1.0000 1.0000 1.9080 -6.0000 2.0000 6.0000 -14.0000 -2.0000 -10.0000 0.2500 0.2500 0.2500 0.2500 0.2500 1.2500 1.8168 3.3259 
21.0000 22.0000 6.0000 -2.0000 0.0000 -4.8900 8 1.0000 1.0000 1.1200 -4.0000 4.0000 8.0000 -12.0000 0.0000 -8.0000 0.3603 0.1662 0.2133 0.2934 0.2250 1.2581 1.8102 3.3173 
21.0000 4.0000 6.0000 -4.0000 1.0000 0.0000 8 1.0000 0.0000 1.2960 -6.0000 2.0000 6.0000 -14.0000 -2.0000 -10.0000 0.2500 0.2500 0.2500 0.2500 0.2500 1.2500 1.9758 3.4759 
21.0000 9.0000 6.0000 -4.0000 0.0000 -3.2600 8 1.0000 1.0000 3.2350 -14.0000 -6.0000 6.0000 -10.0000 2.0000 -2.0000 0.3574 0.1957 0.1510 0.2301 0.3076 1.2418 1.8646 3.3510 
21.0000 43.0000 6.0000 2.0000 1.0000 -4.8900 8 1.0000 1.0000 1.5230 12.0000 0.0000 -4.0000 4.0000 -8.0000 8.0000 0.2500 0.2500 0.2500 0.2500 0.2500 1.2500 1.9845 3.4760 
21.0000 42.0000 6.0000 0.0000 0.0000 4.8900 2 -1.0000 1.0000 1.2710 -6.0000 2.0000 10.0000 -2.0000 6.0000 -10.0000 0.1664 0.3472 0.2567 0.1837 0.2981 1.2521 1.8328 3.3280 
21.0000 63.0000 6.0000 4.0000 1.0000 4.8900 2 -1.0000 1.0000 2.1860 -6.0000 6.0000 10.0000 2.0000 14.0000 -2.0000 0.2500 0.2500 0.2500 0.2500 0.2500 1.2500 1.9075 3.4093 
21.0000 40.0000 6.0000 0.0000 0.0000 1.6300 2 -1.0000 1.0000 1.9740 6.0000 -2.0000 -6.0000 2.0000 -10.0000 10.0000 0.1998 0.3517 0.1600 0.3709 0.1658 1.2481 1.9670 3.4575 
21.0000 20.0000 6.0000 -2.0000 1.0000 3.2600 8 1.0000 0.0000 2.4370 8.0000 -4.0000 -8.0000 0.0000 -12.0000 4.0000 0.2500 0.2500 0.2500 0.2500 0.2500 1.2500 1.8940 3.3925 
21.0000 6.0000 6.0000 -4.0000 1.0000 3.2600 8 1.0000 0.0000 2.2080 -14.0000 -6.0000 6.0000 -10.0000 2.0000 -2.0000 0.2500 0.2500 0.2500 0.2500 0.2500 1.2500 1.8688 3.3759 
21.0000 41.0000 6.0000 0.0000 0.0000 3.2600 2 -1.0000 1.0000 1.9860 -10.0000 2.0000 10.0000 -2.0000 6.0000 -6.0000 0.3366 0.1958 0.3602 0.1989 0.1563 1.2479 1.9647 3.4739 
21.0000 5.0000 6.0000 -4.0000 1.0000 1.6300 8 1.0000 0.0000 2.4120 -6.0000 2.0000 6.0000 -14.0000 -2.0000 -10.0000 0.2500 0.2500 0.2500 0.2500 0.2500 1.2500 1.8524 3.3593 
21.0000 12.0000 6.0000 -4.0000 0.0000 1.6300 2 -1.0000 1.0000 1.8030 -14.0000 -6.0000 2.0000 -10.0000 6.0000 -2.0000 0.1727 0.2212 0.2524 0.3762 0.2251 1.2476 1.8230 3.3234 
21.0000 53.0000 6.0000 2.0000 0.0000 0.0000 8 1.0000 0.0000 2.8180 12.0000 0.0000 -8.0000 4.0000 -4.0000 8.0000 0.2616 0.3217 0.2864 0.1615 0.2274 1.2586 1.8203 3.3345 
21.0000 23.0000 6.0000 -2.0000 0.0000 -3.2600 8 1.0000 1.0000 1.5950 -4.0000 4.0000 8.0000 -12.0000 0.0000 -8.0000 0.2143 0.1634 0.3027 0.2662 0.3045 1.2512 1.8234 3.3271 
21.0000 60.0000 6.0000 4.0000 1.0000 0.0000 2 -1.0000 0.0000 1.6240 -2.0000 10.0000 14.0000 -6.0000 6.0000 2.0000 0.2500 0.2500 0.2500 0.2500 0.2500 1.2500 1.9377 3.4425 
21.0000 58.0000 6.0000 4.0000 1.0000 -3.2600 8 1.0000 1.0000 2.0250 -6.0000 6.0000 14.0000 2.0000 10.0000 -2.0000 0.2500 0.2500 0.2500 0.2500 0.2500 1.2500 1.7562 3.2591 
21.0000 18.0000 6.0000 -2.0000 1.0000 0.0000 8 1.0000 0.0000 2.1570 4.0000 -8.0000 -12.0000 8.0000 -4.0000 0.0000 0.2500 0.2500 0.2500 0.2500 0.2500 1.2500 1.7735 3.2758 
21.0000 28.0000 6.0000 -2.0000 0.0000 4.8900 2 -1.0000 1.0000 1.2640 8.0000 0.0000 -12.0000 4.0000 -8.0000 -4.0000 0.3085 0.1555 0.3471 0.2534 0.1869 1.2514 1.7756 3.2771 
21.0000 66.0000 6.0000 4.0000 0.0000 -1.6300 2 -1.0000 0.0000 1.8300 -6.0000 6.0000 10.0000 2.0000 14.0000 -2.0000 0.3183 0.2808 0.2243 0.1506 0.2794 1.2534 1.8542 3.3628 
21.0000 16.0000 6.0000 -2.0000 1.0000 -3.2600 8 1.0000 1.0000 1.5330 4.0000 -4.0000 -8.0000 0.0000 -12.0000 8.0000 0.2500 0.2500 0.2500 0.2500 0.2500 1.2500 1.8270 3.3258 
21.0000 17.0000 6.0000 -2.0000 1.0000 -1.6300 8 1.0000 1.0000 1.6160 -8.0000 0.0000 4.0000 -4.0000 8.0000 -12.0000 0.2500 0.2500 0.2500 0.2500 0.2500 1.2500 1.8151 3.3258 
21.0000 67.0000 6.0000 4.0000 0.0000 0.0000 2 -1.0000 0.0000 1.4960 -2.0000 10.0000 14.0000 -6.0000 6.0000 2.0000 0.2149 0.2492 0.2801 0.1787 0.3251 1.2479 1.8088 3.3070 
21.0000 55.0000 6.0000 2.0000 0.0000 3.2600 8 1.0000 0.0000 1.0800 -4.0000 4.0000 12.0000 0.0000 8.0000 -8.0000 0.2571 0.1987 0.2626 0.3222 0.2063 1.2468 1.9487 3.4394 
21.0000 44.0000 6.0000 2.0000 1.0000 -3.2600 8 1.0000 1.0000 1.4570 -4.0000 4.0000 8.0000 0.0000 12.0000 -8.0000 0.2500 0.2500 0.2500 0.2500 0.2500 1.2500 1.9265 3.4258 
21.0000 13.0000 6.0000 -4.0000 0.0000 3.2600 2 -1.0000 1.0000 0.9610 -14.0000 -6.0000 2.0000 -10.0000 6.0000 -2.0000 0.1709 0.2054 0.3738 0.3250 0.1788 1.2538 1.8211 3.3297 
21.0000 47.0000 6.0000 2.0000 1.0000 1.6300 2 -1.0000 1.0000 1.7930 -8.0000 4.0000 12.0000 0.0000 8.0000 -4.0000 0.2500 0.2500 0.2500 0.2500 0.2500 1.2500 1.8262 3.3258 
21.0000 32.0000 6.0000 0.0000 1.0000 0.0000 2 -1.0000 0.0000 2.2920 -10.0000 -2.0000 6.0000 -6.0000 10.0000 2.0000 0.2500 0.2500 0.2500 0.2500 0.2500 1.2500 1.7790 3.2759 
21.0000 62.0000 6.0000 4.0000 1.0000 3.2600 2 -1.0000 1.0000 2.0010 -2.0000 6.0000 10.0000 2.0000 14.0000 -6.0000 0.2500 0.2500 0.2500 0.2500 0.2500 1.2500 1.8923 3.3924 
21.0000 39.0000 6.0000 0.0000 0.0000 0.0000 8 1.0000 0.0000 2.6900 -6.0000 2.0000 10.0000 -2.0000 6.0000 -10.0000 0.2178 0.1623 0.3812 0.2311 0.2566 1.2489 1.9928 3.4916 
21.0000 65.0000 6.0000 4.0000 0.0000 -3.2600 8 1.0000 1.0000 2.5880 -2.0000 6.0000 10.0000 2.0000 14.0000 -6.0000 0.1600 0.3165 0.1531 0.3441 0.2734 1.2470 1.8536 3.3563 
21.0000 61.0000 6.0000 4.0000 1.0000 1.6300 8 1.0000 0.0000 1.5340 -2.0000 10.0000 14.0000 -6.0000 6.0000 2.0000 0.2500 0.2500 0.2500 0.2500 0.2500 1.2500 1.9803 3.4925 
21.0000 46.0000 6.0000 2.0000 1.0000 0.0000 8 1.0000 0.0000 1.0980 -4.0000 4.0000 12.0000 0.0000 8.0000 -8.0000 0.2500 0.2500 0.2500 0.2500 0.2500 1.2500 1.8215 3.3258 
21.0000 38.0000 6.0000 0.0000 0.0000 -1.6300 8 1.0000 1.0000 2.7580 6.0000 -2.0000 -6.0000 2.0000 -10.0000 10.0000 0.3047 0.3791 0.2012 0.1631 0.2117 1.2599 1.8176 3.3357 
21.0000 29.0000 6.0000 0.0000 1.0000 -4.8900 8 1.0000 1.0000 2.5180 10.0000 -2.0000 -6.0000 2.0000 -10.0000 6.0000 0.2500 0.2500 0.2500 0.2500 0.2500 1.2500 1.8938 3.3925 
21.0000 34.0000 6.0000 0.0000 1.0000 3.2600 8 1.0000 0.0000 1.4870 10.0000 2.0000 -6.0000 6.0000 -10.0000 -2.0000 0.2500 0.2500 0.2500 0.2500 0.2500 1.2500 1.8487 3.3425 
21.0000 30.0000 6.0000 0.0000 1.0000 -3.2600 8 1.0000 1.0000 1.6710 6.0000 -2.0000 -10.0000 2.0000 -6.0000 10.0000 0.2500 0.2500 0.2500 0.2500 0.2500 1.2500 1.7713 3.2759 
21.0000 24.0000 6.0000 -2.0000 0.0000 -1.6300 8 1.0000 1.0000 2.0570 4.0000 -8.0000 -12.0000 8.0000 -4.0000 0.0000 0.2585 0.3563 0.1590 0.2866 0.1873 1.2476 1.7967 3.2901 
21.0000 31.0000 6.0000 0.0000 1.0000 -1.6300 8 1.0000 1.0000 2.1060 -10.0000 -2.0000 6.0000 -6.0000 10.0000 2.0000 0.2500 0.2500 0.2500 0.2500 0.2500 1.2500 1.9110 3.4092 
