subNo index mean periodicity testLevel pressedKey answer isCorrect rt reversal s1 s2 s3 s4 s5 s6 t1 t2 t3 t4 t5 seqDuration startInterval trialDuration 
24.0000 1.0000 -2.0000 0.0000 -11.0000 NR 0.0000 0.0000 0.0000 0.0000 8.0000 -4.0000 -8.0000 0.0000 -12.0000 4.0000 0.2085 0.3133 0.1759 0.3185 0.2318 1.2479 1.9654 3.4739 
24.0000 2.0000 4.0000 1.0000 11.0000 NR 0.0000 0.0000 0.0000 0.0000 6.0000 -2.0000 -6.0000 14.0000 2.0000 10.0000 0.2500 0.2500 0.2500 0.2500 0.2500 1.2500 1.8198 3.3258 
24.0000 3.0000 -2.0000 1.0000 -11.0000 8 -1.0000 0.0000 3.5460 0.0000 -12.0000 -4.0000 4.0000 -8.0000 8.0000 0.0000 0.2500 0.2500 0.2500 0.2500 0.2500 1.2500 1.8099 3.3093 
24.0000 4.0000 -2.0000 1.0000 -11.0000 NR 0.0000 0.0000 0.0000 0.0000 8.0000 -4.0000 -12.0000 0.0000 -8.0000 4.0000 0.2500 0.2500 0.2500 0.2500 0.2500 1.2500 1.9270 3.4259 
24.0000 5.0000 4.0000 0.0000 -11.0000 8 -1.0000 0.0000 2.4340 0.0000 10.0000 2.0000 -2.0000 6.0000 -6.0000 14.0000 0.2731 0.2300 0.3269 0.1682 0.2470 1.2452 1.8448 3.3377 
24.0000 6.0000 2.0000 0.0000 11.0000 8 -1.0000 1.0000 4.0160 1.0000 -8.0000 4.0000 8.0000 0.0000 12.0000 -4.0000 0.3216 0.2424 0.3073 0.1749 0.2048 1.2511 1.7905 3.2770 
24.0000 7.0000 0.0000 0.0000 10.6700 8 -1.0000 1.0000 2.0350 1.0000 -6.0000 2.0000 6.0000 -2.0000 10.0000 -10.0000 0.3869 0.1994 0.1547 0.2800 0.2254 1.2464 1.9720 3.4723 
24.0000 8.0000 2.0000 1.0000 10.3400 2 1.0000 0.0000 3.7480 1.0000 4.0000 -4.0000 -8.0000 12.0000 0.0000 8.0000 0.2500 0.2500 0.2500 0.2500 0.2500 1.2500 1.9419 3.4426 
24.0000 9.0000 0.0000 0.0000 -10.3400 2 1.0000 1.0000 2.6140 1.0000 -10.0000 2.0000 10.0000 -2.0000 6.0000 -6.0000 0.3000 0.2062 0.3562 0.2229 0.1668 1.2520 1.8161 3.3280 
24.0000 10.0000 -4.0000 1.0000 -10.0100 8 -1.0000 0.0000 2.8150 1.0000 -14.0000 -6.0000 2.0000 -10.0000 6.0000 -2.0000 0.2500 0.2500 0.2500 0.2500 0.2500 1.2500 1.9681 3.4759 
24.0000 11.0000 -4.0000 1.0000 -10.0100 8 -1.0000 0.0000 4.2170 1.0000 6.0000 -6.0000 -10.0000 -2.0000 -14.0000 2.0000 0.2500 0.2500 0.2500 0.2500 0.2500 1.2500 1.7714 3.2759 
24.0000 12.0000 2.0000 1.0000 -10.0100 2 1.0000 1.0000 2.3970 1.0000 12.0000 0.0000 -4.0000 4.0000 -8.0000 8.0000 0.2500 0.2500 0.2500 0.2500 0.2500 1.2500 1.9098 3.4092 
24.0000 13.0000 0.0000 1.0000 10.0100 8 -1.0000 1.0000 2.9040 1.0000 -10.0000 2.0000 10.0000 -2.0000 6.0000 -6.0000 0.2500 0.2500 0.2500 0.2500 0.2500 1.2500 1.9452 3.4427 
24.0000 14.0000 4.0000 0.0000 10.0100 8 -1.0000 1.0000 2.7140 1.0000 -2.0000 6.0000 10.0000 2.0000 14.0000 -6.0000 0.2441 0.1579 0.3666 0.2874 0.1881 1.2441 1.9018 3.3867 
24.0000 15.0000 -2.0000 1.0000 9.6800 8 -1.0000 1.0000 2.5680 1.0000 -12.0000 0.0000 4.0000 -4.0000 8.0000 -8.0000 0.2500 0.2500 0.2500 0.2500 0.2500 1.2500 1.9706 3.4759 
24.0000 16.0000 0.0000 1.0000 9.6800 8 -1.0000 1.0000 3.2970 1.0000 10.0000 2.0000 -6.0000 6.0000 -10.0000 -2.0000 0.2500 0.2500 0.2500 0.2500 0.2500 1.2500 1.8204 3.3259 
24.0000 17.0000 4.0000 1.0000 -9.6800 2 1.0000 1.0000 0.9190 1.0000 -2.0000 6.0000 10.0000 2.0000 14.0000 -6.0000 0.2500 0.2500 0.2500 0.2500 0.2500 1.2500 1.7686 3.2760 
24.0000 18.0000 4.0000 1.0000 -9.6800 2 1.0000 1.0000 3.0510 1.0000 14.0000 2.0000 -6.0000 6.0000 -2.0000 10.0000 0.2500 0.2500 0.2500 0.2500 0.2500 1.2500 1.8711 3.3760 
24.0000 19.0000 -4.0000 1.0000 9.6800 8 -1.0000 1.0000 2.4890 1.0000 -6.0000 2.0000 6.0000 -14.0000 -2.0000 -10.0000 0.2500 0.2500 0.2500 0.2500 0.2500 1.2500 1.7977 3.2925 
24.0000 20.0000 -4.0000 0.0000 9.6800 8 -1.0000 1.0000 1.8240 1.0000 2.0000 -6.0000 -10.0000 -2.0000 -14.0000 6.0000 0.3151 0.2091 0.2482 0.1837 0.2904 1.2464 1.9951 3.4889 
24.0000 21.0000 0.0000 1.0000 9.3500 2 1.0000 0.0000 1.5670 1.0000 -6.0000 2.0000 10.0000 -2.0000 6.0000 -10.0000 0.2500 0.2500 0.2500 0.2500 0.2500 1.2500 1.8756 3.3759 
24.0000 22.0000 -2.0000 1.0000 -9.3500 2 1.0000 1.0000 2.3710 1.0000 -8.0000 4.0000 8.0000 -12.0000 0.0000 -4.0000 0.2500 0.2500 0.2500 0.2500 0.2500 1.2500 1.9310 3.4259 
24.0000 23.0000 -2.0000 1.0000 9.3500 8 -1.0000 1.0000 2.3490 1.0000 0.0000 -8.0000 -12.0000 8.0000 -4.0000 4.0000 0.2500 0.2500 0.2500 0.2500 0.2500 1.2500 1.8199 3.3093 
24.0000 24.0000 4.0000 0.0000 9.3500 8 -1.0000 1.0000 2.2880 1.0000 -2.0000 6.0000 14.0000 2.0000 10.0000 -6.0000 0.3134 0.1735 0.2884 0.1985 0.2767 1.2504 1.8365 3.3262 
24.0000 25.0000 -2.0000 0.0000 -9.0200 2 1.0000 1.0000 3.9120 1.0000 0.0000 -8.0000 -12.0000 8.0000 -4.0000 4.0000 0.2466 0.3045 0.1880 0.2219 0.2923 1.2534 1.9679 3.4792 
24.0000 26.0000 -4.0000 1.0000 8.6900 2 1.0000 0.0000 3.8070 1.0000 -14.0000 -2.0000 6.0000 -6.0000 2.0000 -10.0000 0.2500 0.2500 0.2500 0.2500 0.2500 1.2500 1.8582 3.3593 
24.0000 27.0000 2.0000 1.0000 -8.6900 NR 0.0000 0.0000 0.0000 1.0000 12.0000 4.0000 -8.0000 8.0000 -4.0000 0.0000 0.2500 0.2500 0.2500 0.2500 0.2500 1.2500 1.7934 3.2925 
24.0000 28.0000 4.0000 1.0000 -8.6900 NR 0.0000 0.0000 0.0000 1.0000 -6.0000 2.0000 14.0000 -2.0000 10.0000 6.0000 0.2500 0.2500 0.2500 0.2500 0.2500 1.2500 1.7803 3.2758 
24.0000 29.0000 4.0000 0.0000 -8.6900 2 1.0000 1.0000 3.9250 1.0000 -6.0000 2.0000 10.0000 -2.0000 14.0000 6.0000 0.3204 0.1521 0.3545 0.1841 0.2342 1.2453 1.9188 3.4045 
24.0000 30.0000 -2.0000 1.0000 -8.3600 8 -1.0000 0.0000 1.3790 1.0000 -8.0000 0.0000 8.0000 -4.0000 4.0000 -12.0000 0.2500 0.2500 0.2500 0.2500 0.2500 1.2500 1.9948 3.4925 
24.0000 31.0000 4.0000 1.0000 8.3600 2 1.0000 0.0000 3.5410 1.0000 14.0000 6.0000 -2.0000 10.0000 -6.0000 2.0000 0.2500 0.2500 0.2500 0.2500 0.2500 1.2500 1.9755 3.4760 
24.0000 32.0000 2.0000 1.0000 -8.3600 NR 0.0000 0.0000 0.0000 1.0000 12.0000 0.0000 -8.0000 4.0000 -4.0000 8.0000 0.2500 0.2500 0.2500 0.2500 0.2500 1.2500 1.7981 3.3093 
24.0000 33.0000 0.0000 0.0000 -8.3600 2 1.0000 1.0000 3.8640 1.0000 10.0000 -2.0000 -10.0000 2.0000 -6.0000 6.0000 0.2064 0.1736 0.3217 0.2040 0.3427 1.2485 1.8202 3.3244 
24.0000 34.0000 -4.0000 1.0000 8.0300 NR 0.0000 0.0000 0.0000 1.0000 6.0000 -6.0000 -14.0000 -2.0000 -10.0000 2.0000 0.2500 0.2500 0.2500 0.2500 0.2500 1.2500 1.7869 3.2926 
24.0000 35.0000 4.0000 0.0000 8.0300 NR 0.0000 0.0000 0.0000 2.0000 -6.0000 6.0000 10.0000 2.0000 14.0000 -2.0000 0.2147 0.1638 0.3464 0.1702 0.3505 1.2456 1.9302 3.4215 
24.0000 36.0000 4.0000 0.0000 -9.0200 2 1.0000 1.0000 3.9540 3.0000 -6.0000 2.0000 10.0000 -2.0000 14.0000 6.0000 0.3702 0.1945 0.2201 0.1856 0.2890 1.2593 1.9364 3.4518 
24.0000 37.0000 2.0000 0.0000 8.6900 NR 0.0000 0.0000 0.0000 4.0000 -4.0000 4.0000 12.0000 0.0000 8.0000 -8.0000 0.2219 0.1629 0.1951 0.3012 0.3615 1.2425 1.8558 3.3517 
24.0000 38.0000 -4.0000 1.0000 -9.6800 NR 0.0000 0.0000 0.0000 4.0000 -14.0000 -6.0000 6.0000 -10.0000 2.0000 -2.0000 0.2500 0.2500 0.2500 0.2500 0.2500 1.2500 1.9549 3.4425 
24.0000 39.0000 2.0000 1.0000 9.6800 8 -1.0000 1.0000 2.4130 4.0000 8.0000 0.0000 -8.0000 4.0000 -4.0000 12.0000 0.2500 0.2500 0.2500 0.2500 0.2500 1.2500 1.9554 3.4591 
24.0000 40.0000 2.0000 0.0000 9.6800 8 -1.0000 1.0000 3.5770 5.0000 -4.0000 4.0000 12.0000 0.0000 8.0000 -8.0000 0.2113 0.2882 0.2305 0.3248 0.1871 1.2419 1.9697 3.4679 
24.0000 41.0000 -4.0000 0.0000 -9.3500 8 -1.0000 0.0000 4.3730 6.0000 -2.0000 -10.0000 -14.0000 6.0000 -6.0000 2.0000 0.2528 0.3375 0.1561 0.2165 0.2896 1.2525 1.8644 3.3784 
24.0000 42.0000 0.0000 0.0000 10.3400 2 1.0000 0.0000 3.2520 6.0000 10.0000 -2.0000 -6.0000 2.0000 -10.0000 6.0000 0.2626 0.1589 0.3504 0.1655 0.3044 1.2418 1.9004 3.4011 
24.0000 43.0000 4.0000 1.0000 11.0000 8 -1.0000 1.0000 4.7230 6.0000 -2.0000 10.0000 14.0000 -6.0000 6.0000 2.0000 0.2500 0.2500 0.2500 0.2500 0.2500 1.2500 1.7701 3.2758 
24.0000 44.0000 0.0000 0.0000 11.0000 2 1.0000 0.0000 4.7440 6.0000 -6.0000 2.0000 6.0000 -2.0000 10.0000 -10.0000 0.2636 0.2372 0.2111 0.2515 0.2788 1.2421 1.8104 3.3013 
